100 10
0 1 3.55
0 2 1.58
0 3 7.94
0 4 6.72
0 5 5.50
0 6 6.44
0 7 4.49
0 8 4.29
0 9 9.30
0 10 2.43
0 11 2.08
0 12 1.76
0 13 3.15
0 14 6.19
0 15 3.41
0 16 8.05
0 17 2.10
0 18 5.33
0 19 3.45
0 20 6.80
0 21 6.70
0 22 4.92
0 23 0.65
0 24 0.59
0 25 0.72
0 26 7.83
0 27 0.07
0 28 9.11
0 29 1.55
0 30 9.02
0 31 7.16
0 32 5.52
0 33 1.80
0 34 8.32
0 35 0.29
0 36 0.71
0 37 4.14
0 38 7.15
0 39 5.96
0 40 8.44
0 41 8.47
0 42 9.57
0 43 3.67
0 44 8.80
0 45 1.77
0 46 6.80
0 47 8.35
0 48 0.65
0 49 7.93
0 50 1.69
0 51 5.22
0 52 8.79
0 53 9.85
0 54 9.55
0 55 8.94
0 56 1.65
0 57 1.41
0 58 6.81
0 59 5.18
0 60 6.18
0 61 7.47
0 62 8.09
0 63 7.64
0 64 6.37
0 65 8.65
0 66 2.43
0 67 3.04
0 68 2.94
0 69 7.95
0 70 0.47
0 71 7.73
0 72 7.35
0 73 3.23
0 74 5.61
0 75 8.97
0 76 7.90
0 77 7.51
0 78 9.61
0 79 9.43
0 80 4.81
0 81 1.72
0 82 8.49
0 83 6.70
0 84 0.46
0 85 6.34
0 86 3.94
0 87 8.99
0 88 6.80
0 89 2.69
0 90 5.15
0 91 5.71
0 92 0.57
0 93 3.87
0 94 6.99
0 95 1.99
0 96 8.64
0 97 8.35
0 98 5.08
0 99 9.99
1 2 6.01
1 3 8.54
1 4 7.61
1 5 4.77
1 6 6.81
1 7 6.50
1 8 6.02
1 9 2.08
1 10 4.18
1 11 1.40
1 12 9.67
1 13 9.93
1 14 6.40
1 15 2.52
1 16 4.93
1 17 4.46
1 18 2.87
1 19 1.04
1 20 8.69
1 21 5.98
1 22 1.76
1 23 2.66
1 24 5.33
1 25 7.21
1 26 9.32
1 27 8.31
1 28 6.64
1 29 2.56
1 30 4.38
1 31 7.93
1 32 2.21
1 33 3.80
1 34 1.39
1 35 8.27
1 36 5.33
1 37 1.31
1 38 9.36
1 39 1.00
1 40 4.87
1 41 5.27
1 42 2.77
1 43 8.57
1 44 1.31
1 45 9.99
1 46 0.49
1 47 5.90
1 48 7.40
1 49 5.27
1 50 7.13
1 51 6.53
1 52 0.63
1 53 1.57
1 54 5.11
1 55 9.63
1 56 5.60
1 57 8.44
1 58 6.44
1 59 6.96
1 60 9.07
1 61 1.21
1 62 2.32
1 63 9.95
1 64 7.65
1 65 7.78
1 66 9.43
1 67 5.61
1 68 3.43
1 69 5.44
1 70 9.23
1 71 1.06
1 72 4.27
1 73 4.55
1 74 0.46
1 75 4.16
1 76 2.70
1 77 6.26
1 78 9.16
1 79 2.61
1 80 9.30
1 81 9.87
1 82 1.68
1 83 4.76
1 84 9.09
1 85 4.15
1 86 3.05
1 87 6.31
1 88 9.52
1 89 5.72
1 90 5.83
1 91 4.22
1 92 6.26
1 93 7.00
1 94 0.86
1 95 3.17
1 96 7.07
1 97 6.27
1 98 4.15
1 99 1.19
2 3 9.64
2 4 4.79
2 5 9.00
2 6 4.00
2 7 3.73
2 8 0.73
2 9 0.73
2 10 7.69
2 11 5.35
2 12 4.89
2 13 4.18
2 14 8.48
2 15 5.69
2 16 1.96
2 17 0.00
2 18 3.66
2 19 1.27
2 20 0.18
2 21 1.03
2 22 0.86
2 23 5.00
2 24 5.72
2 25 2.99
2 26 4.77
2 27 3.00
2 28 2.17
2 29 2.97
2 30 5.38
2 31 2.68
2 32 3.66
2 33 0.10
2 34 9.80
2 35 1.97
2 36 5.28
2 37 1.59
2 38 4.52
2 39 6.43
2 40 1.55
2 41 5.64
2 42 3.33
2 43 6.77
2 44 0.79
2 45 8.94
2 46 8.98
2 47 2.68
2 48 8.26
2 49 6.73
2 50 7.77
2 51 3.71
2 52 1.13
2 53 8.80
2 54 2.40
2 55 9.39
2 56 8.41
2 57 8.38
2 58 5.19
2 59 6.89
2 60 8.49
2 61 8.20
2 62 8.90
2 63 5.68
2 64 6.16
2 65 4.17
2 66 8.79
2 67 2.34
2 68 6.03
2 69 2.93
2 70 1.22
2 71 2.67
2 72 7.14
2 73 8.33
2 74 9.81
2 75 0.51
2 76 8.19
2 77 9.35
2 78 8.58
2 79 3.85
2 80 9.17
2 81 1.99
2 82 3.65
2 83 2.70
2 84 5.27
2 85 9.15
2 86 3.94
2 87 1.86
2 88 3.95
2 89 4.53
2 90 7.18
2 91 1.68
2 92 9.06
2 93 1.13
2 94 2.62
2 95 0.11
2 96 0.58
2 97 4.62
2 98 3.87
2 99 6.35
3 4 9.16
3 5 6.21
3 6 1.19
3 7 9.18
3 8 0.06
3 9 0.26
3 10 7.92
3 11 6.17
3 12 3.39
3 13 4.99
3 14 1.02
3 15 1.59
3 16 5.38
3 17 6.38
3 18 4.05
3 19 4.94
3 20 8.23
3 21 5.85
3 22 4.07
3 23 3.60
3 24 3.39
3 25 0.46
3 26 1.29
3 27 1.66
3 28 3.74
3 29 9.04
3 30 2.29
3 31 3.71
3 32 0.44
3 33 0.04
3 34 7.94
3 35 6.45
3 36 9.58
3 37 3.95
3 38 1.74
3 39 0.82
3 40 3.14
3 41 8.68
3 42 2.12
3 43 6.38
3 44 6.94
3 45 9.34
3 46 4.94
3 47 9.50
3 48 6.28
3 49 7.83
3 50 7.97
3 51 1.80
3 52 4.46
3 53 0.09
3 54 4.58
3 55 0.78
3 56 0.62
3 57 1.02
3 58 6.78
3 59 2.18
3 60 2.64
3 61 8.29
3 62 6.56
3 63 0.95
3 64 7.50
3 65 0.42
3 66 6.37
3 67 9.21
3 68 7.34
3 69 7.61
3 70 9.69
3 71 5.74
3 72 0.35
3 73 5.51
3 74 0.32
3 75 8.61
3 76 0.42
3 77 3.82
3 78 2.04
3 79 1.00
3 80 5.58
3 81 5.62
3 82 5.48
3 83 6.53
3 84 5.23
3 85 5.46
3 86 6.13
3 87 2.48
3 88 7.46
3 89 8.25
3 90 9.79
3 91 6.31
3 92 6.60
3 93 8.10
3 94 7.08
3 95 1.11
3 96 9.45
3 97 8.59
3 98 5.81
3 99 3.18
4 5 3.72
4 6 2.68
4 7 0.89
4 8 4.37
4 9 6.19
4 10 9.06
4 11 9.16
4 12 4.69
4 13 8.62
4 14 1.29
4 15 7.68
4 16 8.14
4 17 9.96
4 18 3.73
4 19 7.37
4 20 2.66
4 21 2.33
4 22 8.50
4 23 10.00
4 24 3.32
4 25 7.64
4 26 3.51
4 27 0.94
4 28 0.88
4 29 3.49
4 30 1.58
4 31 7.30
4 32 1.10
4 33 1.26
4 34 4.89
4 35 6.60
4 36 9.51
4 37 3.49
4 38 7.61
4 39 7.30
4 40 5.84
4 41 1.01
4 42 8.75
4 43 1.97
4 44 4.11
4 45 7.21
4 46 2.87
4 47 5.94
4 48 1.39
4 49 5.86
4 50 4.60
4 51 3.32
4 52 8.45
4 53 5.21
4 54 7.96
4 55 6.22
4 56 9.27
4 57 3.73
4 58 0.60
4 59 2.15
4 60 6.01
4 61 0.87
4 62 9.50
4 63 5.93
4 64 7.96
4 65 0.47
4 66 5.23
4 67 3.39
4 68 0.44
4 69 5.85
4 70 3.54
4 71 3.49
4 72 7.43
4 73 9.49
4 74 5.98
4 75 5.86
4 76 3.46
4 77 7.83
4 78 3.52
4 79 0.41
4 80 5.01
4 81 2.62
4 82 6.64
4 83 5.56
4 84 8.85
4 85 5.05
4 86 0.10
4 87 0.84
4 88 6.90
4 89 4.35
4 90 4.52
4 91 2.00
4 92 9.10
4 93 4.29
4 94 3.80
4 95 2.40
4 96 3.29
4 97 7.37
4 98 1.74
4 99 6.85
5 6 4.33
5 7 9.73
5 8 7.00
5 9 7.83
5 10 6.27
5 11 0.46
5 12 6.22
5 13 5.02
5 14 6.11
5 15 3.49
5 16 5.88
5 17 7.33
5 18 8.67
5 19 8.49
5 20 9.37
5 21 1.46
5 22 5.58
5 23 9.97
5 24 6.61
5 25 7.53
5 26 1.15
5 27 5.51
5 28 5.38
5 29 0.28
5 30 4.11
5 31 0.81
5 32 4.04
5 33 0.96
5 34 0.38
5 35 6.59
5 36 7.04
5 37 8.93
5 38 7.54
5 39 3.19
5 40 0.66
5 41 2.96
5 42 5.72
5 43 8.54
5 44 1.06
5 45 7.47
5 46 4.01
5 47 6.62
5 48 9.54
5 49 0.39
5 50 4.96
5 51 2.53
5 52 4.67
5 53 0.46
5 54 3.91
5 55 1.17
5 56 4.46
5 57 9.39
5 58 2.76
5 59 7.09
5 60 4.23
5 61 3.14
5 62 8.95
5 63 4.23
5 64 1.31
5 65 4.42
5 66 9.63
5 67 0.25
5 68 2.31
5 69 9.04
5 70 0.08
5 71 0.86
5 72 2.14
5 73 7.61
5 74 9.02
5 75 3.96
5 76 8.49
5 77 0.90
5 78 3.71
5 79 5.08
5 80 0.10
5 81 0.45
5 82 4.85
5 83 6.02
5 84 8.17
5 85 6.63
5 86 4.96
5 87 8.97
5 88 8.64
5 89 1.45
5 90 4.06
5 91 1.92
5 92 9.85
5 93 5.50
5 94 9.65
5 95 2.54
5 96 8.08
5 97 6.88
5 98 0.47
5 99 3.44
6 7 3.42
6 8 1.82
6 9 0.91
6 10 6.59
6 11 6.07
6 12 2.33
6 13 1.54
6 14 6.97
6 15 1.50
6 16 1.64
6 17 9.86
6 18 4.72
6 19 1.97
6 20 9.60
6 21 7.29
6 22 1.56
6 23 5.09
6 24 7.09
6 25 0.23
6 26 7.79
6 27 7.91
6 28 7.83
6 29 9.83
6 30 4.41
6 31 9.79
6 32 0.61
6 33 0.50
6 34 9.81
6 35 8.60
6 36 9.04
6 37 9.52
6 38 2.15
6 39 4.75
6 40 8.13
6 41 2.20
6 42 9.81
6 43 3.08
6 44 5.31
6 45 0.06
6 46 2.17
6 47 3.07
6 48 2.19
6 49 4.38
6 50 7.38
6 51 8.89
6 52 3.99
6 53 6.65
6 54 3.59
6 55 2.93
6 56 0.39
6 57 7.56
6 58 7.09
6 59 6.98
6 60 3.63
6 61 8.25
6 62 6.27
6 63 9.60
6 64 8.34
6 65 3.63
6 66 8.07
6 67 2.41
6 68 5.82
6 69 8.24
6 70 4.77
6 71 3.82
6 72 0.55
6 73 3.78
6 74 7.43
6 75 9.55
6 76 0.70
6 77 5.46
6 78 2.89
6 79 3.53
6 80 0.77
6 81 1.81
6 82 0.71
6 83 2.92
6 84 6.23
6 85 3.34
6 86 4.52
6 87 7.50
6 88 7.74
6 89 2.12
6 90 3.73
6 91 8.17
6 92 1.46
6 93 6.73
6 94 1.01
6 95 0.46
6 96 6.66
6 97 8.73
6 98 8.47
6 99 5.03
7 8 3.40
7 9 9.82
7 10 2.35
7 11 6.92
7 12 8.00
7 13 0.98
7 14 3.95
7 15 0.58
7 16 9.64
7 17 6.16
7 18 5.31
7 19 6.40
7 20 9.23
7 21 4.24
7 22 1.49
7 23 8.07
7 24 2.14
7 25 6.34
7 26 3.70
7 27 3.21
7 28 4.44
7 29 9.43
7 30 6.73
7 31 5.96
7 32 3.41
7 33 9.60
7 34 6.32
7 35 4.64
7 36 4.08
7 37 5.31
7 38 1.20
7 39 9.58
7 40 7.18
7 41 6.47
7 42 0.66
7 43 1.89
7 44 9.02
7 45 9.29
7 46 5.76
7 47 4.41
7 48 8.65
7 49 9.61
7 50 0.09
7 51 1.66
7 52 6.89
7 53 6.73
7 54 6.66
7 55 5.39
7 56 1.22
7 57 0.36
7 58 5.75
7 59 7.44
7 60 0.18
7 61 5.07
7 62 3.28
7 63 4.60
7 64 5.51
7 65 1.45
7 66 3.09
7 67 3.58
7 68 1.03
7 69 2.52
7 70 9.02
7 71 0.41
7 72 0.41
7 73 0.14
7 74 0.12
7 75 6.07
7 76 3.88
7 77 5.19
7 78 8.95
7 79 3.96
7 80 3.81
7 81 3.04
7 82 8.60
7 83 4.03
7 84 7.90
7 85 4.47
7 86 5.19
7 87 8.25
7 88 5.42
7 89 7.02
7 90 7.12
7 91 5.66
7 92 5.58
7 93 3.37
7 94 4.95
7 95 3.27
7 96 9.70
7 97 5.71
7 98 3.73
7 99 5.64
8 9 5.44
8 10 3.47
8 11 7.66
8 12 5.90
8 13 6.36
8 14 6.08
8 15 2.42
8 16 9.62
8 17 4.97
8 18 2.61
8 19 7.83
8 20 7.12
8 21 7.04
8 22 0.69
8 23 7.97
8 24 4.04
8 25 2.47
8 26 3.89
8 27 4.53
8 28 8.78
8 29 9.33
8 30 1.88
8 31 8.70
8 32 1.92
8 33 9.65
8 34 6.05
8 35 1.66
8 36 7.35
8 37 6.79
8 38 1.84
8 39 6.57
8 40 4.54
8 41 6.64
8 42 8.77
8 43 3.05
8 44 2.14
8 45 8.04
8 46 1.53
8 47 9.57
8 48 6.26
8 49 7.16
8 50 0.90
8 51 1.62
8 52 0.51
8 53 9.67
8 54 7.93
8 55 7.23
8 56 3.69
8 57 3.07
8 58 5.99
8 59 3.02
8 60 6.80
8 61 4.26
8 62 7.24
8 63 5.52
8 64 7.98
8 65 4.00
8 66 2.19
8 67 6.61
8 68 4.62
8 69 0.64
8 70 7.65
8 71 0.27
8 72 7.94
8 73 1.02
8 74 3.74
8 75 2.40
8 76 1.54
8 77 2.07
8 78 7.11
8 79 4.52
8 80 2.86
8 81 0.99
8 82 6.89
8 83 3.23
8 84 2.88
8 85 2.38
8 86 1.25
8 87 3.15
8 88 4.72
8 89 2.15
8 90 0.82
8 91 3.30
8 92 1.98
8 93 4.25
8 94 7.04
8 95 2.45
8 96 2.10
8 97 6.45
8 98 0.44
8 99 1.28
9 10 4.86
9 11 10.00
9 12 5.93
9 13 6.80
9 14 4.76
9 15 8.59
9 16 9.28
9 17 1.98
9 18 1.94
9 19 8.44
9 20 1.10
9 21 6.87
9 22 2.71
9 23 2.69
9 24 1.80
9 25 6.41
9 26 0.57
9 27 1.46
9 28 5.23
9 29 5.24
9 30 2.95
9 31 9.90
9 32 5.30
9 33 5.59
9 34 2.40
9 35 3.64
9 36 1.59
9 37 5.34
9 38 0.98
9 39 1.05
9 40 3.18
9 41 8.01
9 42 9.95
9 43 3.14
9 44 4.85
9 45 6.69
9 46 0.35
9 47 3.92
9 48 4.22
9 49 3.70
9 50 0.04
9 51 3.94
9 52 9.04
9 53 6.82
9 54 9.02
9 55 9.52
9 56 2.17
9 57 8.84
9 58 4.25
9 59 5.00
9 60 1.27
9 61 0.57
9 62 4.64
9 63 3.02
9 64 4.25
9 65 4.47
9 66 1.88
9 67 6.96
9 68 6.42
9 69 8.09
9 70 8.37
9 71 0.95
9 72 1.91
9 73 7.72
9 74 7.99
9 75 6.29
9 76 3.61
9 77 5.69
9 78 9.36
9 79 8.90
9 80 1.24
9 81 3.21
9 82 2.87
9 83 3.73
9 84 2.89
9 85 0.68
9 86 3.57
9 87 0.97
9 88 4.53
9 89 7.14
9 90 7.86
9 91 5.28
9 92 5.28
9 93 8.76
9 94 6.64
9 95 7.24
9 96 7.26
9 97 2.66
9 98 6.33
9 99 0.69
10 11 2.22
10 12 4.32
10 13 6.23
10 14 7.79
10 15 9.03
10 16 8.01
10 17 5.64
10 18 0.92
10 19 7.87
10 20 2.75
10 21 9.39
10 22 0.48
10 23 2.99
10 24 6.77
10 25 3.66
10 26 4.58
10 27 5.77
10 28 0.20
10 29 1.38
10 30 0.86
10 31 7.56
10 32 2.62
10 33 0.74
10 34 2.09
10 35 3.55
10 36 4.94
10 37 6.12
10 38 9.39
10 39 7.07
10 40 6.93
10 41 5.94
10 42 5.81
10 43 0.89
10 44 1.34
10 45 7.29
10 46 6.80
10 47 5.18
10 48 9.36
10 49 5.54
10 50 1.78
10 51 8.13
10 52 7.14
10 53 1.23
10 54 2.99
10 55 4.49
10 56 3.39
10 57 7.15
10 58 3.02
10 59 8.74
10 60 7.43
10 61 0.27
10 62 1.79
10 63 4.07
10 64 0.45
10 65 7.05
10 66 3.10
10 67 3.31
10 68 9.16
10 69 3.79
10 70 9.03
10 71 5.01
10 72 8.74
10 73 1.98
10 74 0.74
10 75 0.27
10 76 1.04
10 77 8.25
10 78 0.44
10 79 6.23
10 80 4.44
10 81 3.08
10 82 3.74
10 83 7.81
10 84 3.64
10 85 0.48
10 86 6.53
10 87 8.95
10 88 7.77
10 89 1.47
10 90 8.01
10 91 1.09
10 92 3.57
10 93 9.16
10 94 7.36
10 95 5.80
10 96 4.08
10 97 7.07
10 98 8.46
10 99 0.31
11 12 6.38
11 13 8.91
11 14 0.63
11 15 0.64
11 16 6.95
11 17 4.35
11 18 5.88
11 19 9.99
11 20 8.33
11 21 1.78
11 22 9.65
11 23 8.16
11 24 8.03
11 25 6.54
11 26 8.21
11 27 5.45
11 28 1.69
11 29 1.42
11 30 9.91
11 31 4.69
11 32 9.85
11 33 6.81
11 34 7.78
11 35 1.38
11 36 9.65
11 37 0.47
11 38 2.72
11 39 3.55
11 40 6.95
11 41 9.92
11 42 1.37
11 43 1.79
11 44 0.60
11 45 8.56
11 46 4.55
11 47 9.97
11 48 9.24
11 49 0.03
11 50 0.49
11 51 1.46
11 52 6.53
11 53 7.74
11 54 7.35
11 55 5.70
11 56 4.10
11 57 7.68
11 58 6.06
11 59 8.35
11 60 5.98
11 61 7.68
11 62 8.09
11 63 7.14
11 64 2.83
11 65 0.86
11 66 5.58
11 67 7.23
11 68 2.63
11 69 0.57
11 70 7.37
11 71 7.52
11 72 6.76
11 73 5.16
11 74 9.16
11 75 7.53
11 76 9.29
11 77 1.31
11 78 0.79
11 79 2.19
11 80 0.13
11 81 1.00
11 82 3.52
11 83 5.49
11 84 0.80
11 85 3.71
11 86 4.07
11 87 5.34
11 88 0.24
11 89 8.42
11 90 1.84
11 91 1.47
11 92 7.54
11 93 6.03
11 94 5.40
11 95 6.72
11 96 3.08
11 97 3.57
11 98 5.15
11 99 3.74
12 13 7.21
12 14 5.77
12 15 3.33
12 16 1.90
12 17 3.37
12 18 3.49
12 19 3.67
12 20 6.10
12 21 3.24
12 22 0.37
12 23 4.29
12 24 4.14
12 25 9.99
12 26 0.18
12 27 1.24
12 28 5.95
12 29 5.98
12 30 4.18
12 31 3.84
12 32 0.14
12 33 5.19
12 34 3.06
12 35 9.59
12 36 1.37
12 37 6.34
12 38 6.41
12 39 5.82
12 40 4.76
12 41 5.92
12 42 5.62
12 43 6.23
12 44 0.34
12 45 0.51
12 46 4.67
12 47 4.40
12 48 3.78
12 49 3.01
12 50 3.33
12 51 5.45
12 52 9.81
12 53 9.07
12 54 8.83
12 55 0.56
12 56 8.40
12 57 0.15
12 58 8.48
12 59 4.45
12 60 5.89
12 61 1.22
12 62 6.08
12 63 3.41
12 64 2.02
12 65 4.44
12 66 1.82
12 67 6.24
12 68 8.79
12 69 5.82
12 70 1.71
12 71 9.17
12 72 2.14
12 73 4.29
12 74 3.36
12 75 1.58
12 76 0.81
12 77 8.55
12 78 9.28
12 79 9.83
12 80 4.49
12 81 1.22
12 82 0.81
12 83 0.27
12 84 1.14
12 85 4.05
12 86 3.94
12 87 4.62
12 88 5.75
12 89 2.24
12 90 6.34
12 91 8.06
12 92 6.84
12 93 5.28
12 94 7.95
12 95 1.80
12 96 1.28
12 97 7.81
12 98 7.14
12 99 8.77
13 14 2.75
13 15 6.94
13 16 6.11
13 17 4.35
13 18 1.44
13 19 7.78
13 20 0.34
13 21 3.93
13 22 1.20
13 23 6.49
13 24 6.04
13 25 3.22
13 26 5.20
13 27 9.18
13 28 6.14
13 29 5.29
13 30 3.62
13 31 6.27
13 32 6.83
13 33 3.10
13 34 4.56
13 35 6.36
13 36 4.83
13 37 5.40
13 38 4.74
13 39 8.39
13 40 9.04
13 41 7.97
13 42 7.89
13 43 7.04
13 44 0.55
13 45 1.72
13 46 3.27
13 47 7.90
13 48 9.90
13 49 6.56
13 50 8.25
13 51 7.44
13 52 4.62
13 53 8.57
13 54 5.99
13 55 0.30
13 56 8.54
13 57 9.69
13 58 3.96
13 59 9.64
13 60 7.64
13 61 1.03
13 62 5.74
13 63 3.16
13 64 5.03
13 65 8.50
13 66 9.72
13 67 6.70
13 68 5.86
13 69 5.67
13 70 8.67
13 71 2.70
13 72 8.71
13 73 3.57
13 74 2.93
13 75 4.06
13 76 8.99
13 77 0.83
13 78 7.00
13 79 8.25
13 80 1.94
13 81 2.91
13 82 3.28
13 83 3.14
13 84 7.61
13 85 7.47
13 86 0.07
13 87 8.56
13 88 5.61
13 89 4.90
13 90 6.79
13 91 8.27
13 92 7.18
13 93 1.57
13 94 7.20
13 95 5.99
13 96 7.71
13 97 2.54
13 98 6.29
13 99 2.98
14 15 3.40
14 16 6.64
14 17 6.71
14 18 6.09
14 19 9.86
14 20 9.99
14 21 9.90
14 22 3.55
14 23 6.14
14 24 6.19
14 25 0.90
14 26 0.12
14 27 2.38
14 28 3.77
14 29 8.32
14 30 8.26
14 31 4.36
14 32 8.59
14 33 7.30
14 34 1.96
14 35 1.74
14 36 4.27
14 37 9.52
14 38 6.26
14 39 9.91
14 40 8.46
14 41 4.34
14 42 4.29
14 43 0.77
14 44 9.08
14 45 2.47
14 46 9.46
14 47 6.01
14 48 4.81
14 49 7.63
14 50 4.73
14 51 0.78
14 52 1.05
14 53 0.58
14 54 5.85
14 55 7.19
14 56 1.13
14 57 2.05
14 58 4.57
14 59 9.50
14 60 6.95
14 61 6.44
14 62 0.88
14 63 5.29
14 64 2.82
14 65 6.28
14 66 5.02
14 67 0.84
14 68 0.96
14 69 7.27
14 70 2.56
14 71 6.12
14 72 0.97
14 73 2.37
14 74 3.91
14 75 9.81
14 76 7.23
14 77 1.08
14 78 2.97
14 79 1.75
14 80 6.20
14 81 9.94
14 82 8.75
14 83 5.39
14 84 5.16
14 85 7.66
14 86 4.03
14 87 6.46
14 88 8.39
14 89 3.98
14 90 0.71
14 91 9.82
14 92 7.15
14 93 5.85
14 94 4.24
14 95 0.70
14 96 6.15
14 97 8.80
14 98 6.13
14 99 6.52
15 16 7.30
15 17 4.33
15 18 7.49
15 19 1.20
15 20 5.98
15 21 3.95
15 22 0.62
15 23 5.20
15 24 5.35
15 25 9.38
15 26 1.25
15 27 1.06
15 28 4.01
15 29 6.47
15 30 0.94
15 31 1.98
15 32 2.82
15 33 0.19
15 34 1.81
15 35 2.91
15 36 8.81
15 37 3.14
15 38 6.27
15 39 0.29
15 40 2.75
15 41 6.57
15 42 3.60
15 43 4.48
15 44 9.91
15 45 1.50
15 46 7.38
15 47 2.35
15 48 5.86
15 49 1.73
15 50 1.99
15 51 7.82
15 52 4.37
15 53 4.53
15 54 4.74
15 55 2.18
15 56 5.21
15 57 7.93
15 58 6.11
15 59 5.91
15 60 4.89
15 61 5.79
15 62 5.39
15 63 1.00
15 64 4.30
15 65 3.74
15 66 6.43
15 67 8.74
15 68 4.89
15 69 9.88
15 70 0.57
15 71 1.02
15 72 3.42
15 73 5.90
15 74 4.06
15 75 0.68
15 76 7.44
15 77 9.14
15 78 4.57
15 79 3.84
15 80 5.45
15 81 0.72
15 82 7.44
15 83 2.94
15 84 4.21
15 85 4.57
15 86 1.58
15 87 3.32
15 88 9.92
15 89 2.98
15 90 2.12
15 91 5.15
15 92 0.89
15 93 1.66
15 94 7.89
15 95 1.29
15 96 5.01
15 97 8.28
15 98 6.68
15 99 5.16
16 17 9.37
16 18 9.89
16 19 2.66
16 20 6.21
16 21 7.24
16 22 7.22
16 23 2.72
16 24 9.21
16 25 9.41
16 26 0.64
16 27 2.35
16 28 6.59
16 29 0.34
16 30 7.68
16 31 6.87
16 32 5.88
16 33 8.65
16 34 9.06
16 35 6.36
16 36 4.38
16 37 2.83
16 38 6.94
16 39 3.01
16 40 6.61
16 41 1.77
16 42 3.40
16 43 2.75
16 44 1.17
16 45 7.11
16 46 5.80
16 47 8.33
16 48 2.48
16 49 5.52
16 50 2.77
16 51 2.50
16 52 2.41
16 53 2.07
16 54 5.71
16 55 3.07
16 56 2.11
16 57 3.17
16 58 2.99
16 59 9.66
16 60 3.13
16 61 9.66
16 62 3.44
16 63 7.43
16 64 0.27
16 65 8.11
16 66 5.98
16 67 0.48
16 68 9.27
16 69 4.98
16 70 9.10
16 71 1.44
16 72 7.56
16 73 2.93
16 74 2.20
16 75 7.26
16 76 3.04
16 77 3.99
16 78 0.40
16 79 0.03
16 80 4.71
16 81 1.36
16 82 5.70
16 83 6.89
16 84 9.74
16 85 2.20
16 86 0.15
16 87 5.13
16 88 6.49
16 89 6.56
16 90 3.34
16 91 2.65
16 92 0.71
16 93 0.00
16 94 4.37
16 95 0.03
16 96 6.47
16 97 9.47
16 98 7.69
16 99 3.93
17 18 0.18
17 19 7.70
17 20 4.66
17 21 5.35
17 22 1.11
17 23 4.32
17 24 1.06
17 25 7.10
17 26 5.87
17 27 9.14
17 28 1.98
17 29 4.29
17 30 9.76
17 31 4.53
17 32 6.21
17 33 4.61
17 34 6.24
17 35 6.11
17 36 2.31
17 37 5.69
17 38 7.15
17 39 0.13
17 40 0.33
17 41 1.21
17 42 0.33
17 43 4.11
17 44 8.89
17 45 6.89
17 46 4.84
17 47 6.09
17 48 4.52
17 49 7.29
17 50 6.13
17 51 7.19
17 52 9.41
17 53 4.79
17 54 2.58
17 55 7.75
17 56 2.43
17 57 2.09
17 58 9.33
17 59 5.26
17 60 5.56
17 61 5.68
17 62 5.05
17 63 5.00
17 64 2.99
17 65 8.20
17 66 5.82
17 67 6.41
17 68 2.08
17 69 1.27
17 70 7.59
17 71 1.31
17 72 3.01
17 73 9.43
17 74 9.23
17 75 5.19
17 76 2.16
17 77 1.47
17 78 4.10
17 79 2.15
17 80 4.45
17 81 6.10
17 82 6.15
17 83 9.44
17 84 6.80
17 85 8.82
17 86 3.94
17 87 3.19
17 88 7.20
17 89 4.86
17 90 6.16
17 91 1.68
17 92 5.06
17 93 3.36
17 94 1.47
17 95 6.70
17 96 4.06
17 97 0.23
17 98 4.60
17 99 6.48
18 19 0.20
18 20 8.78
18 21 8.09
18 22 2.73
18 23 8.84
18 24 5.67
18 25 7.44
18 26 5.29
18 27 6.81
18 28 1.11
18 29 7.92
18 30 4.06
18 31 2.43
18 32 9.70
18 33 8.13
18 34 0.89
18 35 2.11
18 36 3.96
18 37 2.93
18 38 8.71
18 39 7.18
18 40 6.58
18 41 6.59
18 42 6.96
18 43 7.55
18 44 7.67
18 45 8.62
18 46 3.21
18 47 7.81
18 48 3.15
18 49 5.78
18 50 0.63
18 51 2.74
18 52 5.19
18 53 5.19
18 54 0.86
18 55 8.80
18 56 4.04
18 57 7.97
18 58 5.01
18 59 2.73
18 60 3.51
18 61 9.65
18 62 4.07
18 63 6.61
18 64 3.54
18 65 4.49
18 66 4.86
18 67 4.86
18 68 1.93
18 69 2.02
18 70 3.30
18 71 7.63
18 72 1.23
18 73 2.43
18 74 0.11
18 75 5.84
18 76 7.81
18 77 4.23
18 78 2.44
18 79 3.17
18 80 0.23
18 81 3.68
18 82 5.74
18 83 3.12
18 84 2.99
18 85 7.20
18 86 1.84
18 87 1.67
18 88 4.48
18 89 0.91
18 90 0.44
18 91 8.88
18 92 2.11
18 93 4.25
18 94 0.72
18 95 4.97
18 96 0.65
18 97 9.56
18 98 1.79
18 99 9.60
19 20 4.49
19 21 5.08
19 22 7.03
19 23 0.93
19 24 9.80
19 25 7.36
19 26 2.78
19 27 3.28
19 28 5.95
19 29 7.58
19 30 6.40
19 31 5.89
19 32 0.93
19 33 8.22
19 34 8.76
19 35 1.11
19 36 7.30
19 37 8.51
19 38 9.40
19 39 0.34
19 40 2.89
19 41 1.26
19 42 6.40
19 43 1.58
19 44 7.13
19 45 7.56
19 46 1.66
19 47 4.49
19 48 1.42
19 49 0.97
19 50 1.60
19 51 0.96
19 52 1.43
19 53 4.62
19 54 7.17
19 55 4.69
19 56 3.80
19 57 6.70
19 58 8.08
19 59 3.17
19 60 7.13
19 61 0.68
19 62 4.38
19 63 4.26
19 64 4.74
19 65 6.37
19 66 4.40
19 67 2.40
19 68 0.27
19 69 0.14
19 70 6.55
19 71 6.75
19 72 1.58
19 73 9.30
19 74 8.71
19 75 3.33
19 76 8.19
19 77 2.74
19 78 5.05
19 79 8.24
19 80 6.00
19 81 9.67
19 82 5.24
19 83 1.22
19 84 1.96
19 85 3.15
19 86 9.03
19 87 1.51
19 88 7.13
19 89 5.11
19 90 1.98
19 91 5.48
19 92 4.99
19 93 1.05
19 94 5.85
19 95 2.75
19 96 6.97
19 97 9.58
19 98 0.94
19 99 0.05
20 21 8.83
20 22 4.74
20 23 3.21
20 24 0.07
20 25 6.66
20 26 0.67
20 27 5.43
20 28 6.29
20 29 5.80
20 30 2.40
20 31 8.34
20 32 1.82
20 33 0.02
20 34 8.52
20 35 9.18
20 36 0.19
20 37 9.98
20 38 8.05
20 39 5.16
20 40 4.88
20 41 2.68
20 42 6.97
20 43 9.31
20 44 0.64
20 45 3.35
20 46 0.65
20 47 3.28
20 48 4.27
20 49 6.65
20 50 4.11
20 51 0.05
20 52 9.62
20 53 2.48
20 54 2.72
20 55 5.90
20 56 8.79
20 57 2.29
20 58 6.87
20 59 4.58
20 60 2.22
20 61 8.19
20 62 2.96
20 63 3.51
20 64 4.87
20 65 6.09
20 66 6.27
20 67 6.99
20 68 7.58
20 69 6.47
20 70 7.48
20 71 7.36
20 72 2.83
20 73 5.81
20 74 3.19
20 75 6.27
20 76 8.07
20 77 9.38
20 78 8.82
20 79 5.89
20 80 9.61
20 81 4.48
20 82 2.23
20 83 4.01
20 84 2.10
20 85 6.37
20 86 8.83
20 87 2.82
20 88 7.54
20 89 1.66
20 90 1.94
20 91 7.44
20 92 2.93
20 93 9.78
20 94 0.77
20 95 1.36
20 96 1.29
20 97 1.55
20 98 1.69
20 99 1.90
21 22 7.90
21 23 5.84
21 24 4.96
21 25 7.25
21 26 3.52
21 27 2.88
21 28 6.71
21 29 6.76
21 30 3.16
21 31 5.60
21 32 1.09
21 33 8.55
21 34 7.92
21 35 5.58
21 36 8.30
21 37 9.84
21 38 8.70
21 39 5.45
21 40 7.50
21 41 5.88
21 42 3.03
21 43 2.38
21 44 6.41
21 45 9.15
21 46 4.87
21 47 2.29
21 48 7.81
21 49 8.09
21 50 4.46
21 51 2.50
21 52 6.45
21 53 9.68
21 54 6.02
21 55 6.86
21 56 8.58
21 57 0.73
21 58 4.53
21 59 9.86
21 60 7.64
21 61 0.67
21 62 2.79
21 63 1.59
21 64 0.83
21 65 2.52
21 66 8.01
21 67 3.99
21 68 3.98
21 69 0.09
21 70 1.73
21 71 0.28
21 72 1.28
21 73 3.50
21 74 5.15
21 75 0.57
21 76 7.20
21 77 9.66
21 78 3.22
21 79 0.44
21 80 7.85
21 81 7.65
21 82 7.43
21 83 3.27
21 84 0.10
21 85 4.13
21 86 1.80
21 87 5.39
21 88 1.19
21 89 7.87
21 90 6.30
21 91 3.58
21 92 8.46
21 93 0.71
21 94 4.18
21 95 4.34
21 96 6.68
21 97 9.36
21 98 4.79
21 99 6.74
22 23 2.62
22 24 1.38
22 25 0.26
22 26 7.09
22 27 4.31
22 28 3.51
22 29 7.71
22 30 3.72
22 31 1.97
22 32 5.68
22 33 3.00
22 34 7.69
22 35 9.56
22 36 0.09
22 37 0.79
22 38 6.61
22 39 8.45
22 40 7.09
22 41 9.06
22 42 2.08
22 43 1.10
22 44 5.08
22 45 2.38
22 46 1.47
22 47 1.64
22 48 4.69
22 49 5.30
22 50 6.40
22 51 5.45
22 52 2.06
22 53 7.32
22 54 9.34
22 55 6.58
22 56 2.43
22 57 8.65
22 58 6.92
22 59 0.34
22 60 8.20
22 61 4.17
22 62 0.74
22 63 1.27
22 64 3.62
22 65 5.03
22 66 2.57
22 67 2.42
22 68 7.04
22 69 5.65
22 70 1.59
22 71 1.11
22 72 6.41
22 73 4.07
22 74 7.48
22 75 2.23
22 76 9.98
22 77 1.08
22 78 5.60
22 79 4.36
22 80 5.48
22 81 7.47
22 82 0.41
22 83 8.33
22 84 7.40
22 85 3.74
22 86 9.21
22 87 8.33
22 88 9.91
22 89 7.92
22 90 4.21
22 91 1.74
22 92 6.92
22 93 6.67
22 94 9.58
22 95 5.76
22 96 6.18
22 97 5.05
22 98 8.38
22 99 6.98
23 24 4.53
23 25 8.94
23 26 2.70
23 27 6.57
23 28 3.43
23 29 8.08
23 30 9.65
23 31 7.64
23 32 7.82
23 33 1.06
23 34 9.28
23 35 8.11
23 36 5.26
23 37 7.21
23 38 9.03
23 39 9.21
23 40 8.94
23 41 9.35
23 42 4.60
23 43 0.63
23 44 4.16
23 45 5.27
23 46 7.37
23 47 0.03
23 48 2.54
23 49 2.96
23 50 8.73
23 51 0.70
23 52 2.58
23 53 4.64
23 54 0.21
23 55 2.65
23 56 7.65
23 57 0.33
23 58 0.40
23 59 2.72
23 60 2.49
23 61 2.27
23 62 1.40
23 63 6.10
23 64 3.41
23 65 1.63
23 66 3.60
23 67 0.38
23 68 0.68
23 69 6.87
23 70 1.86
23 71 4.33
23 72 9.55
23 73 4.62
23 74 8.23
23 75 4.75
23 76 1.68
23 77 5.93
23 78 5.70
23 79 0.72
23 80 3.30
23 81 4.72
23 82 7.98
23 83 3.75
23 84 6.55
23 85 2.06
23 86 3.58
23 87 3.71
23 88 9.58
23 89 9.84
23 90 7.99
23 91 8.02
23 92 5.89
23 93 4.14
23 94 4.91
23 95 8.93
23 96 6.31
23 97 2.66
23 98 0.97
23 99 8.32
24 25 1.67
24 26 3.03
24 27 0.33
24 28 5.77
24 29 1.31
24 30 6.88
24 31 9.58
24 32 1.24
24 33 6.73
24 34 2.07
24 35 9.54
24 36 6.68
24 37 1.29
24 38 4.05
24 39 7.38
24 40 4.80
24 41 7.31
24 42 6.39
24 43 1.50
24 44 7.14
24 45 2.06
24 46 5.64
24 47 0.21
24 48 6.99
24 49 2.23
24 50 1.88
24 51 6.61
24 52 2.22
24 53 2.37
24 54 5.14
24 55 2.69
24 56 4.14
24 57 4.43
24 58 0.79
24 59 4.18
24 60 9.67
24 61 7.96
24 62 2.78
24 63 5.89
24 64 7.29
24 65 6.08
24 66 1.54
24 67 8.74
24 68 7.92
24 69 8.70
24 70 7.50
24 71 7.29
24 72 9.00
24 73 1.12
24 74 6.31
24 75 2.59
24 76 7.60
24 77 0.26
24 78 4.28
24 79 2.36
24 80 0.04
24 81 7.88
24 82 9.93
24 83 6.85
24 84 0.20
24 85 1.26
24 86 2.10
24 87 0.93
24 88 5.45
24 89 5.60
24 90 1.38
24 91 0.86
24 92 2.69
24 93 2.43
24 94 7.02
24 95 3.99
24 96 6.53
24 97 7.06
24 98 5.78
24 99 2.99
25 26 0.43
25 27 1.58
25 28 3.36
25 29 3.77
25 30 9.71
25 31 1.67
25 32 8.96
25 33 4.94
25 34 5.74
25 35 8.52
25 36 6.47
25 37 9.68
25 38 7.69
25 39 6.36
25 40 8.52
25 41 8.81
25 42 4.60
25 43 0.76
25 44 3.61
25 45 4.65
25 46 0.71
25 47 9.90
25 48 1.37
25 49 3.81
25 50 6.59
25 51 1.22
25 52 0.78
25 53 4.32
25 54 6.72
25 55 4.19
25 56 5.57
25 57 2.13
25 58 1.27
25 59 1.73
25 60 3.52
25 61 2.70
25 62 0.98
25 63 8.96
25 64 6.44
25 65 2.33
25 66 5.80
25 67 1.62
25 68 4.26
25 69 6.69
25 70 7.13
25 71 1.33
25 72 0.64
25 73 7.72
25 74 0.69
25 75 4.11
25 76 0.25
25 77 4.57
25 78 8.22
25 79 4.35
25 80 1.37
25 81 1.96
25 82 8.34
25 83 3.07
25 84 9.37
25 85 1.50
25 86 8.59
25 87 1.72
25 88 2.41
25 89 2.94
25 90 0.79
25 91 3.83
25 92 6.10
25 93 7.83
25 94 4.03
25 95 2.86
25 96 1.68
25 97 3.15
25 98 7.62
25 99 0.77
26 27 6.29
26 28 2.28
26 29 3.74
26 30 7.68
26 31 7.35
26 32 9.91
26 33 0.18
26 34 4.99
26 35 1.97
26 36 1.15
26 37 1.84
26 38 7.69
26 39 4.51
26 40 8.19
26 41 8.21
26 42 2.10
26 43 0.54
26 44 6.33
26 45 2.72
26 46 1.57
26 47 7.81
26 48 0.76
26 49 5.03
26 50 6.36
26 51 0.40
26 52 2.80
26 53 8.11
26 54 9.23
26 55 9.69
26 56 3.21
26 57 5.32
26 58 2.45
26 59 1.24
26 60 6.14
26 61 2.27
26 62 5.63
26 63 0.16
26 64 9.78
26 65 3.10
26 66 8.41
26 67 7.95
26 68 8.34
26 69 5.59
26 70 1.10
26 71 3.80
26 72 2.29
26 73 5.51
26 74 7.23
26 75 9.06
26 76 6.65
26 77 6.18
26 78 5.67
26 79 4.60
26 80 0.39
26 81 3.32
26 82 7.47
26 83 9.20
26 84 4.34
26 85 8.35
26 86 4.61
26 87 7.32
26 88 6.63
26 89 9.70
26 90 7.70
26 91 7.72
26 92 4.40
26 93 6.92
26 94 7.62
26 95 0.99
26 96 4.82
26 97 4.99
26 98 2.67
26 99 4.21
27 28 9.83
27 29 4.75
27 30 9.27
27 31 7.40
27 32 3.19
27 33 3.65
27 34 6.05
27 35 5.51
27 36 1.02
27 37 7.26
27 38 3.47
27 39 2.30
27 40 7.14
27 41 6.06
27 42 0.89
27 43 9.98
27 44 2.70
27 45 5.36
27 46 5.11
27 47 1.84
27 48 5.85
27 49 9.14
27 50 9.78
27 51 8.05
27 52 7.63
27 53 2.29
27 54 9.86
27 55 6.92
27 56 7.77
27 57 9.87
27 58 6.59
27 59 2.00
27 60 8.49
27 61 3.75
27 62 8.63
27 63 8.94
27 64 3.91
27 65 4.34
27 66 4.60
27 67 3.79
27 68 4.47
27 69 2.05
27 70 3.96
27 71 6.39
27 72 3.28
27 73 1.08
27 74 2.27
27 75 7.42
27 76 9.49
27 77 4.87
27 78 7.93
27 79 7.51
27 80 0.50
27 81 5.95
27 82 7.30
27 83 2.99
27 84 7.63
27 85 8.92
27 86 1.02
27 87 0.90
27 88 2.01
27 89 1.84
27 90 3.42
27 91 9.93
27 92 1.78
27 93 1.14
27 94 0.31
27 95 3.07
27 96 7.79
27 97 6.21
27 98 8.60
27 99 2.30
28 29 7.75
28 30 5.59
28 31 4.69
28 32 1.37
28 33 8.54
28 34 4.88
28 35 4.85
28 36 9.11
28 37 1.57
28 38 6.75
28 39 1.64
28 40 7.22
28 41 5.41
28 42 9.31
28 43 2.74
28 44 3.49
28 45 6.57
28 46 6.07
28 47 2.92
28 48 0.89
28 49 8.39
28 50 6.04
28 51 7.97
28 52 6.77
28 53 0.14
28 54 3.08
28 55 1.93
28 56 3.24
28 57 4.20
28 58 8.91
28 59 10.00
28 60 7.93
28 61 5.51
28 62 4.76
28 63 4.57
28 64 5.73
28 65 3.82
28 66 9.13
28 67 4.31
28 68 4.50
28 69 2.58
28 70 1.19
28 71 4.31
28 72 1.75
28 73 1.55
28 74 9.37
28 75 0.79
28 76 1.29
28 77 6.73
28 78 6.94
28 79 5.60
28 80 0.74
28 81 2.24
28 82 4.32
28 83 4.85
28 84 0.87
28 85 5.36
28 86 0.96
28 87 4.85
28 88 5.86
28 89 3.33
28 90 1.91
28 91 1.30
28 92 7.19
28 93 2.18
28 94 8.16
28 95 7.88
28 96 7.30
28 97 5.14
28 98 4.73
28 99 6.17
29 30 8.01
29 31 0.20
29 32 6.82
29 33 1.11
29 34 3.86
29 35 6.32
29 36 3.04
29 37 0.46
29 38 2.29
29 39 1.81
29 40 7.95
29 41 6.68
29 42 9.14
29 43 5.52
29 44 0.48
29 45 7.31
29 46 3.00
29 47 5.25
29 48 9.08
29 49 0.04
29 50 9.86
29 51 9.89
29 52 3.83
29 53 3.13
29 54 0.86
29 55 9.52
29 56 3.14
29 57 8.75
29 58 7.56
29 59 2.15
29 60 8.95
29 61 5.44
29 62 9.21
29 63 2.23
29 64 3.76
29 65 4.04
29 66 9.98
29 67 3.13
29 68 3.67
29 69 9.50
29 70 5.30
29 71 8.58
29 72 2.28
29 73 7.36
29 74 0.50
29 75 7.39
29 76 5.81
29 77 1.79
29 78 2.25
29 79 6.20
29 80 6.65
29 81 7.64
29 82 2.66
29 83 3.04
29 84 1.63
29 85 4.75
29 86 8.59
29 87 4.16
29 88 6.84
29 89 6.85
29 90 5.17
29 91 6.90
29 92 8.27
29 93 1.10
29 94 8.94
29 95 4.22
29 96 0.36
29 97 1.67
29 98 6.18
29 99 0.53
30 31 1.05
30 32 6.65
30 33 4.58
30 34 7.61
30 35 5.63
30 36 7.16
30 37 7.70
30 38 2.31
30 39 6.99
30 40 1.71
30 41 3.07
30 42 4.64
30 43 9.36
30 44 1.40
30 45 1.77
30 46 0.42
30 47 3.83
30 48 0.62
30 49 9.69
30 50 0.74
30 51 5.37
30 52 8.62
30 53 0.93
30 54 6.06
30 55 6.44
30 56 0.85
30 57 2.66
30 58 2.07
30 59 0.02
30 60 0.98
30 61 4.76
30 62 7.05
30 63 4.80
30 64 6.01
30 65 0.35
30 66 0.98
30 67 9.48
30 68 2.59
30 69 4.99
30 70 0.98
30 71 0.97
30 72 4.03
30 73 6.72
30 74 0.11
30 75 2.19
30 76 9.17
30 77 7.55
30 78 5.52
30 79 6.38
30 80 0.19
30 81 6.84
30 82 9.74
30 83 7.21
30 84 4.42
30 85 8.71
30 86 9.17
30 87 2.07
30 88 2.40
30 89 4.66
30 90 2.09
30 91 2.99
30 92 5.20
30 93 3.22
30 94 3.80
30 95 3.12
30 96 7.30
30 97 5.42
30 98 3.25
30 99 3.78
31 32 1.67
31 33 7.67
31 34 2.44
31 35 3.93
31 36 4.67
31 37 2.86
31 38 0.96
31 39 4.91
31 40 1.08
31 41 1.89
31 42 2.80
31 43 1.01
31 44 9.22
31 45 9.87
31 46 3.56
31 47 8.84
31 48 5.62
31 49 5.54
31 50 9.82
31 51 3.82
31 52 4.75
31 53 6.72
31 54 2.76
31 55 1.99
31 56 9.71
31 57 3.27
31 58 2.03
31 59 2.30
31 60 6.31
31 61 8.41
31 62 2.40
31 63 2.85
31 64 9.29
31 65 4.21
31 66 0.62
31 67 7.23
31 68 8.50
31 69 9.61
31 70 1.64
31 71 3.66
31 72 8.67
31 73 8.90
31 74 0.92
31 75 3.91
31 76 7.97
31 77 3.16
31 78 1.16
31 79 9.77
31 80 8.37
31 81 6.36
31 82 2.92
31 83 7.65
31 84 7.35
31 85 9.14
31 86 0.07
31 87 1.90
31 88 3.99
31 89 8.74
31 90 9.01
31 91 0.68
31 92 9.21
31 93 6.51
31 94 3.75
31 95 8.41
31 96 3.42
31 97 5.33
31 98 8.10
31 99 9.26
32 33 6.80
32 34 3.46
32 35 6.56
32 36 4.98
32 37 1.53
32 38 1.54
32 39 4.91
32 40 3.78
32 41 4.16
32 42 4.24
32 43 4.14
32 44 0.62
32 45 4.32
32 46 6.56
32 47 8.63
32 48 4.27
32 49 2.55
32 50 7.71
32 51 9.23
32 52 4.36
32 53 9.03
32 54 8.39
32 55 0.04
32 56 1.64
32 57 9.77
32 58 2.92
32 59 7.38
32 60 5.44
32 61 7.97
32 62 4.37
32 63 9.16
32 64 5.78
32 65 9.71
32 66 9.40
32 67 0.81
32 68 3.18
32 69 4.22
32 70 9.49
32 71 7.30
32 72 3.77
32 73 8.56
32 74 1.08
32 75 7.72
32 76 8.90
32 77 5.32
32 78 2.02
32 79 0.91
32 80 4.82
32 81 7.91
32 82 9.50
32 83 2.14
32 84 0.67
32 85 1.14
32 86 6.59
32 87 5.06
32 88 0.97
32 89 6.63
32 90 5.59
32 91 6.11
32 92 3.31
32 93 0.62
32 94 0.15
32 95 0.35
32 96 4.26
32 97 7.83
32 98 9.51
32 99 0.87
33 34 1.96
33 35 9.66
33 36 5.26
33 37 3.48
33 38 7.04
33 39 6.34
33 40 5.98
33 41 2.77
33 42 3.35
33 43 4.36
33 44 2.04
33 45 6.64
33 46 1.85
33 47 7.98
33 48 2.72
33 49 4.59
33 50 5.82
33 51 7.81
33 52 9.27
33 53 0.19
33 54 7.77
33 55 6.08
33 56 0.50
33 57 2.82
33 58 4.05
33 59 6.26
33 60 0.97
33 61 8.33
33 62 2.75
33 63 5.71
33 64 4.03
33 65 6.50
33 66 8.16
33 67 3.12
33 68 2.14
33 69 4.69
33 70 1.90
33 71 4.51
33 72 6.65
33 73 6.96
33 74 4.41
33 75 1.76
33 76 8.59
33 77 9.11
33 78 5.61
33 79 9.06
33 80 0.12
33 81 8.62
33 82 0.61
33 83 5.66
33 84 1.31
33 85 8.99
33 86 9.47
33 87 0.97
33 88 7.02
33 89 5.86
33 90 0.83
33 91 3.58
33 92 2.19
33 93 8.68
33 94 4.53
33 95 6.74
33 96 7.47
33 97 5.62
33 98 8.29
33 99 5.14
34 35 6.87
34 36 6.98
34 37 9.59
34 38 1.99
34 39 7.38
34 40 6.15
34 41 6.00
34 42 5.21
34 43 9.43
34 44 1.41
34 45 4.70
34 46 5.89
34 47 2.38
34 48 0.37
34 49 2.00
34 50 5.58
34 51 3.04
34 52 9.77
34 53 4.00
34 54 3.51
34 55 6.29
34 56 1.36
34 57 0.01
34 58 7.72
34 59 3.44
34 60 1.97
34 61 9.62
34 62 2.55
34 63 8.13
34 64 4.19
34 65 2.97
34 66 6.90
34 67 2.77
34 68 0.70
34 69 2.49
34 70 9.55
34 71 4.65
34 72 9.84
34 73 7.78
34 74 4.45
34 75 0.79
34 76 4.45
34 77 0.26
34 78 1.00
34 79 2.54
34 80 7.74
34 81 8.63
34 82 2.06
34 83 5.89
34 84 3.57
34 85 1.53
34 86 1.61
34 87 4.93
34 88 6.56
34 89 5.34
34 90 4.42
34 91 7.25
34 92 8.18
34 93 6.32
34 94 0.55
34 95 7.52
34 96 6.84
34 97 2.27
34 98 2.88
34 99 0.92
35 36 7.50
35 37 9.25
35 38 4.89
35 39 3.68
35 40 1.35
35 41 4.84
35 42 0.84
35 43 6.51
35 44 4.69
35 45 7.26
35 46 2.44
35 47 7.63
35 48 4.74
35 49 3.78
35 50 6.45
35 51 3.35
35 52 2.78
35 53 6.44
35 54 6.93
35 55 4.89
35 56 9.25
35 57 5.69
35 58 5.41
35 59 7.51
35 60 7.86
35 61 0.05
35 62 5.03
35 63 0.12
35 64 2.74
35 65 8.59
35 66 8.72
35 67 2.82
35 68 6.59
35 69 5.72
35 70 3.49
35 71 2.21
35 72 6.32
35 73 6.94
35 74 1.79
35 75 8.29
35 76 9.73
35 77 0.01
35 78 0.71
35 79 4.79
35 80 2.82
35 81 9.81
35 82 1.41
35 83 4.50
35 84 7.83
35 85 8.52
35 86 9.29
35 87 3.17
35 88 2.94
35 89 0.50
35 90 4.50
35 91 1.42
35 92 6.09
35 93 6.42
35 94 3.62
35 95 1.67
35 96 0.13
35 97 3.95
35 98 5.80
35 99 4.10
36 37 9.23
36 38 6.66
36 39 3.68
36 40 2.85
36 41 4.73
36 42 2.19
36 43 5.96
36 44 6.27
36 45 2.33
36 46 3.98
36 47 5.76
36 48 4.78
36 49 6.23
36 50 5.12
36 51 3.02
36 52 3.09
36 53 2.22
36 54 4.33
36 55 3.04
36 56 5.76
36 57 5.69
36 58 3.90
36 59 9.22
36 60 6.30
36 61 3.08
36 62 2.62
36 63 5.10
36 64 6.79
36 65 8.43
36 66 3.15
36 67 8.35
36 68 8.69
36 69 7.90
36 70 7.94
36 71 5.77
36 72 7.59
36 73 7.31
36 74 0.36
36 75 6.03
36 76 3.35
36 77 4.65
36 78 6.78
36 79 8.78
36 80 9.65
36 81 6.05
36 82 9.81
36 83 4.22
36 84 7.24
36 85 10.00
36 86 6.02
36 87 1.33
36 88 1.35
36 89 8.87
36 90 4.19
36 91 2.46
36 92 9.88
36 93 1.04
36 94 2.13
36 95 3.83
36 96 4.18
36 97 7.74
36 98 2.70
36 99 9.46
37 38 9.02
37 39 9.25
37 40 3.26
37 41 2.79
37 42 2.86
37 43 6.35
37 44 4.80
37 45 9.73
37 46 3.91
37 47 9.15
37 48 4.57
37 49 3.20
37 50 3.90
37 51 3.00
37 52 4.41
37 53 0.86
37 54 6.87
37 55 3.05
37 56 9.52
37 57 8.90
37 58 0.93
37 59 9.50
37 60 2.67
37 61 9.36
37 62 0.29
37 63 5.01
37 64 4.34
37 65 5.55
37 66 2.66
37 67 3.76
37 68 3.45
37 69 6.01
37 70 0.43
37 71 4.98
37 72 3.46
37 73 3.65
37 74 3.97
37 75 7.01
37 76 0.87
37 77 0.91
37 78 1.20
37 79 6.21
37 80 7.14
37 81 5.58
37 82 5.79
37 83 6.02
37 84 7.73
37 85 3.99
37 86 3.58
37 87 6.07
37 88 4.40
37 89 3.97
37 90 3.40
37 91 5.80
37 92 3.80
37 93 6.65
37 94 3.29
37 95 7.67
37 96 4.99
37 97 0.48
37 98 5.51
37 99 7.16
38 39 3.03
38 40 5.10
38 41 8.13
38 42 8.63
38 43 3.83
38 44 3.76
38 45 2.76
38 46 0.24
38 47 5.74
38 48 9.60
38 49 3.85
38 50 6.61
38 51 1.28
38 52 4.44
38 53 8.23
38 54 4.52
38 55 9.00
38 56 3.50
38 57 5.45
38 58 6.11
38 59 8.70
38 60 9.20
38 61 4.00
38 62 3.01
38 63 7.36
38 64 6.69
38 65 0.07
38 66 9.98
38 67 9.26
38 68 2.71
38 69 1.54
38 70 7.85
38 71 3.47
38 72 6.33
38 73 0.68
38 74 5.03
38 75 7.39
38 76 0.38
38 77 4.93
38 78 4.21
38 79 0.87
38 80 2.37
38 81 5.76
38 82 5.73
38 83 2.39
38 84 9.45
38 85 6.56
38 86 2.73
38 87 5.35
38 88 7.24
38 89 4.40
38 90 5.31
38 91 3.25
38 92 8.92
38 93 8.31
38 94 4.42
38 95 3.78
38 96 9.97
38 97 7.44
38 98 6.59
38 99 7.49
39 40 2.30
39 41 5.12
39 42 0.84
39 43 2.75
39 44 4.16
39 45 4.61
39 46 0.77
39 47 8.09
39 48 3.65
39 49 8.31
39 50 5.97
39 51 4.59
39 52 9.87
39 53 6.10
39 54 7.63
39 55 5.45
39 56 2.64
39 57 9.24
39 58 7.78
39 59 1.04
39 60 7.72
39 61 3.67
39 62 6.42
39 63 0.21
39 64 1.54
39 65 2.91
39 66 7.88
39 67 0.35
39 68 1.61
39 69 5.33
39 70 4.82
39 71 1.61
39 72 2.37
39 73 9.94
39 74 8.33
39 75 8.30
39 76 3.62
39 77 5.05
39 78 5.62
39 79 8.29
39 80 8.79
39 81 3.32
39 82 9.23
39 83 9.97
39 84 2.27
39 85 5.82
39 86 3.91
39 87 0.75
39 88 7.75
39 89 5.67
39 90 0.23
39 91 0.95
39 92 1.91
39 93 3.09
39 94 1.59
39 95 1.15
39 96 7.27
39 97 7.21
39 98 1.61
39 99 5.93
40 41 5.35
40 42 0.69
40 43 3.75
40 44 2.43
40 45 7.42
40 46 5.36
40 47 4.88
40 48 5.95
40 49 1.92
40 50 2.67
40 51 6.36
40 52 6.46
40 53 6.84
40 54 0.16
40 55 7.36
40 56 0.27
40 57 3.39
40 58 5.25
40 59 0.00
40 60 3.53
40 61 6.26
40 62 7.22
40 63 2.63
40 64 0.59
40 65 0.02
40 66 6.95
40 67 6.52
40 68 9.56
40 69 6.12
40 70 5.27
40 71 0.57
40 72 4.88
40 73 0.47
40 74 7.15
40 75 1.44
40 76 6.81
40 77 0.91
40 78 3.91
40 79 4.10
40 80 3.16
40 81 5.79
40 82 0.93
40 83 5.32
40 84 3.71
40 85 6.82
40 86 6.08
40 87 8.39
40 88 8.18
40 89 1.05
40 90 2.57
40 91 6.61
40 92 7.22
40 93 9.32
40 94 0.50
40 95 5.56
40 96 2.06
40 97 3.58
40 98 2.77
40 99 9.21
41 42 2.78
41 43 8.82
41 44 0.17
41 45 9.68
41 46 7.14
41 47 2.03
41 48 4.85
41 49 3.76
41 50 5.67
41 51 2.17
41 52 3.23
41 53 7.59
41 54 5.48
41 55 8.74
41 56 8.49
41 57 1.54
41 58 8.56
41 59 8.45
41 60 4.52
41 61 0.43
41 62 3.32
41 63 7.73
41 64 8.23
41 65 8.18
41 66 7.82
41 67 0.39
41 68 4.84
41 69 9.14
41 70 7.57
41 71 3.85
41 72 2.08
41 73 6.49
41 74 5.30
41 75 8.33
41 76 2.27
41 77 1.53
41 78 4.15
41 79 5.08
41 80 9.84
41 81 3.81
41 82 2.31
41 83 2.25
41 84 1.85
41 85 8.91
41 86 8.66
41 87 6.06
41 88 1.34
41 89 3.02
41 90 7.54
41 91 7.30
41 92 1.88
41 93 6.92
41 94 3.78
41 95 2.09
41 96 2.21
41 97 6.33
41 98 8.75
41 99 1.33
42 43 9.12
42 44 5.44
42 45 1.80
42 46 1.88
42 47 9.57
42 48 9.77
42 49 7.01
42 50 0.87
42 51 7.80
42 52 5.84
42 53 4.53
42 54 8.69
42 55 8.72
42 56 8.05
42 57 4.31
42 58 5.41
42 59 1.37
42 60 4.11
42 61 3.62
42 62 5.76
42 63 6.27
42 64 0.16
42 65 8.35
42 66 8.67
42 67 1.63
42 68 3.91
42 69 9.97
42 70 3.23
42 71 9.60
42 72 9.81
42 73 4.84
42 74 9.75
42 75 8.52
42 76 7.50
42 77 4.55
42 78 1.51
42 79 4.87
42 80 1.98
42 81 1.62
42 82 6.90
42 83 4.55
42 84 3.30
42 85 5.71
42 86 4.78
42 87 1.88
42 88 1.47
42 89 8.83
42 90 9.85
42 91 3.18
42 92 5.18
42 93 1.15
42 94 8.86
42 95 8.23
42 96 3.37
42 97 4.18
42 98 2.98
42 99 9.78
43 44 5.60
43 45 8.81
43 46 5.93
43 47 5.15
43 48 7.44
43 49 8.12
43 50 3.35
43 51 5.26
43 52 6.72
43 53 7.87
43 54 8.78
43 55 2.43
43 56 4.61
43 57 6.71
43 58 0.55
43 59 9.64
43 60 8.83
43 61 7.21
43 62 3.10
43 63 6.81
43 64 9.63
43 65 4.39
43 66 4.82
43 67 4.94
43 68 8.76
43 69 3.63
43 70 5.69
43 71 2.31
43 72 1.94
43 73 7.57
43 74 3.19
43 75 8.99
43 76 7.72
43 77 2.75
43 78 3.23
43 79 3.00
43 80 4.19
43 81 5.45
43 82 2.11
43 83 1.81
43 84 6.02
43 85 1.20
43 86 2.30
43 87 3.24
43 88 4.95
43 89 4.41
43 90 8.82
43 91 4.68
43 92 5.85
43 93 5.52
43 94 8.22
43 95 7.54
43 96 0.74
43 97 2.24
43 98 8.75
43 99 0.54
44 45 8.90
44 46 0.23
44 47 0.81
44 48 1.90
44 49 8.91
44 50 8.85
44 51 7.38
44 52 2.85
44 53 9.59
44 54 8.46
44 55 5.98
44 56 6.99
44 57 9.27
44 58 4.46
44 59 9.98
44 60 0.98
44 61 9.88
44 62 8.51
44 63 8.58
44 64 3.67
44 65 1.75
44 66 2.56
44 67 9.17
44 68 1.46
44 69 6.98
44 70 6.82
44 71 6.77
44 72 6.99
44 73 7.77
44 74 3.92
44 75 7.55
44 76 9.61
44 77 8.58
44 78 9.04
44 79 8.00
44 80 4.75
44 81 6.63
44 82 1.38
44 83 7.74
44 84 2.52
44 85 5.29
44 86 4.08
44 87 4.17
44 88 5.80
44 89 0.85
44 90 4.32
44 91 3.96
44 92 8.87
44 93 1.78
44 94 2.11
44 95 4.26
44 96 3.87
44 97 6.39
44 98 7.34
44 99 4.49
45 46 0.00
45 47 5.81
45 48 3.44
45 49 7.88
45 50 8.54
45 51 1.36
45 52 5.19
45 53 6.64
45 54 3.56
45 55 2.51
45 56 9.61
45 57 5.21
45 58 1.59
45 59 1.56
45 60 4.17
45 61 2.08
45 62 9.13
45 63 9.34
45 64 7.57
45 65 3.45
45 66 7.01
45 67 1.99
45 68 6.47
45 69 5.97
45 70 3.65
45 71 0.51
45 72 0.01
45 73 9.28
45 74 7.92
45 75 0.69
45 76 1.51
45 77 8.54
45 78 0.28
45 79 5.56
45 80 4.35
45 81 3.77
45 82 3.69
45 83 7.86
45 84 5.01
45 85 3.73
45 86 0.69
45 87 6.05
45 88 6.57
45 89 5.59
45 90 2.54
45 91 8.91
45 92 9.02
45 93 1.71
45 94 6.11
45 95 6.10
45 96 8.85
45 97 2.37
45 98 3.30
45 99 2.50
46 47 0.12
46 48 6.72
46 49 1.62
46 50 1.58
46 51 6.74
46 52 2.87
46 53 7.66
46 54 3.63
46 55 7.08
46 56 4.99
46 57 2.18
46 58 6.44
46 59 3.24
46 60 6.27
46 61 5.70
46 62 5.81
46 63 8.28
46 64 8.28
46 65 8.55
46 66 3.25
46 67 0.37
46 68 9.16
46 69 6.96
46 70 4.58
46 71 4.40
46 72 4.87
46 73 3.77
46 74 8.40
46 75 5.86
46 76 8.87
46 77 5.78
46 78 2.06
46 79 7.94
46 80 6.88
46 81 6.27
46 82 0.60
46 83 9.66
46 84 5.52
46 85 4.05
46 86 0.59
46 87 7.91
46 88 7.69
46 89 2.25
46 90 8.99
46 91 3.12
46 92 1.15
46 93 2.81
46 94 4.43
46 95 9.24
46 96 3.86
46 97 8.30
46 98 4.93
46 99 4.20
47 48 7.39
47 49 7.66
47 50 7.43
47 51 2.65
47 52 6.82
47 53 6.12
47 54 1.03
47 55 1.95
47 56 7.85
47 57 5.21
47 58 5.54
47 59 2.41
47 60 1.09
47 61 1.68
47 62 2.02
47 63 9.63
47 64 5.54
47 65 3.00
47 66 7.30
47 67 6.86
47 68 4.20
47 69 5.06
47 70 8.21
47 71 1.08
47 72 6.48
47 73 9.61
47 74 2.17
47 75 6.28
47 76 6.71
47 77 7.77
47 78 7.40
47 79 1.60
47 80 1.05
47 81 9.00
47 82 9.35
47 83 7.45
47 84 9.72
47 85 3.12
47 86 0.54
47 87 4.51
47 88 2.31
47 89 0.85
47 90 5.39
47 91 8.90
47 92 8.88
47 93 5.21
47 94 7.76
47 95 9.76
47 96 9.00
47 97 4.83
47 98 6.29
47 99 3.65
48 49 9.65
48 50 8.00
48 51 2.25
48 52 1.33
48 53 2.07
48 54 1.93
48 55 1.39
48 56 9.87
48 57 1.92
48 58 3.33
48 59 3.57
48 60 4.32
48 61 2.81
48 62 1.05
48 63 9.09
48 64 5.29
48 65 2.44
48 66 0.15
48 67 0.95
48 68 2.25
48 69 1.20
48 70 4.19
48 71 2.02
48 72 6.91
48 73 2.35
48 74 3.05
48 75 5.41
48 76 5.28
48 77 7.15
48 78 5.35
48 79 4.70
48 80 0.62
48 81 6.48
48 82 9.05
48 83 5.49
48 84 6.37
48 85 8.81
48 86 9.36
48 87 2.42
48 88 8.16
48 89 2.16
48 90 5.05
48 91 9.69
48 92 1.42
48 93 5.23
48 94 7.02
48 95 5.07
48 96 8.13
48 97 5.73
48 98 2.76
48 99 1.18
49 50 6.28
49 51 6.70
49 52 3.76
49 53 6.52
49 54 1.55
49 55 3.49
49 56 0.85
49 57 8.19
49 58 3.72
49 59 0.94
49 60 5.64
49 61 2.43
49 62 0.48
49 63 4.54
49 64 9.33
49 65 0.97
49 66 7.10
49 67 6.42
49 68 6.48
49 69 6.89
49 70 5.45
49 71 8.00
49 72 1.86
49 73 5.42
49 74 0.41
49 75 2.44
49 76 5.51
49 77 0.66
49 78 4.21
49 79 4.22
49 80 1.26
49 81 3.10
49 82 9.62
49 83 0.63
49 84 1.83
49 85 6.47
49 86 0.82
49 87 8.82
49 88 3.77
49 89 5.91
49 90 8.31
49 91 6.79
49 92 4.58
49 93 2.91
49 94 1.48
49 95 8.34
49 96 4.13
49 97 4.30
49 98 0.19
49 99 3.28
50 51 9.88
50 52 1.44
50 53 1.13
50 54 2.08
50 55 2.61
50 56 2.81
50 57 4.02
50 58 6.66
50 59 0.79
50 60 2.48
50 61 5.56
50 62 8.33
50 63 1.58
50 64 5.61
50 65 7.75
50 66 5.23
50 67 5.99
50 68 9.60
50 69 0.11
50 70 3.13
50 71 5.69
50 72 7.25
50 73 2.28
50 74 9.18
50 75 4.18
50 76 8.44
50 77 3.91
50 78 6.12
50 79 8.66
50 80 4.35
50 81 8.24
50 82 6.74
50 83 9.54
50 84 6.77
50 85 1.53
50 86 8.76
50 87 3.12
50 88 1.29
50 89 1.77
50 90 9.24
50 91 8.91
50 92 8.93
50 93 7.28
50 94 0.98
50 95 8.76
50 96 3.65
50 97 4.23
50 98 5.99
50 99 0.16
51 52 0.46
51 53 0.41
51 54 10.00
51 55 1.90
51 56 2.16
51 57 6.17
51 58 5.20
51 59 0.34
51 60 5.37
51 61 0.68
51 62 4.07
51 63 5.00
51 64 9.68
51 65 4.84
51 66 5.07
51 67 7.98
51 68 0.66
51 69 1.02
51 70 1.62
51 71 8.55
51 72 1.33
51 73 6.16
51 74 3.11
51 75 2.78
51 76 4.67
51 77 5.21
51 78 6.48
51 79 10.00
51 80 0.70
51 81 1.09
51 82 8.68
51 83 0.22
51 84 7.15
51 85 9.28
51 86 3.59
51 87 1.29
51 88 9.09
51 89 1.87
51 90 3.51
51 91 9.51
51 92 7.32
51 93 0.85
51 94 1.49
51 95 4.89
51 96 4.40
51 97 4.47
51 98 8.21
51 99 9.73
52 53 0.41
52 54 6.45
52 55 9.47
52 56 8.44
52 57 8.03
52 58 0.63
52 59 4.35
52 60 3.92
52 61 9.73
52 62 0.21
52 63 0.36
52 64 3.15
52 65 8.81
52 66 7.65
52 67 6.16
52 68 5.56
52 69 2.86
52 70 7.85
52 71 1.68
52 72 8.92
52 73 0.46
52 74 4.56
52 75 6.92
52 76 4.78
52 77 9.16
52 78 1.76
52 79 3.01
52 80 5.88
52 81 9.70
52 82 4.98
52 83 5.81
52 84 2.16
52 85 4.39
52 86 4.69
52 87 5.66
52 88 0.28
52 89 4.17
52 90 9.23
52 91 0.09
52 92 0.21
52 93 2.06
52 94 6.31
52 95 4.90
52 96 4.70
52 97 0.34
52 98 4.95
52 99 9.58
53 54 0.26
53 55 6.70
53 56 8.32
53 57 4.89
53 58 1.53
53 59 3.64
53 60 4.77
53 61 6.91
53 62 2.84
53 63 8.20
53 64 6.91
53 65 7.06
53 66 7.62
53 67 5.96
53 68 4.33
53 69 7.16
53 70 6.96
53 71 5.94
53 72 8.74
53 73 4.88
53 74 7.21
53 75 6.01
53 76 6.04
53 77 3.17
53 78 8.99
53 79 7.09
53 80 4.96
53 81 1.19
53 82 7.09
53 83 9.81
53 84 9.81
53 85 4.38
53 86 0.00
53 87 3.45
53 88 8.46
53 89 2.03
53 90 8.81
53 91 5.28
53 92 5.34
53 93 2.12
53 94 6.66
53 95 7.32
53 96 5.42
53 97 5.70
53 98 1.32
53 99 0.71
54 55 1.36
54 56 0.28
54 57 4.97
54 58 7.73
54 59 3.91
54 60 0.84
54 61 0.73
54 62 0.84
54 63 9.40
54 64 3.97
54 65 5.15
54 66 8.67
54 67 7.41
54 68 4.98
54 69 5.87
54 70 7.76
54 71 7.72
54 72 0.37
54 73 6.16
54 74 4.20
54 75 8.06
54 76 5.22
54 77 9.78
54 78 0.33
54 79 3.59
54 80 3.59
54 81 9.26
54 82 6.60
54 83 0.73
54 84 7.61
54 85 6.64
54 86 0.47
54 87 2.69
54 88 8.16
54 89 8.12
54 90 0.45
54 91 5.06
54 92 6.58
54 93 3.03
54 94 8.97
54 95 7.97
54 96 1.54
54 97 5.94
54 98 1.24
54 99 5.47
55 56 1.83
55 57 7.06
55 58 8.63
55 59 4.96
55 60 9.12
55 61 6.11
55 62 8.51
55 63 0.56
55 64 3.42
55 65 4.43
55 66 9.51
55 67 4.11
55 68 3.70
55 69 4.97
55 70 4.83
55 71 0.94
55 72 1.27
55 73 0.38
55 74 6.04
55 75 4.00
55 76 3.57
55 77 5.47
55 78 1.32
55 79 8.99
55 80 0.31
55 81 3.51
55 82 8.02
55 83 8.96
55 84 3.34
55 85 2.32
55 86 4.12
55 87 0.57
55 88 7.13
55 89 1.33
55 90 8.23
55 91 4.31
55 92 3.01
55 93 5.64
55 94 2.10
55 95 0.63
55 96 0.17
55 97 5.43
55 98 8.55
55 99 1.94
56 57 9.51
56 58 8.38
56 59 9.61
56 60 1.33
56 61 9.53
56 62 8.35
56 63 8.64
56 64 5.88
56 65 9.97
56 66 5.48
56 67 7.44
56 68 3.30
56 69 3.21
56 70 1.43
56 71 8.76
56 72 2.34
56 73 8.17
56 74 7.23
56 75 2.96
56 76 6.84
56 77 3.55
56 78 9.42
56 79 7.77
56 80 4.14
56 81 1.12
56 82 1.37
56 83 7.07
56 84 8.40
56 85 4.48
56 86 7.88
56 87 0.60
56 88 6.35
56 89 7.84
56 90 0.97
56 91 8.96
56 92 2.72
56 93 3.99
56 94 8.86
56 95 9.39
56 96 6.42
56 97 5.02
56 98 6.84
56 99 4.27
57 58 3.05
57 59 1.58
57 60 6.73
57 61 2.87
57 62 0.51
57 63 5.69
57 64 1.56
57 65 0.67
57 66 0.60
57 67 2.80
57 68 3.25
57 69 3.13
57 70 7.94
57 71 2.90
57 72 3.11
57 73 5.26
57 74 1.58
57 75 7.37
57 76 4.97
57 77 8.63
57 78 8.24
57 79 9.37
57 80 5.88
57 81 9.46
57 82 1.36
57 83 2.52
57 84 4.36
57 85 2.85
57 86 0.11
57 87 0.45
57 88 6.64
57 89 6.70
57 90 0.11
57 91 9.76
57 92 5.92
57 93 0.65
57 94 4.07
57 95 2.19
57 96 3.30
57 97 9.10
57 98 8.16
57 99 5.41
58 59 1.13
58 60 5.47
58 61 4.88
58 62 8.72
58 63 3.07
58 64 4.88
58 65 6.57
58 66 8.88
58 67 6.99
58 68 8.04
58 69 7.42
58 70 1.68
58 71 9.66
58 72 4.16
58 73 2.71
58 74 9.76
58 75 7.00
58 76 3.57
58 77 1.12
58 78 3.16
58 79 6.07
58 80 4.28
58 81 8.45
58 82 2.16
58 83 9.96
58 84 1.70
58 85 6.28
58 86 8.97
58 87 1.61
58 88 2.90
58 89 6.74
58 90 9.65
58 91 0.24
58 92 3.73
58 93 8.80
58 94 7.26
58 95 9.45
58 96 2.98
58 97 0.26
58 98 8.33
58 99 3.34
59 60 2.12
59 61 4.70
59 62 9.70
59 63 7.06
59 64 8.20
59 65 2.52
59 66 4.37
59 67 6.17
59 68 2.26
59 69 7.40
59 70 6.72
59 71 8.79
59 72 6.50
59 73 1.63
59 74 0.52
59 75 6.89
59 76 5.00
59 77 0.99
59 78 4.85
59 79 3.59
59 80 3.07
59 81 3.14
59 82 6.96
59 83 2.56
59 84 8.56
59 85 1.71
59 86 0.81
59 87 8.69
59 88 2.51
59 89 5.90
59 90 5.22
59 91 8.75
59 92 3.19
59 93 2.59
59 94 8.95
59 95 0.37
59 96 8.85
59 97 4.64
59 98 6.64
59 99 8.23
60 61 2.03
60 62 7.05
60 63 9.88
60 64 1.25
60 65 5.32
60 66 5.92
60 67 4.06
60 68 5.22
60 69 3.30
60 70 6.14
60 71 1.78
60 72 6.80
60 73 1.44
60 74 7.91
60 75 6.57
60 76 7.07
60 77 2.93
60 78 8.67
60 79 0.31
60 80 8.42
60 81 6.43
60 82 9.17
60 83 7.12
60 84 3.28
60 85 2.03
60 86 6.33
60 87 5.35
60 88 3.21
60 89 5.13
60 90 4.19
60 91 0.15
60 92 0.51
60 93 8.44
60 94 3.18
60 95 1.82
60 96 0.14
60 97 7.61
60 98 1.14
60 99 9.25
61 62 0.19
61 63 6.36
61 64 4.56
61 65 7.09
61 66 3.00
61 67 2.65
61 68 8.01
61 69 8.76
61 70 0.79
61 71 3.49
61 72 0.71
61 73 7.32
61 74 4.16
61 75 7.54
61 76 6.66
61 77 3.88
61 78 5.66
61 79 2.13
61 80 6.02
61 81 2.54
61 82 3.02
61 83 4.97
61 84 4.76
61 85 1.42
61 86 1.64
61 87 1.25
61 88 8.21
61 89 3.53
61 90 5.52
61 91 0.00
61 92 0.60
61 93 9.86
61 94 4.46
61 95 2.06
61 96 5.81
61 97 2.77
61 98 2.16
61 99 6.88
62 63 9.45
62 64 5.54
62 65 1.91
62 66 0.73
62 67 7.02
62 68 4.90
62 69 1.84
62 70 6.10
62 71 1.12
62 72 4.98
62 73 1.80
62 74 3.95
62 75 4.97
62 76 3.24
62 77 6.86
62 78 8.49
62 79 8.84
62 80 8.02
62 81 9.18
62 82 6.31
62 83 3.39
62 84 6.30
62 85 2.37
62 86 8.48
62 87 2.69
62 88 7.82
62 89 4.12
62 90 5.03
62 91 5.90
62 92 6.95
62 93 5.09
62 94 0.32
62 95 6.74
62 96 9.54
62 97 4.33
62 98 1.66
62 99 0.96
63 64 1.68
63 65 6.49
63 66 2.90
63 67 8.01
63 68 3.05
63 69 3.67
63 70 9.58
63 71 0.35
63 72 7.42
63 73 0.06
63 74 4.12
63 75 6.32
63 76 5.20
63 77 4.75
63 78 4.71
63 79 7.44
63 80 2.67
63 81 6.42
63 82 4.40
63 83 4.51
63 84 8.78
63 85 4.39
63 86 2.83
63 87 7.52
63 88 0.57
63 89 8.56
63 90 4.12
63 91 2.78
63 92 2.69
63 93 8.74
63 94 2.78
63 95 1.61
63 96 5.02
63 97 3.48
63 98 0.12
63 99 8.88
64 65 8.46
64 66 9.96
64 67 2.05
64 68 5.83
64 69 6.33
64 70 1.52
64 71 6.72
64 72 9.89
64 73 8.38
64 74 4.11
64 75 6.67
64 76 1.91
64 77 3.27
64 78 6.68
64 79 5.86
64 80 5.38
64 81 2.03
64 82 3.31
64 83 1.52
64 84 7.29
64 85 4.22
64 86 1.90
64 87 9.27
64 88 3.43
64 89 7.34
64 90 7.73
64 91 9.17
64 92 0.18
64 93 5.90
64 94 5.36
64 95 7.47
64 96 5.24
64 97 2.92
64 98 3.88
64 99 5.43
65 66 2.28
65 67 2.50
65 68 6.75
65 69 6.29
65 70 5.69
65 71 4.95
65 72 2.62
65 73 3.18
65 74 7.18
65 75 8.96
65 76 0.79
65 77 5.40
65 78 5.79
65 79 9.95
65 80 6.11
65 81 6.63
65 82 2.14
65 83 7.26
65 84 0.48
65 85 5.57
65 86 4.33
65 87 7.27
65 88 5.41
65 89 5.57
65 90 1.66
65 91 7.36
65 92 1.89
65 93 7.46
65 94 8.02
65 95 3.75
65 96 4.21
65 97 5.01
65 98 1.25
65 99 0.80
66 67 2.67
66 68 7.26
66 69 9.42
66 70 0.02
66 71 3.60
66 72 8.46
66 73 9.16
66 74 9.35
66 75 0.04
66 76 2.32
66 77 2.26
66 78 2.94
66 79 5.64
66 80 0.02
66 81 3.40
66 82 7.61
66 83 0.28
66 84 9.37
66 85 6.75
66 86 3.30
66 87 7.85
66 88 5.12
66 89 0.06
66 90 0.48
66 91 4.52
66 92 9.49
66 93 7.47
66 94 0.10
66 95 9.81
66 96 2.15
66 97 6.32
66 98 1.03
66 99 6.21
67 68 2.76
67 69 6.39
67 70 8.43
67 71 4.19
67 72 8.59
67 73 9.20
67 74 9.85
67 75 1.70
67 76 8.51
67 77 8.36
67 78 9.74
67 79 2.72
67 80 3.33
67 81 0.79
67 82 8.71
67 83 1.46
67 84 9.32
67 85 3.98
67 86 3.31
67 87 7.83
67 88 6.34
67 89 8.31
67 90 1.52
67 91 9.84
67 92 3.72
67 93 2.73
67 94 3.94
67 95 8.89
67 96 5.20
67 97 4.04
67 98 8.21
67 99 8.26
68 69 2.04
68 70 6.88
68 71 9.69
68 72 7.95
68 73 2.67
68 74 6.77
68 75 7.42
68 76 3.75
68 77 7.58
68 78 7.15
68 79 5.33
68 80 2.28
68 81 8.34
68 82 0.39
68 83 7.48
68 84 8.93
68 85 0.90
68 86 6.20
68 87 6.11
68 88 8.78
68 89 5.00
68 90 8.70
68 91 0.79
68 92 9.04
68 93 7.44
68 94 0.61
68 95 3.13
68 96 7.04
68 97 2.10
68 98 4.09
68 99 7.93
69 70 5.35
69 71 4.00
69 72 6.28
69 73 5.53
69 74 8.32
69 75 8.67
69 76 6.75
69 77 5.97
69 78 1.51
69 79 6.78
69 80 4.32
69 81 4.02
69 82 4.19
69 83 0.59
69 84 2.50
69 85 6.46
69 86 1.56
69 87 6.09
69 88 4.44
69 89 9.19
69 90 6.32
69 91 4.33
69 92 1.03
69 93 0.69
69 94 2.52
69 95 5.29
69 96 3.11
69 97 8.83
69 98 1.55
69 99 3.10
70 71 5.06
70 72 8.74
70 73 6.10
70 74 0.81
70 75 6.56
70 76 2.20
70 77 9.63
70 78 6.79
70 79 8.72
70 80 6.74
70 81 1.62
70 82 9.45
70 83 9.84
70 84 1.39
70 85 7.37
70 86 3.55
70 87 0.36
70 88 0.77
70 89 3.00
70 90 0.33
70 91 0.24
70 92 7.50
70 93 6.38
70 94 2.23
70 95 5.41
70 96 2.98
70 97 9.92
70 98 2.28
70 99 2.78
71 72 8.89
71 73 4.85
71 74 0.76
71 75 4.97
71 76 1.97
71 77 9.46
71 78 2.66
71 79 3.28
71 80 0.21
71 81 3.19
71 82 0.20
71 83 8.14
71 84 3.58
71 85 9.51
71 86 1.21
71 87 7.37
71 88 6.31
71 89 0.19
71 90 9.52
71 91 9.79
71 92 4.09
71 93 2.36
71 94 4.21
71 95 3.28
71 96 2.61
71 97 7.40
71 98 7.19
71 99 9.61
72 73 3.78
72 74 4.93
72 75 3.20
72 76 7.70
72 77 0.20
72 78 1.97
72 79 1.77
72 80 1.30
72 81 8.30
72 82 9.33
72 83 8.73
72 84 6.55
72 85 8.39
72 86 3.52
72 87 5.53
72 88 7.21
72 89 7.66
72 90 3.50
72 91 2.07
72 92 6.65
72 93 9.49
72 94 0.38
72 95 2.74
72 96 4.47
72 97 5.07
72 98 2.19
72 99 2.13
73 74 4.67
73 75 6.47
73 76 1.80
73 77 4.03
73 78 7.60
73 79 3.22
73 80 7.78
73 81 8.05
73 82 3.37
73 83 8.24
73 84 9.14
73 85 2.21
73 86 6.96
73 87 1.33
73 88 1.81
73 89 6.78
73 90 8.65
73 91 3.35
73 92 6.09
73 93 1.30
73 94 4.30
73 95 2.86
73 96 8.08
73 97 4.18
73 98 6.84
73 99 9.03
74 75 7.39
74 76 6.52
74 77 6.63
74 78 1.71
74 79 9.62
74 80 0.56
74 81 0.24
74 82 3.46
74 83 2.12
74 84 3.16
74 85 5.28
74 86 7.18
74 87 5.77
74 88 0.47
74 89 8.68
74 90 0.25
74 91 3.45
74 92 1.99
74 93 2.79
74 94 5.72
74 95 2.35
74 96 8.55
74 97 8.54
74 98 0.66
74 99 5.38
75 76 4.52
75 77 3.15
75 78 8.45
75 79 4.84
75 80 9.66
75 81 8.42
75 82 0.37
75 83 8.30
75 84 3.15
75 85 9.85
75 86 0.23
75 87 7.74
75 88 0.05
75 89 2.52
75 90 0.40
75 91 0.51
75 92 7.49
75 93 8.53
75 94 1.40
75 95 6.33
75 96 2.22
75 97 4.41
75 98 4.64
75 99 4.07
76 77 2.80
76 78 6.18
76 79 2.06
76 80 5.83
76 81 1.79
76 82 5.38
76 83 3.95
76 84 3.01
76 85 8.90
76 86 4.62
76 87 6.97
76 88 4.21
76 89 3.30
76 90 4.47
76 91 4.98
76 92 9.18
76 93 4.07
76 94 1.49
76 95 0.98
76 96 4.80
76 97 8.01
76 98 1.14
76 99 1.37
77 78 0.13
77 79 5.05
77 80 3.26
77 81 0.37
77 82 5.18
77 83 2.67
77 84 6.49
77 85 6.26
77 86 5.57
77 87 1.05
77 88 8.14
77 89 9.82
77 90 7.64
77 91 6.55
77 92 6.53
77 93 2.03
77 94 6.78
77 95 7.34
77 96 0.40
77 97 4.23
77 98 3.28
77 99 8.63
78 79 7.84
78 80 9.75
78 81 0.66
78 82 4.06
78 83 1.78
78 84 3.62
78 85 4.72
78 86 2.46
78 87 4.02
78 88 9.86
78 89 7.47
78 90 6.57
78 91 3.48
78 92 2.24
78 93 7.79
78 94 8.40
78 95 7.00
78 96 5.84
78 97 0.32
78 98 4.59
78 99 0.45
79 80 7.44
79 81 9.74
79 82 9.75
79 83 9.71
79 84 4.45
79 85 4.63
79 86 9.10
79 87 1.28
79 88 7.38
79 89 4.65
79 90 3.96
79 91 5.83
79 92 1.36
79 93 0.13
79 94 0.21
79 95 6.64
79 96 5.62
79 97 5.06
79 98 2.97
79 99 6.46
80 81 3.13
80 82 3.81
80 83 2.41
80 84 7.97
80 85 4.54
80 86 9.52
80 87 2.80
80 88 9.87
80 89 8.49
80 90 6.57
80 91 2.10
80 92 9.26
80 93 1.02
80 94 2.92
80 95 5.95
80 96 7.42
80 97 5.94
80 98 4.38
80 99 8.13
81 82 9.54
81 83 9.52
81 84 2.52
81 85 5.37
81 86 4.52
81 87 5.28
81 88 2.78
81 89 3.19
81 90 1.03
81 91 0.28
81 92 2.56
81 93 6.96
81 94 7.72
81 95 9.39
81 96 4.66
81 97 9.81
81 98 0.45
81 99 1.73
82 83 9.83
82 84 3.28
82 85 5.82
82 86 0.51
82 87 2.68
82 88 6.66
82 89 6.07
82 90 5.80
82 91 3.23
82 92 9.15
82 93 0.47
82 94 5.89
82 95 3.67
82 96 3.87
82 97 2.47
82 98 1.77
82 99 6.49
83 84 2.02
83 85 7.64
83 86 9.76
83 87 0.31
83 88 3.25
83 89 5.79
83 90 3.35
83 91 9.39
83 92 3.71
83 93 2.75
83 94 4.15
83 95 1.84
83 96 3.23
83 97 0.76
83 98 8.56
83 99 3.41
84 85 4.29
84 86 1.33
84 87 6.98
84 88 1.10
84 89 1.12
84 90 9.03
84 91 3.75
84 92 6.69
84 93 2.84
84 94 4.70
84 95 8.40
84 96 6.25
84 97 5.75
84 98 1.96
84 99 3.39
85 86 6.85
85 87 9.36
85 88 9.94
85 89 8.68
85 90 8.51
85 91 9.60
85 92 8.46
85 93 1.32
85 94 0.35
85 95 2.49
85 96 1.03
85 97 1.12
85 98 1.95
85 99 4.01
86 87 2.53
86 88 3.77
86 89 6.24
86 90 1.03
86 91 2.76
86 92 1.31
86 93 7.72
86 94 7.77
86 95 2.98
86 96 8.78
86 97 1.18
86 98 7.06
86 99 5.58
87 88 1.87
87 89 2.70
87 90 4.31
87 91 4.59
87 92 1.35
87 93 3.21
87 94 0.44
87 95 4.53
87 96 4.62
87 97 5.30
87 98 6.23
87 99 1.16
88 89 6.53
88 90 3.28
88 91 7.56
88 92 2.03
88 93 4.03
88 94 6.24
88 95 1.96
88 96 9.92
88 97 9.52
88 98 4.80
88 99 4.83
89 90 0.40
89 91 0.58
89 92 4.91
89 93 4.03
89 94 5.82
89 95 6.48
89 96 1.06
89 97 9.55
89 98 1.72
89 99 9.96
90 91 9.51
90 92 3.90
90 93 9.75
90 94 4.72
90 95 6.73
90 96 8.77
90 97 3.21
90 98 1.92
90 99 6.06
91 92 5.47
91 93 3.34
91 94 0.58
91 95 2.28
91 96 8.92
91 97 6.75
91 98 6.36
91 99 1.72
92 93 2.25
92 94 7.00
92 95 0.56
92 96 7.21
92 97 3.35
92 98 7.73
92 99 8.87
93 94 2.96
93 95 8.89
93 96 1.50
93 97 4.74
93 98 3.75
93 99 2.13
94 95 9.24
94 96 1.68
94 97 4.39
94 98 0.95
94 99 8.98
95 96 1.54
95 97 7.11
95 98 1.37
95 99 3.38
96 97 3.29
96 98 2.20
96 99 5.62
97 98 9.81
97 99 6.30
98 99 2.60
