100 10
0 1 4.88
0 2 3.50
0 3 4.92
0 4 2.03
0 5 6.93
0 6 1.12
0 7 6.27
0 8 3.28
0 9 6.56
0 10 9.31
0 11 4.81
0 12 3.81
0 13 1.59
0 14 7.39
0 15 7.35
0 16 9.62
0 17 0.28
0 18 3.04
0 19 1.92
0 20 3.36
0 21 0.26
0 22 8.53
0 23 1.92
0 24 0.56
0 25 5.71
0 26 5.62
0 27 7.72
0 28 7.10
0 29 6.13
0 30 2.58
0 31 7.10
0 32 8.12
0 33 6.82
0 34 3.43
0 35 5.25
0 36 4.94
0 37 3.94
0 38 4.01
0 39 8.02
0 40 3.68
0 41 0.11
0 42 6.33
0 43 4.10
0 44 0.41
0 45 8.86
0 46 9.47
0 47 9.07
0 48 3.01
0 49 9.03
0 50 0.57
0 51 4.74
0 52 9.28
0 53 4.94
0 54 2.04
0 55 6.62
0 56 5.59
0 57 0.29
0 58 6.81
0 59 2.21
0 60 3.18
0 61 4.35
0 62 6.28
0 63 3.76
0 64 0.52
0 65 7.06
0 66 5.28
0 67 5.19
0 68 9.61
0 69 8.43
0 70 5.74
0 71 5.33
0 72 4.17
0 73 5.73
0 74 4.13
0 75 1.10
0 76 0.91
0 77 0.12
0 78 9.25
0 79 1.12
0 80 9.95
0 81 7.81
0 82 1.18
0 83 9.21
0 84 3.99
0 85 8.95
0 86 7.41
0 87 7.87
0 88 5.94
0 89 9.85
0 90 2.88
0 91 4.64
0 92 1.95
0 93 4.18
0 94 9.38
0 95 1.33
0 96 6.88
0 97 4.80
0 98 0.29
0 99 8.04
1 2 3.39
1 3 0.34
1 4 0.07
1 5 2.80
1 6 4.09
1 7 4.37
1 8 2.45
1 9 4.40
1 10 0.08
1 11 4.59
1 12 6.67
1 13 2.84
1 14 3.14
1 15 7.74
1 16 0.74
1 17 1.10
1 18 6.81
1 19 4.36
1 20 6.72
1 21 2.06
1 22 6.44
1 23 5.86
1 24 2.29
1 25 1.73
1 26 0.97
1 27 0.31
1 28 4.43
1 29 4.23
1 30 5.76
1 31 3.21
1 32 7.23
1 33 4.63
1 34 3.60
1 35 3.72
1 36 9.70
1 37 8.75
1 38 0.31
1 39 0.14
1 40 9.24
1 41 8.10
1 42 5.07
1 43 0.99
1 44 4.51
1 45 2.54
1 46 5.69
1 47 0.89
1 48 8.27
1 49 9.57
1 50 6.41
1 51 0.79
1 52 0.54
1 53 3.74
1 54 3.32
1 55 6.84
1 56 8.85
1 57 4.93
1 58 1.83
1 59 5.16
1 60 7.27
1 61 9.69
1 62 2.01
1 63 0.43
1 64 1.16
1 65 2.54
1 66 6.87
1 67 4.86
1 68 2.90
1 69 9.68
1 70 4.00
1 71 3.18
1 72 9.39
1 73 9.20
1 74 7.24
1 75 2.21
1 76 3.07
1 77 0.55
1 78 8.88
1 79 2.47
1 80 9.50
1 81 3.90
1 82 1.35
1 83 7.11
1 84 2.85
1 85 8.87
1 86 7.67
1 87 4.09
1 88 1.93
1 89 7.82
1 90 3.70
1 91 8.04
1 92 2.59
1 93 9.12
1 94 1.25
1 95 8.97
1 96 5.85
1 97 7.77
1 98 8.39
1 99 3.33
2 3 5.83
2 4 1.12
2 5 6.95
2 6 9.93
2 7 0.14
2 8 1.70
2 9 9.10
2 10 4.75
2 11 7.65
2 12 6.18
2 13 0.23
2 14 2.35
2 15 4.04
2 16 2.39
2 17 9.48
2 18 2.35
2 19 6.37
2 20 7.11
2 21 7.54
2 22 4.86
2 23 3.58
2 24 2.02
2 25 0.91
2 26 5.74
2 27 0.60
2 28 3.93
2 29 6.17
2 30 0.52
2 31 8.35
2 32 9.95
2 33 3.50
2 34 7.72
2 35 4.73
2 36 4.34
2 37 6.06
2 38 6.64
2 39 5.84
2 40 1.26
2 41 0.94
2 42 9.85
2 43 3.38
2 44 3.79
2 45 8.69
2 46 6.38
2 47 7.86
2 48 0.85
2 49 4.43
2 50 5.39
2 51 5.56
2 52 3.65
2 53 3.52
2 54 9.57
2 55 0.44
2 56 1.88
2 57 5.79
2 58 0.40
2 59 1.77
2 60 0.25
2 61 4.43
2 62 4.35
2 63 3.98
2 64 7.11
2 65 6.01
2 66 1.80
2 67 7.74
2 68 2.46
2 69 8.38
2 70 0.75
2 71 5.38
2 72 0.81
2 73 4.45
2 74 9.39
2 75 1.66
2 76 3.25
2 77 5.56
2 78 9.52
2 79 2.25
2 80 0.58
2 81 3.95
2 82 5.84
2 83 7.05
2 84 5.68
2 85 2.23
2 86 9.41
2 87 7.31
2 88 3.72
2 89 8.54
2 90 8.61
2 91 6.04
2 92 4.93
2 93 3.64
2 94 6.02
2 95 1.39
2 96 7.82
2 97 2.10
2 98 8.53
2 99 7.20
3 4 9.28
3 5 6.46
3 6 1.43
3 7 4.71
3 8 3.04
3 9 2.86
3 10 3.09
3 11 3.86
3 12 2.09
3 13 9.18
3 14 6.55
3 15 6.44
3 16 0.22
3 17 2.24
3 18 9.02
3 19 7.60
3 20 9.17
3 21 4.77
3 22 6.74
3 23 0.71
3 24 9.44
3 25 7.08
3 26 5.02
3 27 0.51
3 28 4.69
3 29 9.80
3 30 2.26
3 31 0.85
3 32 5.17
3 33 1.08
3 34 0.42
3 35 7.25
3 36 1.19
3 37 1.71
3 38 2.92
3 39 9.86
3 40 2.76
3 41 9.96
3 42 8.24
3 43 0.57
3 44 8.16
3 45 7.34
3 46 9.65
3 47 9.28
3 48 7.38
3 49 2.83
3 50 2.08
3 51 6.53
3 52 8.31
3 53 2.19
3 54 8.42
3 55 6.28
3 56 4.07
3 57 4.24
3 58 6.69
3 59 3.39
3 60 2.36
3 61 3.62
3 62 1.93
3 63 7.49
3 64 6.14
3 65 4.17
3 66 6.43
3 67 5.81
3 68 8.04
3 69 7.00
3 70 2.05
3 71 7.14
3 72 0.76
3 73 5.02
3 74 7.95
3 75 7.77
3 76 4.36
3 77 6.27
3 78 2.04
3 79 4.06
3 80 6.60
3 81 1.53
3 82 9.65
3 83 7.34
3 84 5.88
3 85 1.87
3 86 7.04
3 87 0.49
3 88 7.61
3 89 5.54
3 90 5.00
3 91 1.30
3 92 6.10
3 93 0.38
3 94 7.49
3 95 1.35
3 96 7.21
3 97 3.43
3 98 6.30
3 99 3.60
4 5 4.48
4 6 2.54
4 7 3.90
4 8 6.26
4 9 3.53
4 10 8.30
4 11 6.01
4 12 8.78
4 13 6.14
4 14 6.29
4 15 6.64
4 16 9.06
4 17 5.85
4 18 9.78
4 19 9.23
4 20 1.24
4 21 5.88
4 22 3.69
4 23 4.47
4 24 6.80
4 25 7.85
4 26 1.05
4 27 1.94
4 28 4.65
4 29 5.26
4 30 2.68
4 31 0.66
4 32 1.43
4 33 6.17
4 34 9.88
4 35 1.62
4 36 8.36
4 37 0.71
4 38 1.65
4 39 1.14
4 40 9.59
4 41 3.08
4 42 1.61
4 43 0.41
4 44 4.06
4 45 8.01
4 46 3.86
4 47 8.18
4 48 0.53
4 49 6.25
4 50 7.65
4 51 2.92
4 52 7.32
4 53 1.41
4 54 9.61
4 55 9.98
4 56 1.59
4 57 6.94
4 58 0.00
4 59 7.75
4 60 3.27
4 61 2.52
4 62 0.36
4 63 3.51
4 64 4.01
4 65 6.30
4 66 7.41
4 67 8.50
4 68 1.47
4 69 2.24
4 70 4.27
4 71 5.27
4 72 2.50
4 73 1.39
4 74 9.77
4 75 0.18
4 76 5.40
4 77 9.29
4 78 4.99
4 79 9.43
4 80 1.41
4 81 6.77
4 82 0.18
4 83 3.85
4 84 5.28
4 85 0.19
4 86 1.17
4 87 7.09
4 88 2.26
4 89 9.89
4 90 4.43
4 91 3.46
4 92 7.74
4 93 9.93
4 94 5.40
4 95 3.76
4 96 8.68
4 97 1.52
4 98 6.72
4 99 9.90
5 6 5.25
5 7 8.16
5 8 1.39
5 9 5.43
5 10 7.88
5 11 9.07
5 12 9.19
5 13 6.26
5 14 9.81
5 15 0.50
5 16 3.01
5 17 3.89
5 18 3.00
5 19 7.22
5 20 7.26
5 21 2.15
5 22 7.39
5 23 7.41
5 24 7.88
5 25 4.14
5 26 9.43
5 27 5.31
5 28 8.84
5 29 3.12
5 30 6.72
5 31 3.86
5 32 8.84
5 33 7.41
5 34 7.67
5 35 3.08
5 36 0.79
5 37 6.41
5 38 9.42
5 39 4.29
5 40 9.13
5 41 6.39
5 42 0.13
5 43 6.89
5 44 6.59
5 45 7.43
5 46 7.92
5 47 3.16
5 48 7.20
5 49 6.78
5 50 1.74
5 51 9.15
5 52 1.93
5 53 6.32
5 54 4.35
5 55 3.53
5 56 5.38
5 57 0.09
5 58 2.17
5 59 2.74
5 60 8.74
5 61 9.19
5 62 0.46
5 63 9.60
5 64 8.70
5 65 4.16
5 66 8.33
5 67 7.87
5 68 4.43
5 69 3.24
5 70 7.37
5 71 7.75
5 72 6.36
5 73 3.06
5 74 3.85
5 75 3.10
5 76 0.48
5 77 2.51
5 78 0.20
5 79 5.50
5 80 5.20
5 81 5.55
5 82 0.61
5 83 8.24
5 84 0.04
5 85 2.53
5 86 1.05
5 87 8.76
5 88 5.07
5 89 9.00
5 90 5.13
5 91 0.18
5 92 9.55
5 93 5.88
5 94 5.32
5 95 8.60
5 96 4.58
5 97 9.18
5 98 3.52
5 99 3.10
6 7 1.07
6 8 2.57
6 9 9.65
6 10 1.10
6 11 6.09
6 12 2.39
6 13 1.35
6 14 6.01
6 15 1.52
6 16 8.40
6 17 5.64
6 18 8.28
6 19 0.11
6 20 9.03
6 21 5.56
6 22 9.86
6 23 7.65
6 24 1.08
6 25 5.29
6 26 3.88
6 27 3.93
6 28 9.71
6 29 4.70
6 30 7.80
6 31 3.69
6 32 3.05
6 33 2.82
6 34 2.07
6 35 5.36
6 36 2.73
6 37 6.04
6 38 2.39
6 39 2.04
6 40 8.29
6 41 4.14
6 42 2.52
6 43 5.59
6 44 1.65
6 45 6.28
6 46 3.15
6 47 9.59
6 48 1.57
6 49 6.58
6 50 5.21
6 51 3.97
6 52 8.46
6 53 1.48
6 54 5.09
6 55 8.84
6 56 6.36
6 57 8.82
6 58 4.21
6 59 3.72
6 60 3.02
6 61 5.59
6 62 9.05
6 63 9.42
6 64 0.27
6 65 6.00
6 66 7.98
6 67 3.13
6 68 3.44
6 69 9.06
6 70 5.97
6 71 3.58
6 72 7.97
6 73 7.26
6 74 9.11
6 75 7.92
6 76 0.71
6 77 7.82
6 78 7.74
6 79 1.72
6 80 2.66
6 81 8.19
6 82 9.37
6 83 4.32
6 84 5.11
6 85 1.65
6 86 3.80
6 87 0.05
6 88 3.56
6 89 6.16
6 90 9.42
6 91 5.08
6 92 4.59
6 93 4.19
6 94 5.26
6 95 7.54
6 96 6.32
6 97 4.76
6 98 5.42
6 99 5.62
7 8 8.44
7 9 9.87
7 10 4.81
7 11 2.63
7 12 0.40
7 13 4.33
7 14 7.68
7 15 7.77
7 16 3.06
7 17 0.46
7 18 4.99
7 19 4.71
7 20 9.73
7 21 3.38
7 22 0.87
7 23 2.48
7 24 4.12
7 25 9.50
7 26 8.29
7 27 9.20
7 28 4.28
7 29 5.81
7 30 7.10
7 31 1.01
7 32 1.40
7 33 3.52
7 34 2.94
7 35 4.26
7 36 9.39
7 37 6.53
7 38 2.19
7 39 9.86
7 40 0.43
7 41 8.93
7 42 7.64
7 43 6.89
7 44 5.08
7 45 7.15
7 46 5.38
7 47 3.16
7 48 2.27
7 49 5.02
7 50 1.26
7 51 4.32
7 52 0.56
7 53 2.17
7 54 8.31
7 55 9.18
7 56 2.17
7 57 2.12
7 58 4.93
7 59 3.62
7 60 9.40
7 61 1.50
7 62 8.41
7 63 1.04
7 64 8.54
7 65 1.84
7 66 2.36
7 67 2.89
7 68 9.82
7 69 3.22
7 70 2.93
7 71 7.79
7 72 3.32
7 73 5.58
7 74 5.02
7 75 1.43
7 76 9.45
7 77 7.58
7 78 0.75
7 79 2.81
7 80 2.03
7 81 9.44
7 82 3.66
7 83 1.21
7 84 9.93
7 85 3.36
7 86 7.36
7 87 1.45
7 88 8.23
7 89 8.52
7 90 6.55
7 91 8.58
7 92 7.53
7 93 4.27
7 94 6.43
7 95 5.13
7 96 1.28
7 97 6.84
7 98 9.81
7 99 2.08
8 9 2.18
8 10 1.49
8 11 8.19
8 12 4.94
8 13 7.69
8 14 6.69
8 15 2.22
8 16 6.84
8 17 1.81
8 18 5.55
8 19 7.39
8 20 9.80
8 21 8.16
8 22 1.20
8 23 5.76
8 24 7.40
8 25 6.51
8 26 1.17
8 27 0.59
8 28 4.03
8 29 4.25
8 30 5.21
8 31 0.41
8 32 9.06
8 33 6.34
8 34 8.03
8 35 0.97
8 36 2.45
8 37 8.70
8 38 4.23
8 39 1.45
8 40 4.47
8 41 1.63
8 42 9.46
8 43 0.19
8 44 4.40
8 45 2.21
8 46 7.48
8 47 2.00
8 48 3.74
8 49 4.38
8 50 1.07
8 51 2.35
8 52 5.01
8 53 8.85
8 54 9.40
8 55 6.79
8 56 8.33
8 57 4.95
8 58 0.60
8 59 7.45
8 60 6.28
8 61 6.20
8 62 6.06
8 63 8.73
8 64 6.54
8 65 7.18
8 66 0.30
8 67 6.58
8 68 5.03
8 69 4.51
8 70 4.85
8 71 8.56
8 72 7.15
8 73 5.65
8 74 3.73
8 75 6.65
8 76 0.16
8 77 3.87
8 78 1.02
8 79 8.67
8 80 8.29
8 81 1.89
8 82 1.18
8 83 4.59
8 84 9.70
8 85 1.89
8 86 2.94
8 87 4.55
8 88 6.18
8 89 3.68
8 90 8.36
8 91 8.20
8 92 9.71
8 93 1.47
8 94 2.26
8 95 6.88
8 96 5.53
8 97 1.45
8 98 8.68
8 99 7.11
9 10 8.45
9 11 3.66
9 12 3.49
9 13 2.06
9 14 7.60
9 15 8.46
9 16 5.93
9 17 1.15
9 18 5.51
9 19 4.08
9 20 2.67
9 21 7.78
9 22 6.98
9 23 1.28
9 24 6.33
9 25 3.51
9 26 9.02
9 27 9.55
9 28 6.97
9 29 6.61
9 30 7.93
9 31 6.11
9 32 8.95
9 33 9.00
9 34 8.54
9 35 8.81
9 36 9.45
9 37 8.41
9 38 6.02
9 39 8.60
9 40 3.08
9 41 3.90
9 42 4.12
9 43 5.72
9 44 1.44
9 45 8.58
9 46 8.51
9 47 4.12
9 48 6.26
9 49 9.07
9 50 9.28
9 51 7.34
9 52 1.15
9 53 0.13
9 54 4.48
9 55 1.39
9 56 9.35
9 57 5.68
9 58 3.34
9 59 0.90
9 60 4.71
9 61 2.00
9 62 5.37
9 63 4.55
9 64 7.20
9 65 8.93
9 66 1.16
9 67 2.44
9 68 1.07
9 69 4.93
9 70 4.06
9 71 3.00
9 72 5.08
9 73 0.44
9 74 5.43
9 75 5.32
9 76 5.27
9 77 0.51
9 78 3.99
9 79 0.00
9 80 9.82
9 81 5.61
9 82 1.55
9 83 1.47
9 84 8.45
9 85 2.59
9 86 8.98
9 87 3.03
9 88 0.28
9 89 2.03
9 90 1.48
9 91 3.50
9 92 9.52
9 93 2.76
9 94 8.40
9 95 6.64
9 96 8.92
9 97 7.18
9 98 5.56
9 99 0.84
10 11 7.44
10 12 2.65
10 13 5.25
10 14 0.46
10 15 1.00
10 16 0.21
10 17 6.12
10 18 4.37
10 19 0.51
10 20 7.57
10 21 0.63
10 22 0.26
10 23 2.61
10 24 0.34
10 25 0.77
10 26 5.61
10 27 3.41
10 28 9.44
10 29 7.79
10 30 3.81
10 31 6.79
10 32 4.98
10 33 5.48
10 34 6.55
10 35 1.84
10 36 5.33
10 37 9.05
10 38 1.62
10 39 1.19
10 40 7.82
10 41 1.32
10 42 3.58
10 43 4.75
10 44 3.52
10 45 2.21
10 46 1.14
10 47 8.83
10 48 1.41
10 49 2.51
10 50 4.67
10 51 4.34
10 52 1.79
10 53 1.08
10 54 3.83
10 55 1.80
10 56 8.28
10 57 1.74
10 58 9.06
10 59 9.59
10 60 8.07
10 61 0.97
10 62 8.40
10 63 5.62
10 64 1.67
10 65 3.03
10 66 2.66
10 67 1.13
10 68 0.72
10 69 1.55
10 70 5.42
10 71 4.85
10 72 6.01
10 73 9.00
10 74 0.36
10 75 2.30
10 76 9.13
10 77 6.76
10 78 2.55
10 79 6.24
10 80 6.45
10 81 3.52
10 82 5.63
10 83 4.31
10 84 9.14
10 85 9.74
10 86 1.36
10 87 6.05
10 88 9.21
10 89 5.22
10 90 6.92
10 91 5.79
10 92 8.21
10 93 4.04
10 94 0.20
10 95 0.85
10 96 7.20
10 97 1.21
10 98 5.06
10 99 2.21
11 12 7.68
11 13 3.44
11 14 1.23
11 15 8.49
11 16 6.78
11 17 1.58
11 18 1.47
11 19 3.62
11 20 3.36
11 21 4.54
11 22 1.30
11 23 3.80
11 24 3.95
11 25 8.94
11 26 8.63
11 27 9.72
11 28 6.57
11 29 8.14
11 30 8.25
11 31 7.39
11 32 8.75
11 33 6.99
11 34 9.99
11 35 2.19
11 36 6.16
11 37 6.22
11 38 1.18
11 39 4.95
11 40 2.91
11 41 3.73
11 42 7.42
11 43 8.56
11 44 2.97
11 45 3.92
11 46 3.57
11 47 3.45
11 48 5.74
11 49 6.27
11 50 8.74
11 51 4.23
11 52 7.84
11 53 6.92
11 54 3.38
11 55 1.59
11 56 8.99
11 57 5.57
11 58 8.55
11 59 9.86
11 60 8.32
11 61 9.28
11 62 6.75
11 63 4.09
11 64 9.37
11 65 2.85
11 66 2.95
11 67 9.14
11 68 4.36
11 69 1.97
11 70 7.34
11 71 2.17
11 72 9.96
11 73 1.56
11 74 8.15
11 75 3.25
11 76 1.10
11 77 0.23
11 78 3.86
11 79 1.65
11 80 2.54
11 81 5.12
11 82 8.49
11 83 2.57
11 84 5.02
11 85 2.55
11 86 6.13
11 87 8.15
11 88 5.55
11 89 3.64
11 90 7.85
11 91 4.41
11 92 0.88
11 93 2.64
11 94 8.23
11 95 4.90
11 96 7.81
11 97 8.28
11 98 9.66
11 99 4.11
12 13 8.88
12 14 2.83
12 15 4.40
12 16 7.37
12 17 9.60
12 18 2.24
12 19 4.48
12 20 8.61
12 21 3.81
12 22 1.77
12 23 1.92
12 24 9.54
12 25 2.78
12 26 7.66
12 27 4.09
12 28 0.93
12 29 1.29
12 30 7.91
12 31 7.76
12 32 4.57
12 33 4.37
12 34 5.85
12 35 1.86
12 36 1.49
12 37 5.72
12 38 7.28
12 39 1.62
12 40 2.64
12 41 5.93
12 42 4.38
12 43 6.64
12 44 1.21
12 45 8.14
12 46 3.65
12 47 0.28
12 48 8.81
12 49 0.82
12 50 7.12
12 51 5.61
12 52 8.56
12 53 9.23
12 54 7.81
12 55 0.21
12 56 4.83
12 57 4.85
12 58 1.24
12 59 8.97
12 60 3.39
12 61 5.06
12 62 5.99
12 63 6.69
12 64 2.08
12 65 0.28
12 66 9.62
12 67 2.90
12 68 0.02
12 69 8.55
12 70 2.48
12 71 5.40
12 72 3.56
12 73 8.59
12 74 5.53
12 75 8.44
12 76 1.76
12 77 9.14
12 78 0.52
12 79 7.93
12 80 7.75
12 81 0.21
12 82 6.80
12 83 5.47
12 84 5.96
12 85 7.62
12 86 8.97
12 87 6.68
12 88 6.29
12 89 4.56
12 90 8.49
12 91 8.07
12 92 3.55
12 93 4.85
12 94 0.88
12 95 4.88
12 96 3.33
12 97 8.86
12 98 1.73
12 99 8.50
13 14 4.87
13 15 9.15
13 16 5.49
13 17 5.62
13 18 7.80
13 19 6.42
13 20 7.07
13 21 9.51
13 22 3.33
13 23 1.63
13 24 3.34
13 25 1.47
13 26 7.95
13 27 3.57
13 28 7.44
13 29 4.60
13 30 5.66
13 31 3.40
13 32 7.64
13 33 9.77
13 34 4.38
13 35 1.18
13 36 6.72
13 37 4.82
13 38 7.84
13 39 2.55
13 40 2.58
13 41 1.64
13 42 9.06
13 43 3.18
13 44 5.21
13 45 8.96
13 46 2.56
13 47 7.40
13 48 4.36
13 49 6.06
13 50 3.53
13 51 0.14
13 52 3.97
13 53 1.83
13 54 4.95
13 55 4.87
13 56 8.03
13 57 0.64
13 58 3.17
13 59 9.11
13 60 3.68
13 61 6.36
13 62 8.63
13 63 3.81
13 64 7.70
13 65 9.13
13 66 2.39
13 67 0.15
13 68 1.90
13 69 1.96
13 70 7.18
13 71 0.50
13 72 8.42
13 73 9.26
13 74 6.54
13 75 7.33
13 76 3.62
13 77 3.40
13 78 8.67
13 79 4.78
13 80 7.18
13 81 2.54
13 82 4.78
13 83 8.70
13 84 5.56
13 85 8.86
13 86 1.02
13 87 6.03
13 88 9.09
13 89 2.23
13 90 5.09
13 91 3.38
13 92 2.16
13 93 3.51
13 94 2.08
13 95 6.00
13 96 4.49
13 97 4.65
13 98 2.66
13 99 6.79
14 15 6.56
14 16 5.33
14 17 1.18
14 18 7.77
14 19 6.41
14 20 2.61
14 21 6.63
14 22 4.89
14 23 4.12
14 24 7.29
14 25 3.54
14 26 7.91
14 27 9.70
14 28 4.06
14 29 0.68
14 30 2.05
14 31 3.29
14 32 3.67
14 33 3.81
14 34 6.13
14 35 6.48
14 36 8.00
14 37 9.41
14 38 1.11
14 39 5.06
14 40 9.66
14 41 3.36
14 42 9.32
14 43 8.84
14 44 9.54
14 45 2.46
14 46 7.68
14 47 4.96
14 48 8.42
14 49 1.23
14 50 9.31
14 51 1.72
14 52 9.47
14 53 5.24
14 54 2.89
14 55 9.63
14 56 8.15
14 57 5.12
14 58 2.99
14 59 2.67
14 60 4.15
14 61 2.45
14 62 5.52
14 63 0.67
14 64 1.05
14 65 7.09
14 66 8.56
14 67 3.76
14 68 3.46
14 69 7.23
14 70 6.83
14 71 7.40
14 72 7.77
14 73 7.10
14 74 9.59
14 75 0.42
14 76 9.06
14 77 0.55
14 78 7.67
14 79 2.60
14 80 6.01
14 81 1.18
14 82 3.39
14 83 0.97
14 84 5.38
14 85 6.88
14 86 6.86
14 87 7.47
14 88 9.01
14 89 5.05
14 90 4.29
14 91 2.82
14 92 6.46
14 93 2.62
14 94 4.32
14 95 9.42
14 96 6.95
14 97 5.27
14 98 9.45
14 99 3.33
15 16 9.74
15 17 6.19
15 18 8.32
15 19 5.31
15 20 9.50
15 21 9.58
15 22 7.59
15 23 2.38
15 24 9.88
15 25 4.49
15 26 6.86
15 27 2.75
15 28 7.54
15 29 6.17
15 30 6.47
15 31 7.35
15 32 1.47
15 33 6.94
15 34 8.69
15 35 5.88
15 36 6.59
15 37 1.59
15 38 3.59
15 39 1.63
15 40 7.30
15 41 3.33
15 42 8.17
15 43 5.40
15 44 8.90
15 45 8.38
15 46 8.70
15 47 0.74
15 48 2.02
15 49 3.10
15 50 2.48
15 51 5.07
15 52 9.91
15 53 4.52
15 54 3.70
15 55 3.04
15 56 6.60
15 57 2.70
15 58 1.76
15 59 8.54
15 60 9.32
15 61 5.82
15 62 3.06
15 63 9.24
15 64 5.66
15 65 7.51
15 66 2.70
15 67 8.45
15 68 8.57
15 69 5.42
15 70 4.26
15 71 4.23
15 72 1.11
15 73 4.05
15 74 0.20
15 75 1.63
15 76 5.70
15 77 6.73
15 78 3.04
15 79 9.19
15 80 1.56
15 81 4.86
15 82 2.86
15 83 1.21
15 84 4.53
15 85 8.00
15 86 3.31
15 87 0.09
15 88 2.83
15 89 4.32
15 90 1.11
15 91 1.26
15 92 7.53
15 93 8.94
15 94 2.94
15 95 7.59
15 96 1.69
15 97 3.80
15 98 3.74
15 99 3.58
16 17 7.52
16 18 3.15
16 19 5.51
16 20 4.19
16 21 1.18
16 22 7.45
16 23 6.98
16 24 7.41
16 25 5.46
16 26 0.24
16 27 7.52
16 28 0.35
16 29 4.98
16 30 5.65
16 31 5.03
16 32 2.14
16 33 0.02
16 34 4.83
16 35 9.72
16 36 6.61
16 37 1.57
16 38 5.59
16 39 8.43
16 40 6.50
16 41 6.20
16 42 3.91
16 43 4.40
16 44 9.77
16 45 9.91
16 46 9.87
16 47 2.16
16 48 8.08
16 49 4.06
16 50 4.60
16 51 7.63
16 52 9.03
16 53 2.55
16 54 3.38
16 55 5.29
16 56 9.70
16 57 2.34
16 58 2.90
16 59 3.54
16 60 6.68
16 61 0.08
16 62 4.19
16 63 3.63
16 64 4.22
16 65 3.76
16 66 3.75
16 67 0.75
16 68 7.44
16 69 7.20
16 70 1.25
16 71 0.24
16 72 3.33
16 73 1.93
16 74 5.56
16 75 0.89
16 76 2.01
16 77 1.78
16 78 5.39
16 79 1.12
16 80 3.78
16 81 2.16
16 82 1.28
16 83 4.37
16 84 6.78
16 85 9.41
16 86 3.61
16 87 8.71
16 88 6.59
16 89 5.53
16 90 1.61
16 91 1.97
16 92 7.51
16 93 5.45
16 94 7.25
16 95 9.88
16 96 3.94
16 97 2.81
16 98 6.09
16 99 7.40
17 18 5.54
17 19 7.40
17 20 3.66
17 21 3.71
17 22 3.82
17 23 6.01
17 24 6.85
17 25 7.55
17 26 4.98
17 27 2.85
17 28 5.84
17 29 1.42
17 30 7.60
17 31 1.55
17 32 0.53
17 33 2.57
17 34 4.42
17 35 5.56
17 36 5.28
17 37 3.83
17 38 0.45
17 39 0.50
17 40 7.26
17 41 0.24
17 42 5.25
17 43 8.07
17 44 5.57
17 45 6.87
17 46 8.35
17 47 0.82
17 48 2.70
17 49 1.86
17 50 5.29
17 51 7.12
17 52 4.77
17 53 3.23
17 54 8.39
17 55 0.83
17 56 1.96
17 57 5.15
17 58 2.85
17 59 9.74
17 60 8.22
17 61 6.14
17 62 1.30
17 63 0.66
17 64 5.85
17 65 3.35
17 66 2.53
17 67 0.85
17 68 1.17
17 69 8.04
17 70 1.29
17 71 6.10
17 72 9.44
17 73 8.53
17 74 4.23
17 75 1.86
17 76 6.84
17 77 5.56
17 78 2.02
17 79 0.79
17 80 1.91
17 81 1.83
17 82 7.13
17 83 4.92
17 84 2.01
17 85 9.19
17 86 6.81
17 87 3.56
17 88 9.22
17 89 5.61
17 90 8.80
17 91 6.39
17 92 3.89
17 93 6.12
17 94 0.45
17 95 9.06
17 96 6.51
17 97 1.79
17 98 8.17
17 99 6.94
18 19 9.71
18 20 6.99
18 21 9.60
18 22 4.76
18 23 4.73
18 24 4.53
18 25 7.43
18 26 7.99
18 27 0.73
18 28 0.33
18 29 9.48
18 30 1.59
18 31 7.22
18 32 0.44
18 33 9.28
18 34 6.85
18 35 3.86
18 36 3.71
18 37 2.02
18 38 7.35
18 39 3.41
18 40 4.58
18 41 9.87
18 42 9.38
18 43 9.72
18 44 2.33
18 45 9.80
18 46 1.06
18 47 4.59
18 48 4.59
18 49 2.28
18 50 3.13
18 51 8.75
18 52 7.44
18 53 2.48
18 54 3.44
18 55 9.87
18 56 3.07
18 57 7.55
18 58 2.74
18 59 2.31
18 60 9.62
18 61 6.97
18 62 8.03
18 63 2.79
18 64 3.46
18 65 3.21
18 66 1.88
18 67 6.85
18 68 3.50
18 69 6.16
18 70 3.96
18 71 6.21
18 72 5.87
18 73 9.26
18 74 7.90
18 75 1.71
18 76 4.10
18 77 1.71
18 78 8.90
18 79 1.14
18 80 9.88
18 81 3.01
18 82 7.56
18 83 2.37
18 84 7.85
18 85 5.51
18 86 1.41
18 87 5.10
18 88 2.86
18 89 0.23
18 90 7.39
18 91 6.57
18 92 8.15
18 93 8.75
18 94 8.03
18 95 6.17
18 96 7.34
18 97 6.74
18 98 5.23
18 99 3.60
19 20 4.24
19 21 7.44
19 22 0.94
19 23 9.58
19 24 6.71
19 25 4.33
19 26 9.91
19 27 9.42
19 28 8.64
19 29 1.81
19 30 8.13
19 31 7.62
19 32 9.64
19 33 6.48
19 34 8.19
19 35 3.88
19 36 4.69
19 37 1.17
19 38 0.93
19 39 1.54
19 40 6.54
19 41 2.81
19 42 6.38
19 43 5.34
19 44 8.31
19 45 5.46
19 46 2.14
19 47 4.69
19 48 5.17
19 49 2.09
19 50 2.68
19 51 3.85
19 52 3.92
19 53 5.01
19 54 2.01
19 55 6.38
19 56 9.06
19 57 8.81
19 58 4.85
19 59 6.43
19 60 1.56
19 61 5.21
19 62 7.68
19 63 0.26
19 64 0.04
19 65 6.93
19 66 8.94
19 67 7.40
19 68 3.06
19 69 9.90
19 70 4.59
19 71 0.60
19 72 7.66
19 73 9.64
19 74 6.21
19 75 5.47
19 76 2.41
19 77 4.93
19 78 5.33
19 79 7.71
19 80 1.52
19 81 3.96
19 82 0.53
19 83 4.77
19 84 4.76
19 85 3.45
19 86 5.96
19 87 1.87
19 88 7.08
19 89 2.81
19 90 4.30
19 91 3.41
19 92 3.26
19 93 2.98
19 94 2.35
19 95 4.90
19 96 2.89
19 97 0.27
19 98 3.69
19 99 7.49
20 21 8.46
20 22 0.29
20 23 9.76
20 24 7.75
20 25 3.97
20 26 1.87
20 27 3.97
20 28 1.87
20 29 6.48
20 30 0.25
20 31 5.35
20 32 9.41
20 33 8.72
20 34 5.28
20 35 5.52
20 36 1.80
20 37 9.07
20 38 0.01
20 39 4.47
20 40 2.46
20 41 6.58
20 42 1.60
20 43 4.15
20 44 1.50
20 45 4.12
20 46 1.31
20 47 3.31
20 48 2.12
20 49 3.45
20 50 0.73
20 51 9.42
20 52 3.73
20 53 7.46
20 54 9.68
20 55 7.58
20 56 5.88
20 57 5.36
20 58 3.21
20 59 4.57
20 60 7.34
20 61 5.50
20 62 3.80
20 63 0.18
20 64 9.96
20 65 3.42
20 66 7.04
20 67 5.44
20 68 6.70
20 69 5.82
20 70 9.26
20 71 5.58
20 72 8.06
20 73 1.51
20 74 0.70
20 75 5.66
20 76 6.12
20 77 7.58
20 78 7.22
20 79 5.05
20 80 0.00
20 81 1.86
20 82 7.99
20 83 7.82
20 84 8.32
20 85 7.18
20 86 3.64
20 87 1.68
20 88 6.51
20 89 0.80
20 90 4.12
20 91 5.16
20 92 2.85
20 93 8.19
20 94 3.05
20 95 8.44
20 96 3.87
20 97 4.57
20 98 4.67
20 99 8.72
21 22 0.98
21 23 2.46
21 24 2.76
21 25 6.00
21 26 4.73
21 27 6.62
21 28 9.49
21 29 5.67
21 30 9.42
21 31 3.16
21 32 5.12
21 33 4.78
21 34 3.94
21 35 6.19
21 36 2.72
21 37 9.60
21 38 5.64
21 39 6.87
21 40 7.38
21 41 6.56
21 42 3.38
21 43 5.92
21 44 5.06
21 45 0.75
21 46 7.85
21 47 8.98
21 48 4.04
21 49 0.64
21 50 5.37
21 51 3.03
21 52 7.41
21 53 7.27
21 54 6.46
21 55 3.97
21 56 5.40
21 57 6.48
21 58 2.43
21 59 7.36
21 60 9.06
21 61 1.22
21 62 1.72
21 63 0.79
21 64 3.46
21 65 9.18
21 66 5.61
21 67 9.35
21 68 1.06
21 69 2.08
21 70 1.14
21 71 7.71
21 72 3.53
21 73 7.85
21 74 0.05
21 75 3.52
21 76 0.89
21 77 8.33
21 78 6.30
21 79 8.83
21 80 1.08
21 81 7.56
21 82 8.41
21 83 5.12
21 84 8.87
21 85 7.48
21 86 4.39
21 87 0.18
21 88 1.14
21 89 4.05
21 90 2.47
21 91 0.78
21 92 8.24
21 93 7.13
21 94 2.85
21 95 4.25
21 96 9.54
21 97 5.08
21 98 4.37
21 99 5.94
22 23 6.42
22 24 1.63
22 25 7.25
22 26 2.39
22 27 0.99
22 28 6.94
22 29 5.78
22 30 7.52
22 31 8.15
22 32 2.02
22 33 5.95
22 34 9.94
22 35 0.60
22 36 5.39
22 37 3.85
22 38 4.22
22 39 3.18
22 40 3.32
22 41 4.23
22 42 5.46
22 43 6.72
22 44 8.96
22 45 7.66
22 46 0.39
22 47 6.12
22 48 7.39
22 49 2.12
22 50 0.98
22 51 5.91
22 52 3.70
22 53 1.00
22 54 5.76
22 55 3.82
22 56 4.96
22 57 9.82
22 58 7.68
22 59 2.05
22 60 9.64
22 61 2.28
22 62 0.24
22 63 3.78
22 64 4.07
22 65 6.52
22 66 9.27
22 67 2.96
22 68 9.17
22 69 7.92
22 70 9.72
22 71 1.05
22 72 0.05
22 73 0.54
22 74 7.49
22 75 1.51
22 76 3.65
22 77 4.56
22 78 6.38
22 79 3.26
22 80 7.53
22 81 0.04
22 82 4.50
22 83 4.06
22 84 3.62
22 85 2.23
22 86 8.69
22 87 7.18
22 88 7.91
22 89 9.44
22 90 3.46
22 91 9.26
22 92 1.29
22 93 7.61
22 94 2.32
22 95 6.89
22 96 9.97
22 97 4.45
22 98 2.36
22 99 4.44
23 24 4.46
23 25 0.01
23 26 4.95
23 27 7.80
23 28 9.73
23 29 7.46
23 30 8.36
23 31 0.00
23 32 1.82
23 33 9.71
23 34 2.72
23 35 3.81
23 36 2.12
23 37 3.66
23 38 5.88
23 39 8.40
23 40 9.18
23 41 6.08
23 42 0.31
23 43 7.73
23 44 0.85
23 45 9.40
23 46 7.99
23 47 2.92
23 48 4.07
23 49 2.30
23 50 5.64
23 51 4.10
23 52 6.01
23 53 3.93
23 54 7.15
23 55 5.12
23 56 7.05
23 57 8.94
23 58 9.09
23 59 8.02
23 60 6.93
23 61 7.74
23 62 1.11
23 63 9.35
23 64 0.29
23 65 8.39
23 66 3.77
23 67 4.09
23 68 3.95
23 69 3.08
23 70 6.96
23 71 6.96
23 72 3.97
23 73 7.58
23 74 9.64
23 75 3.12
23 76 3.15
23 77 4.34
23 78 1.48
23 79 2.03
23 80 1.17
23 81 6.89
23 82 1.87
23 83 1.30
23 84 6.66
23 85 4.97
23 86 0.09
23 87 5.12
23 88 4.10
23 89 9.99
23 90 0.11
23 91 1.25
23 92 4.69
23 93 2.84
23 94 9.14
23 95 3.87
23 96 6.88
23 97 8.69
23 98 7.01
23 99 1.03
24 25 0.68
24 26 6.56
24 27 0.76
24 28 9.66
24 29 6.24
24 30 0.29
24 31 4.33
24 32 7.73
24 33 6.35
24 34 1.27
24 35 2.85
24 36 1.63
24 37 5.03
24 38 5.62
24 39 9.07
24 40 7.98
24 41 0.07
24 42 6.40
24 43 6.28
24 44 3.22
24 45 9.10
24 46 9.07
24 47 7.95
24 48 7.57
24 49 1.53
24 50 5.43
24 51 8.35
24 52 3.86
24 53 2.15
24 54 3.37
24 55 0.02
24 56 6.14
24 57 7.20
24 58 5.11
24 59 4.99
24 60 8.36
24 61 0.18
24 62 8.69
24 63 0.39
24 64 4.19
24 65 0.28
24 66 4.07
24 67 0.64
24 68 6.22
24 69 1.30
24 70 4.09
24 71 5.46
24 72 9.89
24 73 4.42
24 74 3.00
24 75 5.62
24 76 6.64
24 77 8.09
24 78 3.26
24 79 3.24
24 80 7.04
24 81 6.50
24 82 9.04
24 83 7.31
24 84 9.28
24 85 0.45
24 86 2.97
24 87 5.12
24 88 0.12
24 89 3.74
24 90 3.68
24 91 1.84
24 92 2.93
24 93 7.56
24 94 9.08
24 95 0.21
24 96 2.41
24 97 3.87
24 98 9.13
24 99 8.53
25 26 5.74
25 27 2.60
25 28 0.60
25 29 1.04
25 30 0.89
25 31 3.12
25 32 8.13
25 33 6.38
25 34 6.73
25 35 7.06
25 36 6.24
25 37 8.65
25 38 2.16
25 39 4.94
25 40 8.17
25 41 1.78
25 42 9.17
25 43 4.14
25 44 4.12
25 45 2.90
25 46 2.66
25 47 2.73
25 48 1.04
25 49 0.90
25 50 5.28
25 51 0.72
25 52 9.02
25 53 2.43
25 54 9.24
25 55 6.51
25 56 5.97
25 57 6.03
25 58 0.80
25 59 1.99
25 60 9.90
25 61 2.73
25 62 8.84
25 63 1.33
25 64 8.33
25 65 4.78
25 66 9.68
25 67 4.15
25 68 0.34
25 69 5.73
25 70 7.64
25 71 4.44
25 72 3.32
25 73 6.07
25 74 0.44
25 75 3.99
25 76 9.13
25 77 5.25
25 78 5.89
25 79 1.70
25 80 2.67
25 81 8.23
25 82 5.65
25 83 0.99
25 84 7.92
25 85 3.66
25 86 7.21
25 87 3.10
25 88 3.74
25 89 5.62
25 90 9.63
25 91 8.49
25 92 1.32
25 93 3.97
25 94 9.63
25 95 3.91
25 96 4.14
25 97 1.22
25 98 5.97
25 99 4.96
26 27 0.75
26 28 2.88
26 29 4.22
26 30 5.17
26 31 7.16
26 32 3.09
26 33 9.56
26 34 8.28
26 35 1.29
26 36 5.20
26 37 4.88
26 38 9.49
26 39 2.62
26 40 9.28
26 41 2.81
26 42 7.79
26 43 8.28
26 44 6.29
26 45 6.81
26 46 4.75
26 47 1.90
26 48 5.71
26 49 7.70
26 50 0.70
26 51 9.11
26 52 0.68
26 53 2.52
26 54 2.45
26 55 1.99
26 56 8.66
26 57 0.67
26 58 1.19
26 59 9.55
26 60 2.11
26 61 3.26
26 62 0.10
26 63 8.79
26 64 8.77
26 65 5.00
26 66 6.43
26 67 6.02
26 68 1.46
26 69 5.90
26 70 2.54
26 71 3.24
26 72 5.27
26 73 2.01
26 74 4.75
26 75 7.27
26 76 5.99
26 77 8.27
26 78 4.08
26 79 3.58
26 80 0.13
26 81 6.64
26 82 3.33
26 83 3.81
26 84 0.33
26 85 1.94
26 86 8.83
26 87 3.69
26 88 9.16
26 89 0.24
26 90 5.60
26 91 0.97
26 92 8.11
26 93 5.24
26 94 2.05
26 95 8.35
26 96 0.33
26 97 0.15
26 98 4.41
26 99 6.23
27 28 2.08
27 29 5.12
27 30 5.29
27 31 2.24
27 32 5.68
27 33 2.47
27 34 1.85
27 35 2.27
27 36 7.10
27 37 2.12
27 38 8.58
27 39 9.53
27 40 8.93
27 41 8.56
27 42 2.49
27 43 1.06
27 44 7.62
27 45 6.23
27 46 9.19
27 47 6.02
27 48 6.69
27 49 8.45
27 50 7.31
27 51 2.89
27 52 8.83
27 53 7.79
27 54 0.58
27 55 6.73
27 56 9.91
27 57 9.70
27 58 3.55
27 59 6.40
27 60 7.11
27 61 5.98
27 62 6.32
27 63 0.78
27 64 7.45
27 65 2.28
27 66 4.33
27 67 0.34
27 68 5.51
27 69 5.92
27 70 8.35
27 71 3.34
27 72 1.81
27 73 1.68
27 74 1.34
27 75 8.29
27 76 2.77
27 77 6.05
27 78 5.33
27 79 8.24
27 80 5.31
27 81 2.16
27 82 3.69
27 83 9.28
27 84 4.90
27 85 9.23
27 86 3.53
27 87 4.55
27 88 6.87
27 89 4.04
27 90 7.50
27 91 9.99
27 92 5.82
27 93 7.75
27 94 8.07
27 95 3.73
27 96 7.03
27 97 4.67
27 98 1.06
27 99 8.66
28 29 0.98
28 30 7.47
28 31 4.99
28 32 9.87
28 33 5.75
28 34 3.54
28 35 6.47
28 36 9.46
28 37 0.18
28 38 9.77
28 39 2.18
28 40 7.72
28 41 5.73
28 42 8.71
28 43 2.87
28 44 6.82
28 45 5.72
28 46 8.34
28 47 4.94
28 48 7.05
28 49 7.65
28 50 8.04
28 51 1.86
28 52 9.45
28 53 8.70
28 54 6.83
28 55 9.65
28 56 7.08
28 57 2.40
28 58 1.13
28 59 9.01
28 60 5.95
28 61 1.31
28 62 6.77
28 63 7.21
28 64 3.88
28 65 4.40
28 66 4.91
28 67 9.24
28 68 7.74
28 69 8.05
28 70 0.05
28 71 2.68
28 72 3.40
28 73 1.06
28 74 7.92
28 75 7.38
28 76 0.75
28 77 5.58
28 78 4.85
28 79 1.00
28 80 1.10
28 81 1.48
28 82 5.07
28 83 9.12
28 84 4.42
28 85 7.06
28 86 1.08
28 87 7.56
28 88 4.46
28 89 6.18
28 90 6.85
28 91 1.01
28 92 5.49
28 93 9.41
28 94 1.28
28 95 0.14
28 96 7.75
28 97 2.32
28 98 3.05
28 99 8.78
29 30 8.51
29 31 6.94
29 32 7.67
29 33 9.19
29 34 7.57
29 35 6.55
29 36 9.81
29 37 2.98
29 38 4.28
29 39 8.08
29 40 2.51
29 41 3.02
29 42 7.67
29 43 0.96
29 44 4.16
29 45 3.41
29 46 3.90
29 47 1.76
29 48 7.76
29 49 9.86
29 50 8.42
29 51 9.75
29 52 4.95
29 53 9.48
29 54 7.24
29 55 3.39
29 56 3.20
29 57 4.23
29 58 3.99
29 59 0.56
29 60 4.40
29 61 0.41
29 62 6.48
29 63 6.41
29 64 3.21
29 65 9.76
29 66 5.39
29 67 2.85
29 68 9.87
29 69 8.95
29 70 1.49
29 71 2.41
29 72 6.45
29 73 9.86
29 74 3.70
29 75 3.36
29 76 0.74
29 77 3.85
29 78 3.35
29 79 0.20
29 80 1.15
29 81 6.21
29 82 9.00
29 83 3.34
29 84 5.75
29 85 6.91
29 86 6.25
29 87 1.51
29 88 2.40
29 89 7.09
29 90 8.24
29 91 9.87
29 92 2.11
29 93 1.86
29 94 7.21
29 95 6.77
29 96 10.00
29 97 0.02
29 98 8.11
29 99 8.36
30 31 8.04
30 32 7.38
30 33 1.95
30 34 3.27
30 35 8.23
30 36 8.35
30 37 5.25
30 38 8.02
30 39 0.16
30 40 8.53
30 41 7.57
30 42 2.48
30 43 6.36
30 44 8.03
30 45 7.89
30 46 5.21
30 47 3.42
30 48 4.69
30 49 6.70
30 50 2.40
30 51 4.14
30 52 8.05
30 53 4.52
30 54 4.53
30 55 2.59
30 56 3.12
30 57 3.40
30 58 2.87
30 59 5.56
30 60 4.03
30 61 1.17
30 62 7.43
30 63 6.16
30 64 9.98
30 65 5.25
30 66 0.55
30 67 6.42
30 68 2.61
30 69 5.84
30 70 4.22
30 71 4.65
30 72 0.79
30 73 0.18
30 74 7.00
30 75 6.11
30 76 2.64
30 77 3.57
30 78 3.52
30 79 1.28
30 80 1.43
30 81 3.74
30 82 4.68
30 83 9.51
30 84 7.25
30 85 6.50
30 86 1.81
30 87 6.53
30 88 9.25
30 89 1.07
30 90 9.87
30 91 5.67
30 92 0.01
30 93 0.70
30 94 4.75
30 95 9.89
30 96 7.29
30 97 4.54
30 98 7.23
30 99 7.77
31 32 8.31
31 33 4.83
31 34 7.38
31 35 9.13
31 36 7.52
31 37 2.69
31 38 5.98
31 39 1.32
31 40 8.23
31 41 2.08
31 42 2.00
31 43 4.38
31 44 3.27
31 45 3.94
31 46 5.37
31 47 6.75
31 48 8.01
31 49 4.52
31 50 5.37
31 51 9.75
31 52 8.47
31 53 7.16
31 54 8.19
31 55 2.79
31 56 7.93
31 57 8.56
31 58 3.42
31 59 3.41
31 60 5.73
31 61 9.23
31 62 6.03
31 63 4.94
31 64 4.69
31 65 7.39
31 66 9.46
31 67 5.59
31 68 4.25
31 69 6.42
31 70 4.48
31 71 5.89
31 72 2.90
31 73 1.69
31 74 1.62
31 75 6.76
31 76 6.20
31 77 3.92
31 78 3.90
31 79 7.45
31 80 5.94
31 81 0.84
31 82 3.39
31 83 1.71
31 84 6.19
31 85 7.25
31 86 5.70
31 87 2.15
31 88 7.45
31 89 3.66
31 90 6.45
31 91 3.13
31 92 5.38
31 93 9.95
31 94 9.73
31 95 4.42
31 96 8.30
31 97 6.51
31 98 7.26
31 99 4.67
32 33 8.70
32 34 1.76
32 35 5.08
32 36 2.05
32 37 5.90
32 38 2.46
32 39 9.34
32 40 3.28
32 41 0.95
32 42 8.16
32 43 7.62
32 44 4.11
32 45 8.06
32 46 1.16
32 47 2.26
32 48 3.80
32 49 6.73
32 50 3.82
32 51 8.43
32 52 6.11
32 53 9.14
32 54 9.46
32 55 5.38
32 56 8.72
32 57 8.28
32 58 9.13
32 59 4.67
32 60 8.80
32 61 2.55
32 62 6.95
32 63 2.70
32 64 7.49
32 65 8.86
32 66 3.54
32 67 2.40
32 68 1.22
32 69 5.02
32 70 3.03
32 71 1.87
32 72 3.18
32 73 4.08
32 74 3.54
32 75 9.42
32 76 0.06
32 77 8.05
32 78 6.69
32 79 1.22
32 80 4.33
32 81 9.93
32 82 2.45
32 83 7.40
32 84 2.16
32 85 6.98
32 86 5.43
32 87 1.25
32 88 7.72
32 89 5.41
32 90 6.73
32 91 2.93
32 92 0.48
32 93 7.65
32 94 2.32
32 95 8.13
32 96 0.71
32 97 5.29
32 98 4.05
32 99 7.18
33 34 4.42
33 35 3.58
33 36 4.57
33 37 8.39
33 38 8.88
33 39 5.60
33 40 2.08
33 41 8.74
33 42 1.93
33 43 1.36
33 44 4.95
33 45 7.67
33 46 9.69
33 47 2.52
33 48 8.87
33 49 5.53
33 50 8.16
33 51 4.82
33 52 5.69
33 53 1.20
33 54 9.65
33 55 3.11
33 56 9.22
33 57 8.84
33 58 7.52
33 59 3.18
33 60 9.27
33 61 2.61
33 62 8.33
33 63 7.64
33 64 1.11
33 65 9.65
33 66 3.26
33 67 5.24
33 68 9.73
33 69 5.31
33 70 2.65
33 71 8.18
33 72 9.53
33 73 6.54
33 74 4.16
33 75 2.86
33 76 6.81
33 77 1.04
33 78 4.95
33 79 4.67
33 80 8.15
33 81 9.63
33 82 0.67
33 83 0.57
33 84 6.64
33 85 4.15
33 86 6.23
33 87 0.89
33 88 2.40
33 89 8.55
33 90 7.44
33 91 0.59
33 92 5.57
33 93 7.26
33 94 9.97
33 95 5.79
33 96 7.19
33 97 9.08
33 98 6.46
33 99 4.86
34 35 6.62
34 36 1.09
34 37 3.39
34 38 1.51
34 39 5.78
34 40 3.19
34 41 3.75
34 42 7.81
34 43 8.94
34 44 3.02
34 45 5.13
34 46 8.23
34 47 8.66
34 48 5.94
34 49 2.33
34 50 4.29
34 51 6.99
34 52 6.66
34 53 5.43
34 54 0.95
34 55 0.88
34 56 8.85
34 57 2.91
34 58 4.94
34 59 6.60
34 60 8.32
34 61 5.54
34 62 5.22
34 63 0.62
34 64 2.16
34 65 0.19
34 66 5.33
34 67 9.72
34 68 6.78
34 69 8.66
34 70 6.48
34 71 4.74
34 72 0.37
34 73 9.50
34 74 5.85
34 75 6.12
34 76 9.48
34 77 5.66
34 78 7.18
34 79 1.44
34 80 7.99
34 81 2.29
34 82 9.89
34 83 3.47
34 84 4.01
34 85 8.01
34 86 1.74
34 87 0.55
34 88 9.05
34 89 4.06
34 90 5.03
34 91 3.47
34 92 6.67
34 93 8.25
34 94 6.49
34 95 7.74
34 96 0.78
34 97 8.12
34 98 0.83
34 99 0.54
35 36 6.61
35 37 9.31
35 38 8.74
35 39 8.58
35 40 4.31
35 41 6.54
35 42 3.44
35 43 0.14
35 44 4.49
35 45 7.37
35 46 4.66
35 47 3.20
35 48 9.22
35 49 3.32
35 50 8.15
35 51 5.70
35 52 8.61
35 53 9.53
35 54 7.85
35 55 1.15
35 56 9.59
35 57 7.39
35 58 7.52
35 59 0.55
35 60 8.34
35 61 0.87
35 62 1.73
35 63 5.66
35 64 3.39
35 65 7.64
35 66 6.59
35 67 9.55
35 68 5.25
35 69 0.99
35 70 9.66
35 71 3.80
35 72 6.92
35 73 2.02
35 74 7.34
35 75 3.61
35 76 9.40
35 77 7.96
35 78 0.52
35 79 2.81
35 80 7.45
35 81 1.15
35 82 9.25
35 83 6.14
35 84 0.21
35 85 0.36
35 86 1.10
35 87 5.62
35 88 8.52
35 89 6.11
35 90 4.34
35 91 1.11
35 92 3.11
35 93 0.27
35 94 1.09
35 95 7.94
35 96 2.64
35 97 3.85
35 98 6.79
35 99 6.63
36 37 5.39
36 38 5.19
36 39 9.25
36 40 3.63
36 41 2.41
36 42 1.87
36 43 3.70
36 44 2.05
36 45 9.34
36 46 2.51
36 47 0.65
36 48 7.24
36 49 8.14
36 50 0.58
36 51 3.37
36 52 1.46
36 53 1.76
36 54 8.63
36 55 4.56
36 56 7.17
36 57 8.16
36 58 3.11
36 59 9.57
36 60 0.30
36 61 6.15
36 62 2.83
36 63 5.30
36 64 7.74
36 65 4.86
36 66 3.17
36 67 9.75
36 68 1.70
36 69 3.46
36 70 1.61
36 71 8.81
36 72 3.42
36 73 1.09
36 74 9.70
36 75 6.54
36 76 4.56
36 77 8.42
36 78 1.55
36 79 2.85
36 80 5.11
36 81 8.70
36 82 9.69
36 83 1.49
36 84 2.77
36 85 3.55
36 86 7.93
36 87 7.76
36 88 1.15
36 89 1.50
36 90 0.01
36 91 3.05
36 92 6.31
36 93 2.41
36 94 4.90
36 95 4.10
36 96 6.99
36 97 7.06
36 98 8.05
36 99 0.32
37 38 6.48
37 39 8.28
37 40 1.70
37 41 3.39
37 42 1.63
37 43 0.43
37 44 5.35
37 45 1.86
37 46 6.32
37 47 9.92
37 48 7.62
37 49 3.18
37 50 9.25
37 51 1.17
37 52 7.10
37 53 5.58
37 54 0.20
37 55 6.53
37 56 8.97
37 57 7.91
37 58 2.66
37 59 2.21
37 60 8.23
37 61 8.54
37 62 0.43
37 63 8.19
37 64 1.09
37 65 0.14
37 66 9.26
37 67 0.10
37 68 0.76
37 69 5.12
37 70 4.93
37 71 6.51
37 72 8.21
37 73 3.90
37 74 3.78
37 75 8.99
37 76 7.58
37 77 9.19
37 78 0.88
37 79 4.11
37 80 2.25
37 81 9.96
37 82 8.97
37 83 0.04
37 84 6.78
37 85 9.51
37 86 1.22
37 87 1.94
37 88 5.12
37 89 8.83
37 90 9.66
37 91 4.39
37 92 8.96
37 93 3.94
37 94 6.63
37 95 2.82
37 96 5.95
37 97 6.29
37 98 1.32
37 99 4.49
38 39 5.76
38 40 8.80
38 41 4.12
38 42 9.60
38 43 8.49
38 44 7.53
38 45 0.06
38 46 7.42
38 47 2.05
38 48 5.37
38 49 5.44
38 50 7.83
38 51 3.43
38 52 9.32
38 53 4.75
38 54 1.93
38 55 3.46
38 56 6.39
38 57 9.97
38 58 5.85
38 59 4.10
38 60 5.37
38 61 8.88
38 62 6.38
38 63 5.87
38 64 9.52
38 65 5.30
38 66 3.85
38 67 3.38
38 68 6.25
38 69 4.47
38 70 8.52
38 71 0.71
38 72 7.20
38 73 1.05
38 74 2.07
38 75 5.03
38 76 1.80
38 77 5.50
38 78 2.05
38 79 7.81
38 80 0.04
38 81 1.40
38 82 6.08
38 83 1.19
38 84 5.11
38 85 9.31
38 86 3.43
38 87 8.00
38 88 7.15
38 89 5.18
38 90 8.73
38 91 4.42
38 92 3.83
38 93 3.47
38 94 1.32
38 95 1.90
38 96 3.97
38 97 3.76
38 98 4.37
38 99 4.03
39 40 4.03
39 41 8.21
39 42 4.75
39 43 2.22
39 44 5.42
39 45 2.34
39 46 3.69
39 47 5.03
39 48 2.67
39 49 2.70
39 50 4.14
39 51 7.17
39 52 1.50
39 53 5.59
39 54 0.38
39 55 3.85
39 56 2.27
39 57 2.52
39 58 0.80
39 59 0.72
39 60 9.08
39 61 1.03
39 62 7.68
39 63 9.52
39 64 6.38
39 65 7.05
39 66 4.42
39 67 1.97
39 68 2.21
39 69 1.84
39 70 9.36
39 71 6.35
39 72 8.85
39 73 4.47
39 74 5.91
39 75 1.12
39 76 2.85
39 77 8.59
39 78 1.73
39 79 3.50
39 80 5.59
39 81 7.03
39 82 5.31
39 83 9.26
39 84 4.91
39 85 3.58
39 86 4.89
39 87 6.61
39 88 8.30
39 89 6.96
39 90 6.04
39 91 8.75
39 92 3.83
39 93 0.04
39 94 1.30
39 95 4.78
39 96 6.00
39 97 8.04
39 98 1.28
39 99 7.65
40 41 1.34
40 42 0.14
40 43 1.85
40 44 7.54
40 45 7.22
40 46 7.83
40 47 2.62
40 48 7.49
40 49 8.16
40 50 0.49
40 51 8.59
40 52 2.43
40 53 3.12
40 54 4.62
40 55 5.60
40 56 3.42
40 57 8.41
40 58 6.65
40 59 1.17
40 60 9.24
40 61 0.17
40 62 8.86
40 63 8.15
40 64 4.33
40 65 2.62
40 66 1.31
40 67 2.59
40 68 2.08
40 69 7.75
40 70 6.36
40 71 3.19
40 72 0.56
40 73 7.86
40 74 3.34
40 75 4.45
40 76 5.83
40 77 1.92
40 78 3.29
40 79 1.18
40 80 7.47
40 81 4.69
40 82 3.43
40 83 3.21
40 84 8.79
40 85 8.19
40 86 4.55
40 87 2.04
40 88 4.19
40 89 7.00
40 90 1.58
40 91 2.98
40 92 5.22
40 93 9.02
40 94 9.24
40 95 2.50
40 96 0.30
40 97 5.20
40 98 9.98
40 99 3.36
41 42 6.87
41 43 6.02
41 44 9.16
41 45 6.00
41 46 5.11
41 47 4.94
41 48 2.11
41 49 1.49
41 50 9.48
41 51 0.38
41 52 4.18
41 53 3.86
41 54 7.97
41 55 1.23
41 56 7.36
41 57 9.38
41 58 4.91
41 59 0.96
41 60 5.54
41 61 7.92
41 62 3.95
41 63 2.64
41 64 4.72
41 65 2.98
41 66 9.71
41 67 7.22
41 68 0.39
41 69 4.66
41 70 2.05
41 71 2.66
41 72 6.74
41 73 8.73
41 74 3.43
41 75 4.69
41 76 3.50
41 77 4.48
41 78 5.79
41 79 1.62
41 80 2.74
41 81 2.02
41 82 9.37
41 83 4.29
41 84 1.35
41 85 8.34
41 86 0.51
41 87 1.76
41 88 0.67
41 89 1.61
41 90 4.23
41 91 9.11
41 92 8.48
41 93 0.02
41 94 9.32
41 95 3.36
41 96 1.63
41 97 9.96
41 98 7.57
41 99 7.36
42 43 5.42
42 44 0.10
42 45 7.21
42 46 9.26
42 47 0.79
42 48 7.55
42 49 7.77
42 50 7.14
42 51 7.78
42 52 2.45
42 53 3.78
42 54 9.77
42 55 9.51
42 56 5.78
42 57 7.71
42 58 7.27
42 59 6.69
42 60 9.51
42 61 8.75
42 62 1.21
42 63 2.29
42 64 2.59
42 65 7.63
42 66 1.21
42 67 8.58
42 68 0.82
42 69 6.53
42 70 2.14
42 71 9.83
42 72 1.46
42 73 8.59
42 74 4.18
42 75 2.66
42 76 5.13
42 77 1.73
42 78 5.49
42 79 3.84
42 80 8.01
42 81 2.70
42 82 5.87
42 83 5.72
42 84 9.71
42 85 2.30
42 86 3.76
42 87 7.39
42 88 2.46
42 89 9.23
42 90 0.27
42 91 3.15
42 92 1.36
42 93 7.80
42 94 1.51
42 95 6.26
42 96 6.76
42 97 6.64
42 98 1.96
42 99 5.00
43 44 7.11
43 45 7.68
43 46 5.49
43 47 8.69
43 48 0.25
43 49 9.02
43 50 7.96
43 51 8.12
43 52 0.35
43 53 7.76
43 54 5.34
43 55 6.40
43 56 0.43
43 57 6.01
43 58 1.43
43 59 8.79
43 60 6.46
43 61 5.29
43 62 7.26
43 63 1.88
43 64 8.01
43 65 6.02
43 66 0.15
43 67 0.20
43 68 5.63
43 69 6.81
43 70 7.25
43 71 4.89
43 72 5.86
43 73 4.29
43 74 4.81
43 75 1.97
43 76 2.37
43 77 9.49
43 78 7.45
43 79 4.48
43 80 1.49
43 81 8.39
43 82 0.98
43 83 8.25
43 84 5.67
43 85 2.77
43 86 4.73
43 87 2.13
43 88 9.22
43 89 9.72
43 90 0.63
43 91 6.74
43 92 9.98
43 93 7.50
43 94 9.92
43 95 9.99
43 96 5.75
43 97 4.61
43 98 3.38
43 99 2.40
44 45 4.18
44 46 7.54
44 47 9.14
44 48 9.16
44 49 6.69
44 50 1.80
44 51 0.28
44 52 9.02
44 53 9.12
44 54 8.55
44 55 4.72
44 56 1.46
44 57 5.49
44 58 0.86
44 59 0.60
44 60 9.42
44 61 4.19
44 62 5.24
44 63 8.56
44 64 2.37
44 65 4.12
44 66 7.42
44 67 2.69
44 68 1.76
44 69 8.95
44 70 5.34
44 71 9.13
44 72 0.01
44 73 6.24
44 74 0.02
44 75 9.89
44 76 6.88
44 77 4.43
44 78 7.03
44 79 3.15
44 80 7.36
44 81 6.25
44 82 4.47
44 83 9.37
44 84 7.87
44 85 1.47
44 86 2.50
44 87 8.92
44 88 0.28
44 89 6.01
44 90 8.07
44 91 5.24
44 92 1.97
44 93 9.08
44 94 8.54
44 95 0.96
44 96 3.95
44 97 4.74
44 98 2.80
44 99 3.79
45 46 8.36
45 47 4.83
45 48 2.26
45 49 6.54
45 50 6.65
45 51 9.07
45 52 1.10
45 53 1.48
45 54 7.48
45 55 3.89
45 56 0.81
45 57 8.13
45 58 8.67
45 59 4.34
45 60 6.79
45 61 3.78
45 62 3.95
45 63 5.59
45 64 3.67
45 65 0.71
45 66 5.07
45 67 9.76
45 68 8.14
45 69 1.47
45 70 4.91
45 71 3.35
45 72 2.96
45 73 8.45
45 74 9.55
45 75 8.76
45 76 9.18
45 77 9.02
45 78 4.49
45 79 8.65
45 80 0.11
45 81 4.76
45 82 4.75
45 83 5.64
45 84 7.37
45 85 3.67
45 86 6.39
45 87 9.18
45 88 0.84
45 89 2.58
45 90 0.60
45 91 3.72
45 92 3.51
45 93 0.51
45 94 0.94
45 95 6.59
45 96 8.59
45 97 1.21
45 98 9.63
45 99 5.15
46 47 1.73
46 48 0.66
46 49 1.24
46 50 0.30
46 51 9.01
46 52 3.01
46 53 0.18
46 54 5.66
46 55 6.69
46 56 3.47
46 57 8.15
46 58 4.53
46 59 5.08
46 60 9.33
46 61 0.47
46 62 8.34
46 63 3.64
46 64 3.76
46 65 6.78
46 66 2.12
46 67 1.43
46 68 7.45
46 69 1.18
46 70 8.43
46 71 0.97
46 72 2.61
46 73 1.03
46 74 9.05
46 75 1.35
46 76 3.15
46 77 3.94
46 78 5.80
46 79 7.64
46 80 3.89
46 81 7.69
46 82 0.85
46 83 7.51
46 84 3.21
46 85 0.26
46 86 5.33
46 87 9.30
46 88 6.06
46 89 2.72
46 90 5.00
46 91 7.33
46 92 1.04
46 93 0.84
46 94 7.40
46 95 5.90
46 96 9.88
46 97 10.00
46 98 3.35
46 99 8.85
47 48 4.91
47 49 9.00
47 50 6.46
47 51 9.74
47 52 0.57
47 53 3.08
47 54 1.73
47 55 6.51
47 56 3.24
47 57 6.99
47 58 0.74
47 59 9.51
47 60 0.45
47 61 2.53
47 62 9.85
47 63 4.39
47 64 7.11
47 65 8.79
47 66 4.74
47 67 4.79
47 68 3.67
47 69 6.68
47 70 6.63
47 71 4.70
47 72 5.95
47 73 3.47
47 74 1.52
47 75 3.83
47 76 5.99
47 77 1.04
47 78 4.05
47 79 6.18
47 80 1.13
47 81 0.03
47 82 5.20
47 83 9.47
47 84 4.24
47 85 8.38
47 86 9.12
47 87 1.33
47 88 1.99
47 89 4.65
47 90 6.93
47 91 5.10
47 92 0.30
47 93 8.85
47 94 2.99
47 95 5.37
47 96 0.37
47 97 0.95
47 98 0.31
47 99 1.19
48 49 6.90
48 50 0.41
48 51 1.91
48 52 3.36
48 53 9.96
48 54 9.05
48 55 9.41
48 56 1.57
48 57 4.09
48 58 3.56
48 59 0.65
48 60 1.72
48 61 6.45
48 62 8.73
48 63 0.48
48 64 0.75
48 65 2.58
48 66 9.12
48 67 2.98
48 68 8.10
48 69 5.98
48 70 5.99
48 71 0.05
48 72 0.48
48 73 1.92
48 74 8.14
48 75 6.24
48 76 4.49
48 77 1.79
48 78 8.66
48 79 4.61
48 80 4.88
48 81 9.11
48 82 8.08
48 83 6.38
48 84 3.68
48 85 6.85
48 86 5.65
48 87 9.93
48 88 2.93
48 89 9.12
48 90 3.36
48 91 7.35
48 92 5.71
48 93 0.01
48 94 3.58
48 95 2.16
48 96 1.08
48 97 2.39
48 98 2.24
48 99 9.24
49 50 0.74
49 51 7.76
49 52 3.94
49 53 6.31
49 54 9.81
49 55 2.39
49 56 9.92
49 57 6.63
49 58 9.05
49 59 1.39
49 60 5.97
49 61 9.00
49 62 7.92
49 63 3.50
49 64 8.22
49 65 6.60
49 66 4.95
49 67 9.93
49 68 0.79
49 69 6.12
49 70 5.27
49 71 3.59
49 72 9.16
49 73 0.83
49 74 4.18
49 75 7.68
49 76 4.62
49 77 7.72
49 78 4.21
49 79 1.01
49 80 8.53
49 81 7.89
49 82 9.28
49 83 7.95
49 84 8.08
49 85 8.85
49 86 1.28
49 87 1.02
49 88 8.01
49 89 0.80
49 90 1.65
49 91 6.97
49 92 0.92
49 93 0.09
49 94 9.40
49 95 7.04
49 96 3.82
49 97 1.13
49 98 0.45
49 99 8.28
50 51 5.02
50 52 2.74
50 53 5.24
50 54 8.98
50 55 3.01
50 56 6.54
50 57 8.36
50 58 1.90
50 59 1.69
50 60 5.18
50 61 9.35
50 62 1.70
50 63 7.46
50 64 1.76
50 65 2.02
50 66 9.22
50 67 5.18
50 68 9.20
50 69 4.26
50 70 6.01
50 71 9.67
50 72 6.75
50 73 0.37
50 74 2.66
50 75 4.63
50 76 9.25
50 77 8.01
50 78 2.92
50 79 5.43
50 80 4.12
50 81 7.71
50 82 8.63
50 83 2.94
50 84 6.90
50 85 4.80
50 86 6.05
50 87 3.05
50 88 8.12
50 89 7.63
50 90 3.92
50 91 2.27
50 92 9.92
50 93 8.89
50 94 9.05
50 95 8.00
50 96 0.14
50 97 0.26
50 98 8.17
50 99 9.91
51 52 7.30
51 53 9.85
51 54 7.10
51 55 4.83
51 56 1.01
51 57 3.13
51 58 1.62
51 59 2.34
51 60 5.04
51 61 6.06
51 62 6.71
51 63 9.60
51 64 1.20
51 65 4.99
51 66 3.17
51 67 9.50
51 68 1.47
51 69 1.48
51 70 4.94
51 71 8.41
51 72 6.02
51 73 1.69
51 74 0.40
51 75 0.80
51 76 2.49
51 77 6.16
51 78 3.90
51 79 3.68
51 80 5.52
51 81 4.21
51 82 6.52
51 83 1.66
51 84 5.52
51 85 4.13
51 86 0.38
51 87 7.78
51 88 0.08
51 89 9.54
51 90 5.26
51 91 1.64
51 92 9.23
51 93 8.22
51 94 9.60
51 95 1.50
51 96 4.47
51 97 1.24
51 98 0.37
51 99 4.26
52 53 9.59
52 54 1.18
52 55 0.37
52 56 0.34
52 57 5.28
52 58 2.24
52 59 8.92
52 60 9.59
52 61 7.01
52 62 6.85
52 63 8.53
52 64 7.45
52 65 0.89
52 66 8.75
52 67 7.47
52 68 3.74
52 69 4.18
52 70 8.88
52 71 2.65
52 72 8.45
52 73 5.01
52 74 6.46
52 75 5.31
52 76 8.85
52 77 5.63
52 78 0.07
52 79 9.78
52 80 3.08
52 81 6.13
52 82 3.85
52 83 1.20
52 84 6.27
52 85 7.70
52 86 0.62
52 87 9.96
52 88 5.45
52 89 4.45
52 90 6.60
52 91 0.80
52 92 0.61
52 93 0.73
52 94 4.50
52 95 8.87
52 96 1.98
52 97 6.60
52 98 6.90
52 99 5.50
53 54 1.46
53 55 9.54
53 56 0.27
53 57 1.48
53 58 0.08
53 59 1.27
53 60 9.52
53 61 2.18
53 62 1.59
53 63 6.46
53 64 1.56
53 65 9.83
53 66 2.62
53 67 6.58
53 68 2.35
53 69 8.08
53 70 7.73
53 71 5.95
53 72 5.83
53 73 0.44
53 74 0.53
53 75 2.27
53 76 2.25
53 77 6.49
53 78 8.19
53 79 1.76
53 80 9.77
53 81 4.34
53 82 8.27
53 83 4.33
53 84 6.03
53 85 9.60
53 86 8.50
53 87 6.18
53 88 6.80
53 89 3.91
53 90 5.41
53 91 6.48
53 92 6.62
53 93 8.37
53 94 3.42
53 95 6.62
53 96 7.59
53 97 1.58
53 98 6.11
53 99 0.94
54 55 8.45
54 56 3.12
54 57 0.67
54 58 6.52
54 59 6.42
54 60 5.44
54 61 5.97
54 62 6.18
54 63 7.57
54 64 4.62
54 65 9.88
54 66 0.93
54 67 1.78
54 68 2.39
54 69 9.04
54 70 0.52
54 71 3.03
54 72 8.05
54 73 3.29
54 74 1.95
54 75 2.57
54 76 1.02
54 77 3.69
54 78 4.00
54 79 6.45
54 80 0.44
54 81 3.09
54 82 1.01
54 83 3.03
54 84 5.15
54 85 2.61
54 86 1.62
54 87 8.36
54 88 6.33
54 89 6.42
54 90 5.50
54 91 2.20
54 92 3.76
54 93 5.45
54 94 0.06
54 95 8.87
54 96 3.51
54 97 3.34
54 98 2.24
54 99 5.93
55 56 8.28
55 57 5.05
55 58 0.15
55 59 5.49
55 60 1.70
55 61 2.84
55 62 3.12
55 63 0.83
55 64 5.73
55 65 3.06
55 66 9.56
55 67 8.13
55 68 9.19
55 69 1.91
55 70 3.72
55 71 7.46
55 72 2.56
55 73 5.67
55 74 6.37
55 75 2.16
55 76 3.03
55 77 5.35
55 78 6.61
55 79 4.41
55 80 9.69
55 81 1.81
55 82 2.12
55 83 2.88
55 84 1.53
55 85 4.15
55 86 6.75
55 87 7.32
55 88 3.42
55 89 3.25
55 90 4.97
55 91 3.84
55 92 3.65
55 93 8.08
55 94 7.98
55 95 4.30
55 96 7.43
55 97 1.03
55 98 7.82
55 99 5.28
56 57 8.06
56 58 7.70
56 59 2.71
56 60 5.98
56 61 2.50
56 62 8.30
56 63 1.89
56 64 3.65
56 65 1.60
56 66 7.07
56 67 8.92
56 68 1.14
56 69 6.24
56 70 8.93
56 71 9.13
56 72 4.71
56 73 9.54
56 74 2.05
56 75 8.75
56 76 7.57
56 77 9.99
56 78 0.69
56 79 8.33
56 80 8.33
56 81 7.58
56 82 2.57
56 83 4.66
56 84 6.29
56 85 6.52
56 86 1.95
56 87 8.88
56 88 8.18
56 89 5.77
56 90 4.76
56 91 0.23
56 92 3.30
56 93 9.27
56 94 0.53
56 95 2.14
56 96 6.80
56 97 9.18
56 98 4.97
56 99 0.62
57 58 5.32
57 59 5.42
57 60 8.94
57 61 8.18
57 62 4.15
57 63 0.36
57 64 1.92
57 65 8.85
57 66 6.47
57 67 5.52
57 68 5.22
57 69 1.10
57 70 8.88
57 71 1.89
57 72 9.10
57 73 7.78
57 74 3.87
57 75 9.56
57 76 2.77
57 77 5.49
57 78 8.59
57 79 4.47
57 80 0.03
57 81 3.62
57 82 9.25
57 83 2.87
57 84 7.64
57 85 4.17
57 86 9.51
57 87 4.44
57 88 6.60
57 89 2.00
57 90 4.97
57 91 5.81
57 92 7.76
57 93 2.24
57 94 8.11
57 95 4.51
57 96 1.68
57 97 1.68
57 98 7.41
57 99 4.88
58 59 7.30
58 60 2.71
58 61 9.73
58 62 2.85
58 63 7.08
58 64 6.35
58 65 3.92
58 66 4.04
58 67 9.16
58 68 4.28
58 69 3.85
58 70 1.37
58 71 8.81
58 72 7.94
58 73 5.94
58 74 0.37
58 75 3.35
58 76 6.36
58 77 8.70
58 78 6.11
58 79 1.38
58 80 5.67
58 81 8.71
58 82 6.83
58 83 7.23
58 84 5.34
58 85 6.65
58 86 4.30
58 87 3.60
58 88 7.01
58 89 1.81
58 90 4.93
58 91 2.09
58 92 5.11
58 93 3.68
58 94 7.43
58 95 3.84
58 96 5.68
58 97 1.86
58 98 9.40
58 99 3.04
59 60 2.77
59 61 5.72
59 62 7.92
59 63 5.38
59 64 8.56
59 65 6.31
59 66 6.75
59 67 1.66
59 68 8.14
59 69 3.38
59 70 0.17
59 71 1.72
59 72 2.40
59 73 1.60
59 74 9.09
59 75 7.04
59 76 6.80
59 77 9.45
59 78 2.04
59 79 7.80
59 80 6.54
59 81 2.27
59 82 8.23
59 83 5.29
59 84 6.18
59 85 0.69
59 86 7.04
59 87 6.93
59 88 1.41
59 89 7.02
59 90 9.20
59 91 8.82
59 92 9.35
59 93 0.52
59 94 3.38
59 95 1.52
59 96 9.75
59 97 9.60
59 98 2.50
59 99 6.07
60 61 2.78
60 62 1.40
60 63 7.12
60 64 0.56
60 65 5.02
60 66 1.09
60 67 7.11
60 68 3.55
60 69 9.87
60 70 7.14
60 71 4.23
60 72 5.02
60 73 6.31
60 74 7.09
60 75 6.59
60 76 0.68
60 77 1.60
60 78 0.79
60 79 6.20
60 80 1.22
60 81 1.69
60 82 7.61
60 83 4.16
60 84 9.52
60 85 9.88
60 86 6.47
60 87 6.48
60 88 7.22
60 89 0.05
60 90 1.24
60 91 8.17
60 92 4.69
60 93 4.86
60 94 5.61
60 95 3.28
60 96 1.41
60 97 9.28
60 98 1.40
60 99 4.83
61 62 4.83
61 63 0.00
61 64 9.36
61 65 3.63
61 66 5.04
61 67 8.72
61 68 1.65
61 69 7.33
61 70 3.87
61 71 2.04
61 72 5.14
61 73 9.48
61 74 0.58
61 75 4.89
61 76 3.17
61 77 8.24
61 78 5.38
61 79 6.36
61 80 5.00
61 81 1.56
61 82 2.29
61 83 6.49
61 84 0.81
61 85 9.70
61 86 0.75
61 87 2.05
61 88 2.75
61 89 5.89
61 90 6.12
61 91 9.17
61 92 8.92
61 93 1.82
61 94 8.15
61 95 7.50
61 96 2.33
61 97 1.80
61 98 10.00
61 99 0.86
62 63 0.73
62 64 3.24
62 65 2.85
62 66 7.68
62 67 7.53
62 68 7.10
62 69 1.94
62 70 9.37
62 71 5.82
62 72 1.34
62 73 7.89
62 74 7.10
62 75 6.95
62 76 1.30
62 77 5.15
62 78 4.29
62 79 1.29
62 80 1.76
62 81 0.71
62 82 9.48
62 83 5.09
62 84 7.40
62 85 3.45
62 86 8.32
62 87 8.24
62 88 5.56
62 89 6.98
62 90 4.22
62 91 7.00
62 92 0.40
62 93 8.29
62 94 1.00
62 95 1.34
62 96 4.46
62 97 2.79
62 98 8.96
62 99 7.93
63 64 0.68
63 65 9.39
63 66 5.84
63 67 6.05
63 68 5.81
63 69 4.55
63 70 2.10
63 71 0.94
63 72 5.12
63 73 6.82
63 74 7.62
63 75 7.31
63 76 1.13
63 77 3.49
63 78 4.02
63 79 8.64
63 80 2.54
63 81 1.24
63 82 6.82
63 83 2.88
63 84 0.24
63 85 9.48
63 86 6.78
63 87 8.98
63 88 1.05
63 89 3.40
63 90 6.36
63 91 9.24
63 92 3.05
63 93 0.25
63 94 1.79
63 95 2.53
63 96 9.35
63 97 2.60
63 98 9.34
63 99 4.45
64 65 3.71
64 66 7.69
64 67 4.56
64 68 2.29
64 69 5.06
64 70 9.44
64 71 9.18
64 72 8.24
64 73 9.65
64 74 8.44
64 75 4.95
64 76 0.98
64 77 1.77
64 78 2.64
64 79 8.50
64 80 3.05
64 81 4.79
64 82 9.56
64 83 4.37
64 84 6.35
64 85 9.97
64 86 6.55
64 87 9.61
64 88 5.74
64 89 9.58
64 90 7.64
64 91 1.61
64 92 0.94
64 93 0.40
64 94 3.93
64 95 2.49
64 96 7.24
64 97 4.83
64 98 3.32
64 99 4.84
65 66 3.74
65 67 0.38
65 68 1.00
65 69 5.01
65 70 6.62
65 71 5.74
65 72 8.36
65 73 3.85
65 74 6.26
65 75 7.05
65 76 8.90
65 77 3.78
65 78 2.67
65 79 3.81
65 80 8.47
65 81 2.22
65 82 1.09
65 83 2.29
65 84 8.31
65 85 3.63
65 86 4.21
65 87 4.25
65 88 1.74
65 89 3.41
65 90 2.01
65 91 6.03
65 92 8.09
65 93 4.53
65 94 0.98
65 95 2.44
65 96 5.41
65 97 2.37
65 98 9.41
65 99 7.37
66 67 3.12
66 68 1.75
66 69 2.06
66 70 2.73
66 71 2.07
66 72 1.49
66 73 8.69
66 74 7.25
66 75 0.55
66 76 3.78
66 77 4.43
66 78 0.97
66 79 7.91
66 80 2.68
66 81 7.75
66 82 3.76
66 83 8.52
66 84 5.65
66 85 7.17
66 86 1.62
66 87 8.77
66 88 9.80
66 89 3.82
66 90 7.38
66 91 0.14
66 92 9.67
66 93 5.33
66 94 5.41
66 95 2.41
66 96 1.05
66 97 4.02
66 98 8.93
66 99 6.35
67 68 1.31
67 69 0.64
67 70 1.46
67 71 3.47
67 72 9.27
67 73 5.01
67 74 2.51
67 75 3.67
67 76 6.38
67 77 8.03
67 78 7.44
67 79 2.23
67 80 9.15
67 81 4.78
67 82 2.92
67 83 6.73
67 84 8.58
67 85 5.92
67 86 8.78
67 87 5.74
67 88 8.04
67 89 2.47
67 90 1.21
67 91 6.41
67 92 1.87
67 93 3.45
67 94 7.60
67 95 0.06
67 96 9.34
67 97 1.49
67 98 5.36
67 99 9.34
68 69 9.03
68 70 0.14
68 71 4.55
68 72 4.33
68 73 9.29
68 74 0.65
68 75 0.21
68 76 8.65
68 77 5.16
68 78 0.93
68 79 4.21
68 80 4.09
68 81 3.74
68 82 9.53
68 83 1.37
68 84 4.06
68 85 1.88
68 86 4.54
68 87 8.27
68 88 7.06
68 89 6.11
68 90 0.04
68 91 1.53
68 92 2.56
68 93 2.50
68 94 4.49
68 95 9.88
68 96 9.72
68 97 8.97
68 98 4.85
68 99 0.86
69 70 1.79
69 71 9.83
69 72 5.42
69 73 9.84
69 74 8.02
69 75 5.62
69 76 5.40
69 77 9.53
69 78 1.53
69 79 4.50
69 80 5.20
69 81 8.82
69 82 2.46
69 83 2.91
69 84 7.80
69 85 1.10
69 86 6.08
69 87 0.92
69 88 2.97
69 89 0.93
69 90 0.29
69 91 3.87
69 92 1.19
69 93 6.14
69 94 0.37
69 95 9.00
69 96 0.32
69 97 1.70
69 98 9.12
69 99 6.75
70 71 6.72
70 72 9.25
70 73 2.77
70 74 3.23
70 75 9.97
70 76 6.94
70 77 6.31
70 78 8.77
70 79 3.46
70 80 4.14
70 81 7.32
70 82 5.85
70 83 7.72
70 84 4.30
70 85 3.65
70 86 9.03
70 87 2.38
70 88 6.55
70 89 9.63
70 90 2.65
70 91 10.00
70 92 2.14
70 93 5.45
70 94 6.54
70 95 7.65
70 96 3.62
70 97 6.58
70 98 8.62
70 99 4.34
71 72 4.45
71 73 0.83
71 74 5.76
71 75 4.30
71 76 8.77
71 77 9.41
71 78 7.21
71 79 8.77
71 80 7.33
71 81 4.56
71 82 2.63
71 83 5.69
71 84 2.80
71 85 7.34
71 86 9.84
71 87 7.84
71 88 1.30
71 89 1.75
71 90 3.22
71 91 2.73
71 92 5.87
71 93 4.65
71 94 1.02
71 95 3.96
71 96 5.06
71 97 0.15
71 98 5.02
71 99 9.93
72 73 3.12
72 74 3.59
72 75 7.96
72 76 5.35
72 77 3.30
72 78 6.21
72 79 2.01
72 80 1.47
72 81 8.90
72 82 8.88
72 83 6.44
72 84 7.68
72 85 7.46
72 86 8.08
72 87 2.40
72 88 7.95
72 89 1.58
72 90 2.31
72 91 9.36
72 92 1.55
72 93 3.73
72 94 4.56
72 95 8.31
72 96 0.62
72 97 2.66
72 98 8.17
72 99 0.43
73 74 0.44
73 75 4.62
73 76 4.32
73 77 9.08
73 78 3.33
73 79 0.07
73 80 7.40
73 81 1.54
73 82 8.01
73 83 5.16
73 84 1.16
73 85 3.01
73 86 3.75
73 87 0.41
73 88 1.88
73 89 1.41
73 90 9.83
73 91 8.97
73 92 2.82
73 93 3.78
73 94 5.73
73 95 5.29
73 96 2.10
73 97 1.95
73 98 9.55
73 99 3.93
74 75 4.86
74 76 1.09
74 77 9.49
74 78 9.04
74 79 7.19
74 80 2.92
74 81 0.94
74 82 8.37
74 83 8.11
74 84 2.51
74 85 6.34
74 86 7.94
74 87 8.10
74 88 7.38
74 89 5.53
74 90 1.02
74 91 8.61
74 92 5.05
74 93 3.27
74 94 4.88
74 95 2.44
74 96 1.93
74 97 1.50
74 98 0.37
74 99 2.53
75 76 7.42
75 77 7.62
75 78 2.11
75 79 2.47
75 80 0.58
75 81 7.11
75 82 9.41
75 83 9.55
75 84 7.49
75 85 8.73
75 86 1.90
75 87 2.72
75 88 0.55
75 89 9.24
75 90 9.31
75 91 4.11
75 92 4.70
75 93 9.98
75 94 8.59
75 95 3.54
75 96 9.34
75 97 9.97
75 98 9.81
75 99 2.32
76 77 6.59
76 78 5.03
76 79 5.91
76 80 0.60
76 81 7.55
76 82 8.17
76 83 4.99
76 84 1.98
76 85 0.30
76 86 7.95
76 87 1.96
76 88 1.80
76 89 8.86
76 90 1.60
76 91 5.41
76 92 1.65
76 93 3.69
76 94 3.51
76 95 6.29
76 96 5.55
76 97 6.82
76 98 9.26
76 99 4.51
77 78 6.47
77 79 6.76
77 80 0.19
77 81 8.69
77 82 1.73
77 83 7.22
77 84 0.40
77 85 5.82
77 86 6.85
77 87 1.03
77 88 4.47
77 89 4.95
77 90 1.87
77 91 4.95
77 92 5.69
77 93 7.78
77 94 8.31
77 95 6.75
77 96 4.28
77 97 2.43
77 98 0.67
77 99 7.76
78 79 6.33
78 80 6.59
78 81 7.25
78 82 6.94
78 83 2.27
78 84 1.39
78 85 0.44
78 86 9.56
78 87 5.56
78 88 9.16
78 89 3.33
78 90 2.52
78 91 0.39
78 92 2.64
78 93 5.34
78 94 1.34
78 95 8.00
78 96 2.91
78 97 7.37
78 98 5.67
78 99 8.75
79 80 1.87
79 81 7.33
79 82 8.57
79 83 6.72
79 84 8.02
79 85 3.14
79 86 5.92
79 87 3.97
79 88 4.90
79 89 7.27
79 90 9.05
79 91 0.41
79 92 2.27
79 93 4.13
79 94 3.08
79 95 3.80
79 96 0.82
79 97 6.27
79 98 9.35
79 99 1.00
80 81 4.85
80 82 2.36
80 83 8.05
80 84 9.84
80 85 7.09
80 86 0.75
80 87 9.05
80 88 6.09
80 89 6.43
80 90 3.60
80 91 8.23
80 92 0.82
80 93 1.79
80 94 2.91
80 95 3.96
80 96 1.47
80 97 3.22
80 98 0.39
80 99 3.54
81 82 2.46
81 83 3.09
81 84 2.78
81 85 7.74
81 86 9.50
81 87 1.50
81 88 2.11
81 89 0.26
81 90 1.18
81 91 2.03
81 92 9.33
81 93 8.50
81 94 8.42
81 95 2.04
81 96 9.33
81 97 1.97
81 98 7.69
81 99 4.19
82 83 2.52
82 84 4.65
82 85 7.20
82 86 3.61
82 87 6.48
82 88 6.93
82 89 9.88
82 90 8.34
82 91 2.52
82 92 6.58
82 93 1.16
82 94 6.16
82 95 0.68
82 96 9.44
82 97 3.38
82 98 8.20
82 99 4.99
83 84 7.33
83 85 8.62
83 86 0.31
83 87 4.03
83 88 4.96
83 89 1.49
83 90 6.40
83 91 4.61
83 92 7.45
83 93 6.02
83 94 0.39
83 95 9.77
83 96 4.02
83 97 1.62
83 98 6.61
83 99 4.83
84 85 7.29
84 86 8.60
84 87 8.34
84 88 3.48
84 89 7.73
84 90 7.25
84 91 4.81
84 92 1.81
84 93 0.37
84 94 9.62
84 95 6.61
84 96 8.09
84 97 4.51
84 98 9.26
84 99 2.91
85 86 0.78
85 87 3.13
85 88 7.37
85 89 7.70
85 90 2.00
85 91 8.81
85 92 6.13
85 93 9.35
85 94 5.38
85 95 0.94
85 96 3.63
85 97 5.43
85 98 6.18
85 99 1.29
86 87 9.02
86 88 9.23
86 89 9.69
86 90 5.31
86 91 3.77
86 92 4.08
86 93 8.87
86 94 9.45
86 95 4.40
86 96 4.99
86 97 0.78
86 98 4.37
86 99 7.03
87 88 4.34
87 89 2.90
87 90 0.34
87 91 7.45
87 92 0.25
87 93 2.11
87 94 8.94
87 95 1.26
87 96 8.68
87 97 2.14
87 98 2.03
87 99 9.89
88 89 3.53
88 90 6.74
88 91 3.48
88 92 8.18
88 93 6.93
88 94 6.96
88 95 7.00
88 96 1.75
88 97 2.45
88 98 3.38
88 99 8.33
89 90 4.75
89 91 8.13
89 92 6.07
89 93 6.94
89 94 1.00
89 95 0.93
89 96 9.70
89 97 9.97
89 98 2.11
89 99 3.27
90 91 8.12
90 92 4.89
90 93 8.37
90 94 0.38
90 95 7.92
90 96 7.37
90 97 4.43
90 98 2.18
90 99 4.13
91 92 6.57
91 93 1.71
91 94 1.73
91 95 7.21
91 96 1.07
91 97 3.19
91 98 3.39
91 99 2.25
92 93 1.19
92 94 7.05
92 95 9.01
92 96 0.00
92 97 6.14
92 98 0.07
92 99 6.05
93 94 0.84
93 95 6.20
93 96 4.24
93 97 6.32
93 98 5.42
93 99 1.75
94 95 6.41
94 96 1.50
94 97 5.64
94 98 2.03
94 99 7.35
95 96 9.47
95 97 3.86
95 98 7.72
95 99 4.70
96 97 8.89
96 98 3.35
96 99 2.64
97 98 8.82
97 99 4.36
98 99 4.15
