100 10
0 1 6.12
0 2 8.19
0 3 0.87
0 4 7.69
0 5 0.98
0 6 0.00
0 7 6.25
0 8 7.68
0 9 1.76
0 10 7.43
0 11 5.01
0 12 1.40
0 13 6.23
0 14 1.71
0 15 8.01
0 16 3.72
0 17 0.41
0 18 3.25
0 19 3.54
0 20 0.30
0 21 5.52
0 22 4.76
0 23 8.49
0 24 6.68
0 25 7.17
0 26 8.86
0 27 2.85
0 28 1.68
0 29 1.38
0 30 9.83
0 31 9.01
0 32 2.57
0 33 6.68
0 34 8.92
0 35 6.07
0 36 2.94
0 37 6.26
0 38 1.41
0 39 1.31
0 40 8.94
0 41 9.37
0 42 1.07
0 43 7.47
0 44 4.98
0 45 0.45
0 46 1.69
0 47 1.77
0 48 4.48
0 49 3.34
0 50 7.46
0 51 4.84
0 52 9.24
0 53 4.28
0 54 8.89
0 55 7.81
0 56 6.71
0 57 8.95
0 58 7.98
0 59 6.98
0 60 1.99
0 61 2.62
0 62 8.47
0 63 6.52
0 64 4.75
0 65 6.43
0 66 2.55
0 67 7.90
0 68 4.20
0 69 8.75
0 70 2.63
0 71 6.34
0 72 2.49
0 73 8.00
0 74 9.22
0 75 1.22
0 76 1.46
0 77 8.37
0 78 4.13
0 79 8.00
0 80 2.45
0 81 9.89
0 82 6.33
0 83 8.31
0 84 9.80
0 85 1.19
0 86 2.68
0 87 6.07
0 88 6.90
0 89 0.10
0 90 4.11
0 91 4.18
0 92 8.55
0 93 8.99
0 94 9.25
0 95 0.67
0 96 6.49
0 97 8.64
0 98 6.70
0 99 8.51
1 2 3.25
1 3 8.31
1 4 0.27
1 5 2.75
1 6 0.45
1 7 1.13
1 8 3.93
1 9 2.23
1 10 6.14
1 11 0.13
1 12 3.70
1 13 2.96
1 14 4.61
1 15 8.01
1 16 1.46
1 17 1.97
1 18 7.43
1 19 2.57
1 20 4.60
1 21 2.61
1 22 5.98
1 23 9.18
1 24 0.13
1 25 3.53
1 26 8.94
1 27 1.67
1 28 0.05
1 29 3.90
1 30 7.18
1 31 7.78
1 32 3.46
1 33 7.84
1 34 9.57
1 35 0.53
1 36 0.48
1 37 7.23
1 38 6.16
1 39 3.08
1 40 9.79
1 41 8.47
1 42 3.79
1 43 0.85
1 44 9.87
1 45 1.51
1 46 6.13
1 47 1.27
1 48 0.69
1 49 6.22
1 50 9.09
1 51 2.05
1 52 3.36
1 53 8.06
1 54 9.73
1 55 0.45
1 56 8.06
1 57 6.76
1 58 4.78
1 59 8.84
1 60 1.69
1 61 1.13
1 62 6.35
1 63 3.09
1 64 4.03
1 65 2.36
1 66 2.00
1 67 9.25
1 68 4.66
1 69 9.90
1 70 9.15
1 71 4.79
1 72 8.07
1 73 4.24
1 74 4.74
1 75 6.70
1 76 7.23
1 77 8.18
1 78 0.96
1 79 1.75
1 80 4.70
1 81 9.69
1 82 1.88
1 83 0.84
1 84 7.14
1 85 5.14
1 86 4.67
1 87 6.62
1 88 0.33
1 89 3.11
1 90 5.60
1 91 0.07
1 92 7.48
1 93 3.49
1 94 3.37
1 95 6.87
1 96 8.68
1 97 1.14
1 98 4.30
1 99 9.30
2 3 9.92
2 4 9.25
2 5 2.08
2 6 5.62
2 7 1.49
2 8 0.43
2 9 7.18
2 10 6.00
2 11 5.75
2 12 1.70
2 13 4.71
2 14 1.62
2 15 9.14
2 16 3.05
2 17 2.64
2 18 8.65
2 19 0.91
2 20 0.26
2 21 1.15
2 22 8.64
2 23 3.19
2 24 1.44
2 25 4.89
2 26 7.73
2 27 3.11
2 28 2.11
2 29 1.88
2 30 8.21
2 31 5.49
2 32 0.84
2 33 8.23
2 34 5.78
2 35 2.03
2 36 1.67
2 37 1.51
2 38 1.90
2 39 0.40
2 40 6.69
2 41 9.26
2 42 9.15
2 43 1.38
2 44 5.33
2 45 8.61
2 46 9.63
2 47 6.70
2 48 3.29
2 49 8.92
2 50 3.27
2 51 4.36
2 52 4.99
2 53 5.62
2 54 4.38
2 55 5.91
2 56 8.94
2 57 0.42
2 58 6.60
2 59 4.25
2 60 2.94
2 61 4.87
2 62 5.85
2 63 7.39
2 64 2.70
2 65 0.61
2 66 9.15
2 67 4.61
2 68 3.05
2 69 1.32
2 70 0.87
2 71 1.96
2 72 9.73
2 73 6.97
2 74 3.64
2 75 0.14
2 76 1.01
2 77 7.97
2 78 7.96
2 79 4.02
2 80 6.59
2 81 5.87
2 82 8.87
2 83 1.37
2 84 9.31
2 85 2.94
2 86 5.84
2 87 3.38
2 88 6.87
2 89 6.99
2 90 5.86
2 91 0.08
2 92 0.78
2 93 4.04
2 94 5.51
2 95 4.01
2 96 1.70
2 97 8.87
2 98 7.44
2 99 2.89
3 4 5.02
3 5 6.73
3 6 6.74
3 7 1.25
3 8 6.32
3 9 8.60
3 10 0.18
3 11 0.63
3 12 5.31
3 13 1.27
3 14 9.16
3 15 4.79
3 16 7.31
3 17 4.14
3 18 7.83
3 19 1.80
3 20 8.76
3 21 6.20
3 22 6.07
3 23 0.48
3 24 4.93
3 25 0.44
3 26 8.35
3 27 7.31
3 28 3.59
3 29 7.73
3 30 6.67
3 31 5.30
3 32 9.65
3 33 5.43
3 34 2.98
3 35 6.30
3 36 0.92
3 37 0.77
3 38 0.22
3 39 5.20
3 40 9.23
3 41 4.16
3 42 9.08
3 43 5.39
3 44 7.82
3 45 6.17
3 46 6.58
3 47 3.35
3 48 2.20
3 49 2.88
3 50 0.50
3 51 8.47
3 52 6.67
3 53 3.10
3 54 4.41
3 55 5.44
3 56 6.44
3 57 5.96
3 58 2.03
3 59 2.28
3 60 5.13
3 61 9.18
3 62 7.30
3 63 2.84
3 64 9.78
3 65 0.80
3 66 1.12
3 67 9.41
3 68 9.96
3 69 3.28
3 70 0.30
3 71 0.67
3 72 6.69
3 73 7.35
3 74 1.25
3 75 6.40
3 76 2.70
3 77 5.16
3 78 5.48
3 79 9.49
3 80 8.71
3 81 7.22
3 82 6.93
3 83 9.37
3 84 4.49
3 85 3.28
3 86 8.09
3 87 0.96
3 88 2.02
3 89 4.63
3 90 8.43
3 91 1.45
3 92 2.81
3 93 7.27
3 94 5.34
3 95 8.50
3 96 8.74
3 97 9.53
3 98 7.46
3 99 9.31
4 5 3.37
4 6 0.52
4 7 1.04
4 8 3.77
4 9 6.82
4 10 9.30
4 11 5.13
4 12 6.89
4 13 5.41
4 14 6.27
4 15 4.40
4 16 9.91
4 17 9.75
4 18 0.22
4 19 2.46
4 20 3.63
4 21 4.96
4 22 8.67
4 23 7.73
4 24 9.09
4 25 5.59
4 26 8.73
4 27 0.61
4 28 6.07
4 29 1.32
4 30 1.82
4 31 2.03
4 32 5.90
4 33 4.66
4 34 3.78
4 35 0.56
4 36 3.70
4 37 3.03
4 38 3.69
4 39 1.53
4 40 8.20
4 41 9.12
4 42 2.62
4 43 0.62
4 44 5.01
4 45 6.07
4 46 5.97
4 47 1.82
4 48 6.58
4 49 4.88
4 50 2.21
4 51 6.83
4 52 8.82
4 53 0.16
4 54 9.39
4 55 0.60
4 56 1.29
4 57 7.83
4 58 9.43
4 59 9.65
4 60 8.36
4 61 7.23
4 62 1.85
4 63 7.24
4 64 7.93
4 65 4.01
4 66 7.33
4 67 5.49
4 68 5.21
4 69 0.83
4 70 2.48
4 71 8.13
4 72 6.21
4 73 7.33
4 74 7.41
4 75 4.13
4 76 4.87
4 77 4.58
4 78 5.67
4 79 7.26
4 80 7.67
4 81 3.17
4 82 2.03
4 83 0.41
4 84 5.06
4 85 2.63
4 86 9.89
4 87 8.53
4 88 1.40
4 89 2.65
4 90 8.90
4 91 0.41
4 92 1.74
4 93 8.85
4 94 1.49
4 95 8.60
4 96 8.41
4 97 8.53
4 98 5.63
4 99 8.85
5 6 0.11
5 7 5.36
5 8 5.52
5 9 8.55
5 10 5.28
5 11 4.04
5 12 4.97
5 13 8.27
5 14 5.22
5 15 3.29
5 16 2.23
5 17 5.14
5 18 6.48
5 19 8.76
5 20 2.77
5 21 2.73
5 22 4.40
5 23 7.97
5 24 7.63
5 25 8.59
5 26 8.43
5 27 7.09
5 28 9.06
5 29 1.01
5 30 5.52
5 31 8.58
5 32 8.43
5 33 3.71
5 34 0.47
5 35 1.41
5 36 8.88
5 37 3.77
5 38 2.91
5 39 0.31
5 40 1.10
5 41 5.07
5 42 5.72
5 43 1.53
5 44 6.37
5 45 3.62
5 46 4.02
5 47 7.94
5 48 6.06
5 49 2.75
5 50 2.14
5 51 4.54
5 52 0.36
5 53 5.79
5 54 5.48
5 55 4.99
5 56 6.28
5 57 0.53
5 58 3.37
5 59 8.15
5 60 4.52
5 61 7.68
5 62 4.41
5 63 6.57
5 64 2.63
5 65 3.69
5 66 6.71
5 67 3.89
5 68 7.91
5 69 4.33
5 70 0.30
5 71 7.39
5 72 4.11
5 73 3.19
5 74 3.42
5 75 7.57
5 76 8.46
5 77 3.90
5 78 2.32
5 79 4.86
5 80 3.15
5 81 5.31
5 82 3.40
5 83 9.57
5 84 0.21
5 85 3.27
5 86 6.37
5 87 8.06
5 88 4.83
5 89 3.75
5 90 4.51
5 91 6.01
5 92 1.51
5 93 3.41
5 94 7.37
5 95 2.22
5 96 1.96
5 97 8.13
5 98 1.25
5 99 0.87
6 7 7.46
6 8 4.68
6 9 1.64
6 10 0.10
6 11 7.35
6 12 6.37
6 13 4.94
6 14 9.91
6 15 2.95
6 16 4.30
6 17 7.40
6 18 3.97
6 19 0.36
6 20 6.11
6 21 9.14
6 22 0.06
6 23 1.26
6 24 6.52
6 25 2.32
6 26 9.70
6 27 1.75
6 28 9.74
6 29 0.40
6 30 1.55
6 31 8.47
6 32 2.57
6 33 9.49
6 34 6.71
6 35 4.46
6 36 6.46
6 37 5.88
6 38 4.62
6 39 2.83
6 40 6.81
6 41 9.78
6 42 7.34
6 43 5.19
6 44 4.18
6 45 2.52
6 46 9.30
6 47 6.73
6 48 9.71
6 49 6.34
6 50 7.10
6 51 1.81
6 52 3.50
6 53 9.39
6 54 9.01
6 55 5.63
6 56 1.76
6 57 6.93
6 58 0.45
6 59 8.74
6 60 0.86
6 61 9.71
6 62 1.42
6 63 8.84
6 64 0.30
6 65 0.29
6 66 2.84
6 67 7.57
6 68 5.77
6 69 9.74
6 70 0.04
6 71 3.47
6 72 5.23
6 73 6.73
6 74 1.41
6 75 9.71
6 76 3.79
6 77 1.96
6 78 6.71
6 79 1.62
6 80 6.49
6 81 9.34
6 82 1.87
6 83 3.97
6 84 3.16
6 85 1.16
6 86 6.48
6 87 9.36
6 88 3.85
6 89 2.50
6 90 6.22
6 91 2.56
6 92 0.56
6 93 8.07
6 94 0.52
6 95 7.67
6 96 2.54
6 97 1.37
6 98 7.38
6 99 5.77
7 8 0.18
7 9 1.36
7 10 4.60
7 11 8.02
7 12 3.82
7 13 4.60
7 14 5.21
7 15 1.92
7 16 5.61
7 17 6.48
7 18 9.10
7 19 5.76
7 20 0.65
7 21 7.84
7 22 6.95
7 23 4.31
7 24 5.69
7 25 5.80
7 26 3.04
7 27 2.84
7 28 4.01
7 29 1.67
7 30 6.70
7 31 5.47
7 32 5.17
7 33 6.91
7 34 3.70
7 35 4.45
7 36 1.41
7 37 4.11
7 38 6.33
7 39 4.91
7 40 4.86
7 41 6.62
7 42 6.87
7 43 5.91
7 44 8.78
7 45 6.66
7 46 2.03
7 47 3.22
7 48 0.28
7 49 8.63
7 50 2.88
7 51 4.19
7 52 6.50
7 53 8.64
7 54 7.09
7 55 2.13
7 56 3.13
7 57 3.51
7 58 2.18
7 59 8.81
7 60 3.24
7 61 3.38
7 62 4.54
7 63 3.78
7 64 9.93
7 65 9.81
7 66 8.10
7 67 1.38
7 68 3.23
7 69 6.05
7 70 7.35
7 71 7.31
7 72 0.41
7 73 0.01
7 74 3.16
7 75 6.34
7 76 7.15
7 77 3.52
7 78 2.06
7 79 2.64
7 80 1.66
7 81 0.12
7 82 0.92
7 83 5.11
7 84 1.47
7 85 5.10
7 86 6.46
7 87 8.79
7 88 3.55
7 89 3.95
7 90 6.55
7 91 8.04
7 92 9.00
7 93 5.91
7 94 6.81
7 95 9.83
7 96 3.00
7 97 8.95
7 98 2.48
7 99 5.78
8 9 8.36
8 10 8.99
8 11 1.65
8 12 5.92
8 13 3.96
8 14 6.59
8 15 9.18
8 16 6.49
8 17 1.34
8 18 7.39
8 19 3.61
8 20 4.61
8 21 5.63
8 22 7.75
8 23 0.73
8 24 1.88
8 25 7.57
8 26 6.72
8 27 0.20
8 28 8.23
8 29 8.79
8 30 4.62
8 31 3.41
8 32 7.47
8 33 8.52
8 34 9.03
8 35 7.51
8 36 3.48
8 37 7.77
8 38 2.08
8 39 7.99
8 40 6.35
8 41 7.75
8 42 8.09
8 43 4.40
8 44 6.11
8 45 7.15
8 46 2.39
8 47 8.01
8 48 4.80
8 49 8.12
8 50 4.20
8 51 6.74
8 52 4.77
8 53 9.12
8 54 8.88
8 55 1.00
8 56 0.22
8 57 1.84
8 58 1.47
8 59 1.84
8 60 9.51
8 61 3.87
8 62 9.55
8 63 8.71
8 64 8.05
8 65 6.94
8 66 6.43
8 67 6.97
8 68 2.17
8 69 1.18
8 70 5.65
8 71 3.29
8 72 0.10
8 73 4.10
8 74 2.25
8 75 1.46
8 76 0.83
8 77 4.40
8 78 0.89
8 79 1.82
8 80 4.38
8 81 5.96
8 82 7.18
8 83 4.22
8 84 4.59
8 85 1.48
8 86 6.46
8 87 3.34
8 88 9.22
8 89 0.59
8 90 8.19
8 91 3.43
8 92 2.13
8 93 1.15
8 94 5.30
8 95 4.61
8 96 3.81
8 97 7.45
8 98 2.70
8 99 4.91
9 10 9.73
9 11 5.50
9 12 7.78
9 13 9.37
9 14 5.21
9 15 9.78
9 16 3.93
9 17 7.77
9 18 1.37
9 19 8.72
9 20 5.94
9 21 8.59
9 22 9.47
9 23 4.24
9 24 1.35
9 25 1.83
9 26 6.78
9 27 8.33
9 28 4.67
9 29 1.45
9 30 7.16
9 31 4.07
9 32 0.56
9 33 1.42
9 34 8.48
9 35 3.61
9 36 0.99
9 37 6.62
9 38 0.54
9 39 2.78
9 40 8.78
9 41 8.70
9 42 3.06
9 43 8.34
9 44 4.99
9 45 5.14
9 46 8.19
9 47 0.09
9 48 4.52
9 49 1.16
9 50 1.76
9 51 4.92
9 52 1.59
9 53 7.88
9 54 5.56
9 55 1.65
9 56 9.17
9 57 7.49
9 58 1.36
9 59 6.95
9 60 1.40
9 61 6.44
9 62 5.78
9 63 2.27
9 64 7.01
9 65 6.37
9 66 6.55
9 67 9.77
9 68 3.31
9 69 5.69
9 70 0.35
9 71 7.59
9 72 6.17
9 73 4.95
9 74 7.59
9 75 8.11
9 76 8.67
9 77 0.69
9 78 6.96
9 79 6.46
9 80 6.94
9 81 1.47
9 82 5.01
9 83 7.59
9 84 1.26
9 85 6.23
9 86 7.29
9 87 0.93
9 88 1.24
9 89 2.85
9 90 4.37
9 91 8.91
9 92 6.14
9 93 3.99
9 94 4.79
9 95 3.79
9 96 1.25
9 97 9.19
9 98 4.59
9 99 9.16
10 11 6.34
10 12 4.18
10 13 3.09
10 14 1.03
10 15 7.76
10 16 3.93
10 17 8.78
10 18 7.50
10 19 6.90
10 20 1.97
10 21 4.32
10 22 0.39
10 23 9.51
10 24 3.88
10 25 9.57
10 26 0.29
10 27 8.89
10 28 5.14
10 29 8.16
10 30 6.87
10 31 6.61
10 32 7.09
10 33 1.33
10 34 0.92
10 35 0.98
10 36 5.03
10 37 7.52
10 38 7.31
10 39 5.21
10 40 6.72
10 41 3.05
10 42 7.09
10 43 1.50
10 44 7.34
10 45 5.10
10 46 1.79
10 47 7.48
10 48 5.12
10 49 2.87
10 50 7.00
10 51 6.40
10 52 5.60
10 53 6.66
10 54 2.88
10 55 1.41
10 56 4.66
10 57 8.01
10 58 2.23
10 59 3.72
10 60 1.11
10 61 4.45
10 62 0.84
10 63 3.00
10 64 5.08
10 65 9.48
10 66 9.35
10 67 4.13
10 68 1.54
10 69 9.45
10 70 8.24
10 71 9.00
10 72 1.75
10 73 2.21
10 74 2.48
10 75 9.26
10 76 8.46
10 77 6.28
10 78 9.41
10 79 7.98
10 80 7.80
10 81 9.73
10 82 3.11
10 83 8.19
10 84 2.51
10 85 8.23
10 86 2.98
10 87 1.27
10 88 0.52
10 89 9.56
10 90 0.76
10 91 3.86
10 92 2.93
10 93 8.23
10 94 0.47
10 95 4.55
10 96 8.63
10 97 1.24
10 98 6.11
10 99 8.06
11 12 2.48
11 13 9.23
11 14 2.31
11 15 1.93
11 16 7.30
11 17 7.01
11 18 7.76
11 19 9.91
11 20 5.82
11 21 3.17
11 22 8.20
11 23 2.70
11 24 3.04
11 25 8.02
11 26 5.91
11 27 9.36
11 28 5.09
11 29 7.50
11 30 2.61
11 31 1.41
11 32 5.36
11 33 2.94
11 34 7.88
11 35 2.22
11 36 5.17
11 37 7.19
11 38 5.09
11 39 2.00
11 40 0.75
11 41 2.43
11 42 6.91
11 43 9.93
11 44 4.58
11 45 0.88
11 46 6.27
11 47 6.74
11 48 6.09
11 49 2.53
11 50 1.28
11 51 5.79
11 52 8.07
11 53 2.37
11 54 9.01
11 55 4.39
11 56 5.58
11 57 0.59
11 58 6.69
11 59 0.92
11 60 8.56
11 61 2.97
11 62 5.90
11 63 6.22
11 64 6.47
11 65 0.99
11 66 5.75
11 67 4.69
11 68 2.39
11 69 0.34
11 70 6.32
11 71 2.34
11 72 1.11
11 73 8.55
11 74 6.03
11 75 9.88
11 76 1.10
11 77 6.01
11 78 9.52
11 79 1.66
11 80 3.63
11 81 0.61
11 82 5.06
11 83 4.00
11 84 4.43
11 85 5.52
11 86 1.21
11 87 6.98
11 88 9.59
11 89 1.47
11 90 8.68
11 91 6.63
11 92 8.59
11 93 9.68
11 94 7.93
11 95 4.85
11 96 4.61
11 97 5.25
11 98 8.71
11 99 9.41
12 13 7.40
12 14 3.82
12 15 8.11
12 16 8.69
12 17 6.21
12 18 5.45
12 19 3.93
12 20 5.66
12 21 0.12
12 22 5.04
12 23 6.81
12 24 9.35
12 25 4.06
12 26 0.69
12 27 8.77
12 28 6.04
12 29 0.42
12 30 4.24
12 31 8.15
12 32 0.00
12 33 2.56
12 34 1.56
12 35 1.51
12 36 1.49
12 37 0.30
12 38 2.17
12 39 3.47
12 40 6.40
12 41 4.31
12 42 4.60
12 43 2.68
12 44 6.99
12 45 4.06
12 46 5.41
12 47 1.93
12 48 0.63
12 49 4.11
12 50 7.31
12 51 4.09
12 52 1.50
12 53 4.92
12 54 5.57
12 55 9.14
12 56 5.10
12 57 1.29
12 58 1.19
12 59 9.03
12 60 0.14
12 61 7.52
12 62 4.07
12 63 0.87
12 64 4.99
12 65 6.05
12 66 4.86
12 67 5.47
12 68 8.94
12 69 0.43
12 70 9.18
12 71 6.40
12 72 2.73
12 73 3.86
12 74 9.63
12 75 5.92
12 76 4.85
12 77 9.24
12 78 9.84
12 79 5.08
12 80 9.46
12 81 5.58
12 82 4.72
12 83 3.37
12 84 9.92
12 85 5.92
12 86 5.87
12 87 1.64
12 88 4.38
12 89 6.03
12 90 3.79
12 91 8.74
12 92 8.77
12 93 6.49
12 94 3.39
12 95 0.66
12 96 0.68
12 97 2.66
12 98 2.40
12 99 2.41
13 14 0.66
13 15 9.82
13 16 6.91
13 17 6.79
13 18 1.83
13 19 4.90
13 20 7.84
13 21 1.93
13 22 4.44
13 23 9.07
13 24 7.23
13 25 4.61
13 26 7.06
13 27 5.17
13 28 1.54
13 29 5.19
13 30 5.54
13 31 8.38
13 32 3.91
13 33 3.71
13 34 9.00
13 35 4.62
13 36 1.15
13 37 9.24
13 38 6.64
13 39 6.66
13 40 2.76
13 41 5.53
13 42 9.94
13 43 6.12
13 44 6.72
13 45 7.04
13 46 8.76
13 47 2.53
13 48 9.63
13 49 1.36
13 50 9.45
13 51 4.10
13 52 6.56
13 53 8.12
13 54 8.62
13 55 9.46
13 56 3.85
13 57 4.61
13 58 0.30
13 59 4.41
13 60 7.71
13 61 3.71
13 62 9.95
13 63 1.39
13 64 0.09
13 65 9.76
13 66 4.56
13 67 4.26
13 68 5.55
13 69 4.83
13 70 6.72
13 71 3.31
13 72 2.88
13 73 4.36
13 74 8.66
13 75 5.66
13 76 8.66
13 77 8.35
13 78 6.34
13 79 0.42
13 80 6.98
13 81 7.81
13 82 6.61
13 83 2.26
13 84 1.42
13 85 6.67
13 86 6.10
13 87 0.29
13 88 6.09
13 89 0.24
13 90 4.03
13 91 7.24
13 92 6.06
13 93 2.32
13 94 3.57
13 95 3.46
13 96 6.12
13 97 7.60
13 98 5.59
13 99 5.04
14 15 4.67
14 16 3.76
14 17 8.67
14 18 1.53
14 19 6.56
14 20 7.70
14 21 4.34
14 22 5.67
14 23 6.07
14 24 0.82
14 25 6.42
14 26 4.06
14 27 6.85
14 28 0.60
14 29 5.03
14 30 8.51
14 31 2.51
14 32 2.83
14 33 7.03
14 34 0.84
14 35 6.08
14 36 4.35
14 37 4.62
14 38 3.23
14 39 7.98
14 40 4.31
14 41 1.72
14 42 7.89
14 43 5.70
14 44 3.46
14 45 3.90
14 46 7.57
14 47 1.91
14 48 6.25
14 49 6.01
14 50 3.81
14 51 7.39
14 52 3.76
14 53 5.26
14 54 2.94
14 55 6.10
14 56 7.83
14 57 5.91
14 58 3.70
14 59 7.31
14 60 6.29
14 61 2.48
14 62 4.43
14 63 9.37
14 64 0.85
14 65 6.31
14 66 9.56
14 67 5.81
14 68 6.88
14 69 5.77
14 70 1.92
14 71 3.40
14 72 6.86
14 73 7.36
14 74 3.71
14 75 6.40
14 76 3.81
14 77 8.49
14 78 5.09
14 79 6.00
14 80 5.89
14 81 0.01
14 82 0.01
14 83 1.05
14 84 2.20
14 85 6.18
14 86 3.27
14 87 4.05
14 88 5.81
14 89 6.13
14 90 8.59
14 91 2.10
14 92 2.22
14 93 1.53
14 94 0.66
14 95 9.87
14 96 0.74
14 97 9.00
14 98 5.85
14 99 6.93
15 16 9.92
15 17 2.09
15 18 1.18
15 19 8.58
15 20 8.27
15 21 3.37
15 22 7.75
15 23 10.00
15 24 5.22
15 25 8.40
15 26 4.08
15 27 4.67
15 28 4.99
15 29 5.25
15 30 2.56
15 31 4.02
15 32 8.70
15 33 5.94
15 34 9.50
15 35 8.31
15 36 5.98
15 37 1.61
15 38 9.91
15 39 3.63
15 40 1.39
15 41 5.01
15 42 1.30
15 43 4.08
15 44 9.02
15 45 5.61
15 46 8.42
15 47 0.50
15 48 5.59
15 49 1.77
15 50 3.60
15 51 3.13
15 52 5.41
15 53 4.89
15 54 7.14
15 55 3.48
15 56 1.02
15 57 4.39
15 58 4.74
15 59 3.45
15 60 7.81
15 61 2.18
15 62 8.02
15 63 5.07
15 64 1.51
15 65 7.71
15 66 1.89
15 67 3.46
15 68 0.87
15 69 1.16
15 70 4.40
15 71 7.99
15 72 5.48
15 73 9.01
15 74 8.68
15 75 5.86
15 76 9.62
15 77 7.92
15 78 5.56
15 79 2.69
15 80 7.73
15 81 1.25
15 82 9.19
15 83 6.88
15 84 0.70
15 85 9.60
15 86 0.08
15 87 5.56
15 88 1.76
15 89 5.96
15 90 9.01
15 91 1.75
15 92 3.09
15 93 7.22
15 94 2.32
15 95 3.19
15 96 2.73
15 97 4.40
15 98 6.21
15 99 5.32
16 17 4.28
16 18 8.84
16 19 2.29
16 20 6.23
16 21 4.49
16 22 1.85
16 23 1.53
16 24 1.64
16 25 4.30
16 26 7.01
16 27 9.36
16 28 0.06
16 29 8.01
16 30 2.94
16 31 1.75
16 32 7.68
16 33 2.79
16 34 5.02
16 35 2.28
16 36 4.39
16 37 7.93
16 38 3.86
16 39 9.33
16 40 0.63
16 41 0.85
16 42 7.01
16 43 7.03
16 44 3.87
16 45 7.02
16 46 6.94
16 47 2.83
16 48 2.43
16 49 1.11
16 50 1.38
16 51 5.83
16 52 9.00
16 53 2.67
16 54 0.94
16 55 9.23
16 56 3.95
16 57 1.78
16 58 2.48
16 59 3.88
16 60 3.03
16 61 2.82
16 62 0.23
16 63 2.13
16 64 2.38
16 65 3.43
16 66 5.20
16 67 1.33
16 68 7.00
16 69 2.93
16 70 4.70
16 71 6.60
16 72 5.46
16 73 9.59
16 74 0.72
16 75 0.19
16 76 6.12
16 77 2.45
16 78 2.47
16 79 7.46
16 80 8.47
16 81 0.28
16 82 8.84
16 83 0.75
16 84 5.44
16 85 9.11
16 86 3.44
16 87 4.48
16 88 5.67
16 89 7.14
16 90 6.24
16 91 4.73
16 92 3.78
16 93 9.24
16 94 2.18
16 95 1.30
16 96 3.78
16 97 0.00
16 98 7.70
16 99 5.79
17 18 3.61
17 19 3.48
17 20 3.15
17 21 0.02
17 22 5.47
17 23 3.62
17 24 8.44
17 25 2.55
17 26 0.69
17 27 8.02
17 28 4.46
17 29 1.39
17 30 7.56
17 31 8.52
17 32 4.00
17 33 6.74
17 34 2.51
17 35 6.20
17 36 0.55
17 37 9.40
17 38 7.08
17 39 6.35
17 40 0.65
17 41 8.85
17 42 6.32
17 43 3.04
17 44 8.89
17 45 1.69
17 46 9.52
17 47 2.76
17 48 4.20
17 49 0.30
17 50 5.40
17 51 8.83
17 52 5.27
17 53 5.79
17 54 4.15
17 55 6.35
17 56 2.85
17 57 0.31
17 58 8.40
17 59 9.64
17 60 5.10
17 61 3.91
17 62 4.52
17 63 5.96
17 64 4.24
17 65 3.24
17 66 4.99
17 67 1.61
17 68 4.37
17 69 7.75
17 70 4.90
17 71 8.59
17 72 2.24
17 73 8.70
17 74 8.71
17 75 9.07
17 76 0.94
17 77 4.68
17 78 3.42
17 79 2.34
17 80 0.98
17 81 4.14
17 82 5.27
17 83 2.69
17 84 1.02
17 85 5.38
17 86 4.30
17 87 9.47
17 88 8.32
17 89 3.50
17 90 5.86
17 91 8.50
17 92 6.87
17 93 4.75
17 94 2.46
17 95 7.79
17 96 5.49
17 97 5.46
17 98 0.94
17 99 5.14
18 19 8.67
18 20 3.00
18 21 9.96
18 22 9.13
18 23 9.50
18 24 6.36
18 25 0.85
18 26 0.71
18 27 5.82
18 28 1.16
18 29 9.46
18 30 9.95
18 31 9.52
18 32 6.80
18 33 6.88
18 34 4.71
18 35 2.14
18 36 8.79
18 37 9.25
18 38 9.47
18 39 6.36
18 40 6.31
18 41 5.46
18 42 6.65
18 43 5.04
18 44 2.31
18 45 3.68
18 46 4.02
18 47 4.55
18 48 5.07
18 49 6.03
18 50 7.76
18 51 3.61
18 52 1.21
18 53 0.27
18 54 8.49
18 55 8.57
18 56 5.42
18 57 5.64
18 58 7.29
18 59 5.99
18 60 7.98
18 61 5.96
18 62 6.96
18 63 7.71
18 64 6.86
18 65 5.53
18 66 0.28
18 67 7.94
18 68 3.71
18 69 5.97
18 70 4.59
18 71 0.40
18 72 1.49
18 73 7.75
18 74 3.99
18 75 2.98
18 76 8.52
18 77 6.39
18 78 9.89
18 79 8.64
18 80 7.30
18 81 3.90
18 82 7.92
18 83 1.62
18 84 9.52
18 85 8.18
18 86 7.14
18 87 3.41
18 88 4.48
18 89 4.31
18 90 8.79
18 91 9.06
18 92 1.21
18 93 6.89
18 94 5.89
18 95 0.39
18 96 7.79
18 97 8.05
18 98 7.04
18 99 0.80
19 20 4.14
19 21 0.67
19 22 4.18
19 23 6.89
19 24 9.07
19 25 9.57
19 26 5.97
19 27 7.10
19 28 8.54
19 29 2.20
19 30 1.92
19 31 4.04
19 32 3.82
19 33 1.50
19 34 4.95
19 35 5.41
19 36 5.00
19 37 3.49
19 38 9.46
19 39 4.96
19 40 3.20
19 41 2.49
19 42 1.67
19 43 8.49
19 44 1.35
19 45 8.84
19 46 6.80
19 47 6.44
19 48 9.33
19 49 6.00
19 50 4.86
19 51 8.97
19 52 3.33
19 53 5.39
19 54 5.84
19 55 5.91
19 56 9.24
19 57 7.19
19 58 9.62
19 59 6.83
19 60 7.38
19 61 1.48
19 62 4.61
19 63 5.11
19 64 9.33
19 65 7.57
19 66 2.81
19 67 0.51
19 68 9.49
19 69 0.42
19 70 2.58
19 71 4.17
19 72 3.41
19 73 1.10
19 74 7.22
19 75 1.32
19 76 5.87
19 77 2.09
19 78 3.88
19 79 0.64
19 80 6.45
19 81 1.11
19 82 9.78
19 83 0.47
19 84 9.64
19 85 2.85
19 86 6.57
19 87 3.16
19 88 1.22
19 89 4.26
19 90 6.59
19 91 7.23
19 92 7.46
19 93 3.19
19 94 7.50
19 95 8.53
19 96 2.34
19 97 6.39
19 98 2.69
19 99 8.59
20 21 7.44
20 22 9.00
20 23 2.26
20 24 1.04
20 25 7.57
20 26 1.45
20 27 0.57
20 28 8.17
20 29 0.01
20 30 2.76
20 31 0.88
20 32 0.81
20 33 7.13
20 34 1.88
20 35 8.25
20 36 2.25
20 37 2.55
20 38 7.50
20 39 6.45
20 40 9.83
20 41 6.12
20 42 8.27
20 43 9.36
20 44 4.13
20 45 6.79
20 46 5.86
20 47 8.12
20 48 2.42
20 49 6.23
20 50 6.36
20 51 2.54
20 52 3.97
20 53 1.65
20 54 2.72
20 55 3.62
20 56 6.37
20 57 5.82
20 58 4.09
20 59 3.11
20 60 9.13
20 61 5.07
20 62 6.80
20 63 6.37
20 64 6.97
20 65 2.46
20 66 1.49
20 67 1.12
20 68 5.18
20 69 0.28
20 70 7.40
20 71 6.49
20 72 9.99
20 73 4.17
20 74 8.43
20 75 9.71
20 76 9.95
20 77 2.32
20 78 2.31
20 79 3.68
20 80 3.05
20 81 4.98
20 82 8.27
20 83 7.68
20 84 8.65
20 85 9.52
20 86 9.39
20 87 2.81
20 88 0.63
20 89 2.62
20 90 1.16
20 91 1.62
20 92 7.69
20 93 3.05
20 94 2.20
20 95 4.73
20 96 3.35
20 97 8.74
20 98 4.18
20 99 0.36
21 22 7.61
21 23 3.01
21 24 7.11
21 25 0.25
21 26 4.16
21 27 8.26
21 28 1.60
21 29 7.06
21 30 7.51
21 31 9.67
21 32 7.15
21 33 8.49
21 34 1.29
21 35 1.87
21 36 0.32
21 37 7.94
21 38 7.38
21 39 8.05
21 40 8.53
21 41 6.13
21 42 9.62
21 43 2.63
21 44 7.40
21 45 4.67
21 46 8.92
21 47 4.41
21 48 8.54
21 49 2.62
21 50 6.25
21 51 9.51
21 52 1.85
21 53 1.45
21 54 8.26
21 55 2.90
21 56 9.68
21 57 9.59
21 58 1.48
21 59 0.57
21 60 3.02
21 61 1.67
21 62 0.75
21 63 2.02
21 64 9.30
21 65 5.53
21 66 1.51
21 67 4.88
21 68 1.80
21 69 6.61
21 70 2.43
21 71 7.26
21 72 8.41
21 73 4.62
21 74 8.34
21 75 3.02
21 76 8.69
21 77 4.90
21 78 7.80
21 79 9.23
21 80 5.66
21 81 0.30
21 82 5.87
21 83 7.29
21 84 0.36
21 85 8.38
21 86 6.05
21 87 0.04
21 88 5.09
21 89 6.52
21 90 2.46
21 91 1.83
21 92 2.18
21 93 5.92
21 94 0.74
21 95 8.50
21 96 2.81
21 97 1.34
21 98 4.26
21 99 9.17
22 23 4.75
22 24 8.05
22 25 4.70
22 26 9.60
22 27 6.87
22 28 7.59
22 29 8.72
22 30 4.47
22 31 8.87
22 32 6.34
22 33 4.64
22 34 5.39
22 35 4.22
22 36 6.18
22 37 5.82
22 38 1.22
22 39 2.54
22 40 8.85
22 41 6.20
22 42 6.25
22 43 2.92
22 44 5.58
22 45 9.95
22 46 9.34
22 47 5.78
22 48 8.09
22 49 1.21
22 50 8.94
22 51 4.11
22 52 9.47
22 53 7.95
22 54 3.00
22 55 6.50
22 56 4.16
22 57 6.82
22 58 3.46
22 59 7.13
22 60 3.83
22 61 5.64
22 62 6.83
22 63 9.60
22 64 8.65
22 65 7.41
22 66 9.87
22 67 7.80
22 68 0.82
22 69 9.57
22 70 7.12
22 71 5.30
22 72 1.03
22 73 9.87
22 74 9.49
22 75 8.07
22 76 2.48
22 77 1.88
22 78 2.51
22 79 9.33
22 80 4.63
22 81 3.13
22 82 2.34
22 83 5.02
22 84 7.29
22 85 9.35
22 86 1.01
22 87 9.08
22 88 8.71
22 89 3.24
22 90 9.38
22 91 1.92
22 92 3.35
22 93 1.59
22 94 8.52
22 95 6.31
22 96 2.26
22 97 6.18
22 98 1.30
22 99 3.64
23 24 4.65
23 25 4.12
23 26 5.32
23 27 3.51
23 28 1.66
23 29 2.56
23 30 3.76
23 31 0.64
23 32 9.18
23 33 2.25
23 34 0.17
23 35 4.72
23 36 8.44
23 37 6.73
23 38 3.70
23 39 2.67
23 40 9.31
23 41 6.80
23 42 9.12
23 43 1.89
23 44 6.86
23 45 7.39
23 46 1.61
23 47 5.45
23 48 2.92
23 49 9.95
23 50 8.99
23 51 6.86
23 52 5.87
23 53 0.67
23 54 4.51
23 55 8.22
23 56 0.28
23 57 1.73
23 58 5.79
23 59 2.73
23 60 9.50
23 61 4.90
23 62 8.46
23 63 5.17
23 64 5.79
23 65 3.62
23 66 4.44
23 67 8.27
23 68 3.90
23 69 3.39
23 70 2.23
23 71 8.72
23 72 3.75
23 73 2.43
23 74 6.66
23 75 3.98
23 76 3.80
23 77 3.05
23 78 8.63
23 79 9.65
23 80 6.82
23 81 0.55
23 82 5.81
23 83 7.42
23 84 8.16
23 85 3.12
23 86 0.93
23 87 5.41
23 88 8.86
23 89 8.69
23 90 9.27
23 91 6.84
23 92 1.46
23 93 7.96
23 94 3.09
23 95 3.88
23 96 0.50
23 97 3.53
23 98 2.35
23 99 5.38
24 25 0.22
24 26 5.21
24 27 2.38
24 28 5.95
24 29 9.48
24 30 8.93
24 31 6.71
24 32 1.65
24 33 3.62
24 34 3.75
24 35 6.56
24 36 6.79
24 37 3.82
24 38 4.80
24 39 2.64
24 40 6.87
24 41 1.48
24 42 0.11
24 43 2.90
24 44 8.45
24 45 1.49
24 46 1.11
24 47 8.68
24 48 6.91
24 49 3.50
24 50 4.03
24 51 5.57
24 52 2.27
24 53 0.79
24 54 0.33
24 55 7.42
24 56 8.48
24 57 0.03
24 58 7.30
24 59 8.08
24 60 0.63
24 61 8.33
24 62 6.75
24 63 3.62
24 64 8.83
24 65 7.60
24 66 6.34
24 67 2.98
24 68 9.52
24 69 4.91
24 70 0.56
24 71 6.26
24 72 3.36
24 73 8.34
24 74 0.24
24 75 9.63
24 76 8.94
24 77 1.23
24 78 2.13
24 79 3.47
24 80 0.76
24 81 9.41
24 82 5.44
24 83 9.70
24 84 0.81
24 85 6.72
24 86 3.46
24 87 6.79
24 88 6.62
24 89 7.15
24 90 7.32
24 91 2.54
24 92 9.08
24 93 8.02
24 94 4.88
24 95 3.17
24 96 7.44
24 97 2.33
24 98 1.17
24 99 1.14
25 26 0.04
25 27 9.13
25 28 6.78
25 29 1.44
25 30 3.18
25 31 9.17
25 32 2.64
25 33 5.71
25 34 8.06
25 35 9.23
25 36 5.74
25 37 1.21
25 38 9.92
25 39 0.03
25 40 5.68
25 41 1.88
25 42 6.93
25 43 4.61
25 44 8.51
25 45 8.21
25 46 4.93
25 47 9.66
25 48 6.13
25 49 7.73
25 50 10.00
25 51 4.96
25 52 6.01
25 53 9.19
25 54 3.67
25 55 8.58
25 56 0.47
25 57 3.04
25 58 4.55
25 59 3.49
25 60 4.12
25 61 9.63
25 62 9.34
25 63 9.05
25 64 1.53
25 65 3.99
25 66 0.28
25 67 5.99
25 68 1.51
25 69 1.57
25 70 3.94
25 71 1.15
25 72 8.70
25 73 4.97
25 74 0.04
25 75 5.99
25 76 9.69
25 77 3.59
25 78 7.54
25 79 2.56
25 80 8.96
25 81 9.07
25 82 1.36
25 83 7.95
25 84 3.52
25 85 2.54
25 86 2.69
25 87 4.61
25 88 3.12
25 89 0.70
25 90 1.33
25 91 6.46
25 92 2.93
25 93 4.27
25 94 2.21
25 95 9.25
25 96 5.12
25 97 4.42
25 98 6.02
25 99 3.16
26 27 4.28
26 28 4.17
26 29 3.77
26 30 3.19
26 31 2.09
26 32 5.98
26 33 1.20
26 34 8.20
26 35 6.84
26 36 3.45
26 37 1.59
26 38 5.01
26 39 2.63
26 40 8.46
26 41 9.00
26 42 9.22
26 43 5.79
26 44 7.66
26 45 1.49
26 46 5.58
26 47 1.93
26 48 5.11
26 49 2.21
26 50 3.32
26 51 6.96
26 52 8.68
26 53 9.58
26 54 7.85
26 55 2.63
26 56 8.80
26 57 7.44
26 58 5.02
26 59 6.00
26 60 1.16
26 61 8.71
26 62 1.60
26 63 6.83
26 64 4.12
26 65 7.78
26 66 8.28
26 67 3.21
26 68 6.23
26 69 0.81
26 70 6.34
26 71 5.42
26 72 5.98
26 73 4.91
26 74 7.49
26 75 5.44
26 76 6.66
26 77 1.75
26 78 6.16
26 79 8.03
26 80 2.00
26 81 9.57
26 82 1.96
26 83 6.16
26 84 3.71
26 85 6.36
26 86 0.32
26 87 8.90
26 88 2.95
26 89 5.79
26 90 3.39
26 91 0.22
26 92 4.58
26 93 2.82
26 94 5.18
26 95 9.75
26 96 2.64
26 97 0.53
26 98 9.34
26 99 6.11
27 28 2.37
27 29 5.92
27 30 1.56
27 31 1.43
27 32 9.11
27 33 4.39
27 34 3.87
27 35 8.39
27 36 7.06
27 37 2.52
27 38 1.79
27 39 3.57
27 40 6.63
27 41 1.23
27 42 6.35
27 43 7.76
27 44 6.10
27 45 9.41
27 46 7.39
27 47 8.00
27 48 3.07
27 49 9.79
27 50 2.78
27 51 7.23
27 52 1.59
27 53 8.23
27 54 4.92
27 55 1.44
27 56 8.74
27 57 7.21
27 58 2.92
27 59 2.47
27 60 9.27
27 61 9.94
27 62 9.65
27 63 0.58
27 64 5.94
27 65 8.61
27 66 8.31
27 67 4.38
27 68 2.96
27 69 7.96
27 70 2.74
27 71 1.66
27 72 1.55
27 73 3.18
27 74 0.04
27 75 0.97
27 76 6.86
27 77 2.43
27 78 1.30
27 79 0.13
27 80 1.21
27 81 1.74
27 82 6.46
27 83 4.84
27 84 0.96
27 85 5.88
27 86 7.12
27 87 3.52
27 88 2.81
27 89 0.00
27 90 6.52
27 91 5.32
27 92 6.17
27 93 6.31
27 94 7.93
27 95 0.31
27 96 1.86
27 97 1.94
27 98 7.38
27 99 6.70
28 29 5.79
28 30 7.17
28 31 3.07
28 32 0.71
28 33 8.27
28 34 3.82
28 35 6.78
28 36 8.93
28 37 1.87
28 38 5.54
28 39 4.63
28 40 8.46
28 41 4.18
28 42 1.11
28 43 4.93
28 44 7.98
28 45 1.72
28 46 0.08
28 47 5.10
28 48 1.35
28 49 9.59
28 50 0.91
28 51 9.10
28 52 4.23
28 53 5.10
28 54 3.64
28 55 8.44
28 56 7.85
28 57 9.53
28 58 7.02
28 59 8.41
28 60 4.01
28 61 2.83
28 62 0.63
28 63 0.92
28 64 4.19
28 65 7.34
28 66 8.83
28 67 8.27
28 68 7.11
28 69 6.62
28 70 6.06
28 71 3.78
28 72 8.32
28 73 1.35
28 74 6.74
28 75 5.89
28 76 2.43
28 77 6.91
28 78 3.95
28 79 7.90
28 80 5.01
28 81 5.73
28 82 7.33
28 83 5.47
28 84 8.48
28 85 9.54
28 86 6.38
28 87 7.50
28 88 5.04
28 89 4.11
28 90 1.64
28 91 5.27
28 92 3.99
28 93 4.76
28 94 8.02
28 95 5.45
28 96 1.05
28 97 3.45
28 98 5.79
28 99 3.28
29 30 7.78
29 31 6.88
29 32 3.93
29 33 6.27
29 34 9.46
29 35 0.32
29 36 5.85
29 37 1.27
29 38 3.46
29 39 4.03
29 40 8.65
29 41 6.32
29 42 3.81
29 43 8.46
29 44 2.02
29 45 6.84
29 46 4.66
29 47 3.52
29 48 6.81
29 49 5.20
29 50 3.31
29 51 9.92
29 52 7.25
29 53 3.76
29 54 4.47
29 55 8.23
29 56 5.03
29 57 2.31
29 58 7.97
29 59 4.19
29 60 2.02
29 61 7.75
29 62 4.72
29 63 7.11
29 64 9.47
29 65 6.57
29 66 6.92
29 67 0.36
29 68 3.66
29 69 9.30
29 70 5.72
29 71 4.80
29 72 0.72
29 73 4.38
29 74 3.25
29 75 1.08
29 76 5.40
29 77 0.81
29 78 5.36
29 79 2.90
29 80 9.98
29 81 9.11
29 82 1.36
29 83 7.68
29 84 0.95
29 85 6.43
29 86 7.15
29 87 6.51
29 88 1.98
29 89 9.98
29 90 4.94
29 91 5.90
29 92 2.46
29 93 2.36
29 94 7.40
29 95 8.83
29 96 3.20
29 97 0.43
29 98 1.97
29 99 8.47
30 31 0.75
30 32 8.71
30 33 3.93
30 34 3.28
30 35 5.10
30 36 7.52
30 37 6.38
30 38 4.49
30 39 3.48
30 40 6.85
30 41 8.28
30 42 3.03
30 43 4.18
30 44 5.01
30 45 1.07
30 46 1.74
30 47 2.50
30 48 4.03
30 49 6.82
30 50 3.13
30 51 7.92
30 52 3.18
30 53 6.25
30 54 8.50
30 55 4.21
30 56 4.03
30 57 3.20
30 58 7.98
30 59 6.43
30 60 6.89
30 61 3.97
30 62 1.57
30 63 9.81
30 64 0.39
30 65 9.03
30 66 9.93
30 67 0.71
30 68 2.91
30 69 8.73
30 70 3.50
30 71 9.78
30 72 4.66
30 73 7.87
30 74 2.42
30 75 5.61
30 76 0.98
30 77 1.57
30 78 2.07
30 79 8.30
30 80 7.96
30 81 7.26
30 82 2.08
30 83 2.46
30 84 7.41
30 85 2.13
30 86 0.81
30 87 2.78
30 88 4.40
30 89 5.04
30 90 0.34
30 91 0.44
30 92 0.18
30 93 5.38
30 94 7.49
30 95 3.54
30 96 6.40
30 97 0.00
30 98 9.59
30 99 7.79
31 32 0.56
31 33 6.88
31 34 7.27
31 35 8.05
31 36 8.16
31 37 0.63
31 38 9.38
31 39 2.54
31 40 10.00
31 41 6.51
31 42 0.75
31 43 1.36
31 44 5.90
31 45 8.16
31 46 1.28
31 47 9.17
31 48 1.02
31 49 6.82
31 50 6.21
31 51 1.37
31 52 0.26
31 53 4.03
31 54 3.46
31 55 0.13
31 56 5.67
31 57 7.86
31 58 6.02
31 59 4.51
31 60 1.23
31 61 7.95
31 62 7.77
31 63 8.13
31 64 3.79
31 65 5.01
31 66 6.06
31 67 7.94
31 68 4.31
31 69 4.47
31 70 4.77
31 71 4.45
31 72 0.74
31 73 9.43
31 74 1.48
31 75 8.53
31 76 9.33
31 77 1.35
31 78 5.60
31 79 7.96
31 80 8.20
31 81 6.93
31 82 5.61
31 83 2.90
31 84 8.25
31 85 5.48
31 86 4.14
31 87 1.61
31 88 3.93
31 89 8.05
31 90 2.57
31 91 4.79
31 92 8.72
31 93 9.39
31 94 0.40
31 95 0.70
31 96 6.33
31 97 0.95
31 98 1.72
31 99 4.14
32 33 5.22
32 34 9.80
32 35 0.37
32 36 4.51
32 37 3.62
32 38 7.24
32 39 2.75
32 40 4.05
32 41 0.97
32 42 9.88
32 43 3.83
32 44 5.85
32 45 4.42
32 46 1.24
32 47 7.12
32 48 4.98
32 49 5.16
32 50 5.16
32 51 3.61
32 52 7.01
32 53 8.52
32 54 2.58
32 55 6.07
32 56 0.65
32 57 2.28
32 58 4.30
32 59 8.72
32 60 6.22
32 61 8.69
32 62 1.31
32 63 6.44
32 64 7.00
32 65 6.45
32 66 3.91
32 67 8.22
32 68 3.49
32 69 8.53
32 70 2.68
32 71 2.63
32 72 0.36
32 73 0.95
32 74 2.21
32 75 7.04
32 76 9.19
32 77 5.97
32 78 6.96
32 79 7.26
32 80 4.13
32 81 1.12
32 82 8.96
32 83 4.39
32 84 6.82
32 85 7.23
32 86 6.30
32 87 1.35
32 88 3.78
32 89 1.83
32 90 9.00
32 91 3.79
32 92 1.71
32 93 9.51
32 94 7.55
32 95 6.03
32 96 5.30
32 97 9.77
32 98 6.54
32 99 0.97
33 34 7.36
33 35 9.58
33 36 0.14
33 37 3.09
33 38 9.13
33 39 1.25
33 40 6.20
33 41 2.28
33 42 6.68
33 43 5.91
33 44 5.75
33 45 1.40
33 46 4.34
33 47 6.43
33 48 8.10
33 49 9.45
33 50 5.10
33 51 6.02
33 52 0.16
33 53 6.25
33 54 9.08
33 55 6.95
33 56 7.82
33 57 7.18
33 58 7.74
33 59 9.66
33 60 2.20
33 61 5.55
33 62 1.18
33 63 9.08
33 64 2.89
33 65 1.58
33 66 7.23
33 67 2.15
33 68 3.73
33 69 5.28
33 70 0.70
33 71 0.04
33 72 5.72
33 73 9.94
33 74 0.57
33 75 9.25
33 76 5.71
33 77 2.79
33 78 8.88
33 79 8.13
33 80 8.63
33 81 3.11
33 82 0.83
33 83 6.61
33 84 1.56
33 85 5.58
33 86 5.78
33 87 6.06
33 88 2.95
33 89 6.83
33 90 6.15
33 91 4.05
33 92 7.71
33 93 7.85
33 94 1.81
33 95 4.61
33 96 7.51
33 97 0.65
33 98 3.76
33 99 1.01
34 35 5.53
34 36 0.05
34 37 4.10
34 38 3.27
34 39 6.40
34 40 6.24
34 41 8.87
34 42 3.65
34 43 9.45
34 44 0.13
34 45 9.74
34 46 0.85
34 47 4.10
34 48 7.83
34 49 2.47
34 50 1.03
34 51 0.69
34 52 1.57
34 53 5.56
34 54 6.58
34 55 4.46
34 56 2.24
34 57 4.58
34 58 3.49
34 59 1.83
34 60 8.34
34 61 6.80
34 62 5.03
34 63 1.05
34 64 7.59
34 65 5.42
34 66 5.68
34 67 1.99
34 68 7.38
34 69 5.64
34 70 5.89
34 71 8.03
34 72 4.62
34 73 5.26
34 74 1.53
34 75 4.87
34 76 5.37
34 77 9.13
34 78 6.75
34 79 3.12
34 80 8.65
34 81 0.10
34 82 2.14
34 83 2.18
34 84 9.23
34 85 9.56
34 86 7.42
34 87 8.89
34 88 1.67
34 89 3.91
34 90 3.16
34 91 6.40
34 92 4.76
34 93 8.50
34 94 9.92
34 95 1.10
34 96 4.32
34 97 9.40
34 98 0.96
34 99 4.40
35 36 4.01
35 37 2.45
35 38 0.49
35 39 2.57
35 40 9.51
35 41 5.22
35 42 2.13
35 43 7.69
35 44 2.04
35 45 3.43
35 46 8.32
35 47 9.04
35 48 1.74
35 49 2.23
35 50 3.29
35 51 3.86
35 52 6.26
35 53 4.43
35 54 1.40
35 55 10.00
35 56 2.50
35 57 1.22
35 58 8.78
35 59 8.08
35 60 0.41
35 61 9.35
35 62 8.35
35 63 3.63
35 64 1.25
35 65 6.03
35 66 7.80
35 67 7.57
35 68 7.14
35 69 5.12
35 70 2.79
35 71 1.38
35 72 7.27
35 73 5.10
35 74 9.19
35 75 2.70
35 76 4.35
35 77 9.17
35 78 1.13
35 79 8.57
35 80 5.38
35 81 2.84
35 82 4.72
35 83 1.77
35 84 4.60
35 85 8.68
35 86 5.78
35 87 8.78
35 88 7.84
35 89 7.43
35 90 4.98
35 91 6.74
35 92 6.51
35 93 7.24
35 94 2.08
35 95 9.47
35 96 4.72
35 97 3.92
35 98 6.64
35 99 1.49
36 37 8.14
36 38 6.59
36 39 2.97
36 40 3.31
36 41 7.25
36 42 6.90
36 43 4.26
36 44 8.93
36 45 4.18
36 46 1.85
36 47 2.97
36 48 7.62
36 49 4.05
36 50 7.20
36 51 6.39
36 52 7.96
36 53 9.12
36 54 6.87
36 55 1.85
36 56 5.91
36 57 8.53
36 58 9.09
36 59 2.62
36 60 1.23
36 61 2.71
36 62 9.27
36 63 6.95
36 64 9.50
36 65 5.49
36 66 1.89
36 67 7.23
36 68 6.60
36 69 3.25
36 70 3.85
36 71 4.80
36 72 6.17
36 73 8.27
36 74 8.00
36 75 1.69
36 76 3.14
36 77 3.63
36 78 2.11
36 79 2.88
36 80 9.59
36 81 3.40
36 82 2.72
36 83 3.30
36 84 6.23
36 85 4.12
36 86 4.09
36 87 7.47
36 88 2.84
36 89 3.77
36 90 5.67
36 91 0.99
36 92 3.05
36 93 9.85
36 94 8.06
36 95 3.97
36 96 5.41
36 97 0.30
36 98 4.09
36 99 2.35
37 38 4.27
37 39 5.52
37 40 3.93
37 41 6.37
37 42 9.51
37 43 2.17
37 44 2.45
37 45 4.95
37 46 7.43
37 47 5.32
37 48 8.25
37 49 1.00
37 50 2.29
37 51 1.83
37 52 6.40
37 53 3.41
37 54 9.21
37 55 8.83
37 56 2.79
37 57 2.98
37 58 2.21
37 59 3.97
37 60 7.33
37 61 0.95
37 62 3.54
37 63 7.23
37 64 7.88
37 65 0.69
37 66 0.71
37 67 9.85
37 68 1.71
37 69 7.28
37 70 2.05
37 71 7.31
37 72 8.82
37 73 3.11
37 74 3.53
37 75 5.83
37 76 2.49
37 77 9.66
37 78 3.32
37 79 5.63
37 80 3.82
37 81 4.65
37 82 7.04
37 83 6.84
37 84 7.60
37 85 6.98
37 86 3.86
37 87 5.48
37 88 3.78
37 89 7.64
37 90 9.69
37 91 8.84
37 92 6.56
37 93 8.02
37 94 7.27
37 95 9.96
37 96 7.43
37 97 9.70
37 98 1.17
37 99 7.55
38 39 9.99
38 40 4.74
38 41 6.63
38 42 4.57
38 43 9.33
38 44 5.12
38 45 3.75
38 46 4.68
38 47 0.70
38 48 0.98
38 49 0.87
38 50 9.63
38 51 1.23
38 52 9.59
38 53 3.92
38 54 9.66
38 55 6.95
38 56 2.18
38 57 9.95
38 58 2.85
38 59 5.46
38 60 6.53
38 61 5.40
38 62 7.58
38 63 8.09
38 64 7.15
38 65 5.33
38 66 3.21
38 67 8.03
38 68 3.86
38 69 0.74
38 70 1.32
38 71 9.15
38 72 8.32
38 73 5.23
38 74 5.96
38 75 4.82
38 76 1.16
38 77 4.43
38 78 9.60
38 79 3.26
38 80 1.43
38 81 0.95
38 82 6.59
38 83 2.17
38 84 4.10
38 85 8.70
38 86 1.76
38 87 5.31
38 88 5.81
38 89 5.85
38 90 9.61
38 91 2.55
38 92 0.61
38 93 3.29
38 94 3.42
38 95 6.27
38 96 6.45
38 97 1.94
38 98 3.07
38 99 0.32
39 40 1.05
39 41 6.79
39 42 3.30
39 43 9.80
39 44 7.32
39 45 1.28
39 46 3.73
39 47 6.14
39 48 0.72
39 49 5.26
39 50 7.26
39 51 5.34
39 52 3.40
39 53 8.50
39 54 3.38
39 55 1.92
39 56 5.63
39 57 8.88
39 58 4.81
39 59 0.47
39 60 0.18
39 61 1.39
39 62 3.34
39 63 0.09
39 64 0.95
39 65 6.79
39 66 3.73
39 67 6.68
39 68 6.38
39 69 4.60
39 70 6.84
39 71 1.02
39 72 7.32
39 73 8.66
39 74 0.49
39 75 5.63
39 76 3.98
39 77 6.57
39 78 5.66
39 79 5.75
39 80 7.32
39 81 4.46
39 82 8.79
39 83 5.71
39 84 0.08
39 85 7.15
39 86 2.39
39 87 7.48
39 88 3.93
39 89 9.31
39 90 8.28
39 91 2.07
39 92 8.93
39 93 9.96
39 94 5.99
39 95 4.20
39 96 2.14
39 97 3.25
39 98 2.06
39 99 0.40
40 41 6.22
40 42 6.69
40 43 2.40
40 44 3.22
40 45 5.97
40 46 4.93
40 47 2.87
40 48 9.21
40 49 4.84
40 50 6.40
40 51 6.20
40 52 4.05
40 53 3.90
40 54 7.78
40 55 0.80
40 56 0.06
40 57 6.52
40 58 5.43
40 59 9.62
40 60 7.77
40 61 0.48
40 62 8.63
40 63 0.71
40 64 3.64
40 65 5.32
40 66 8.27
40 67 6.62
40 68 6.18
40 69 8.36
40 70 7.38
40 71 8.01
40 72 3.37
40 73 6.58
40 74 2.14
40 75 6.54
40 76 9.23
40 77 9.85
40 78 2.20
40 79 2.17
40 80 8.89
40 81 0.25
40 82 0.74
40 83 4.72
40 84 6.75
40 85 0.51
40 86 3.86
40 87 9.00
40 88 6.49
40 89 9.51
40 90 3.70
40 91 4.88
40 92 1.54
40 93 9.15
40 94 5.51
40 95 2.81
40 96 5.93
40 97 6.68
40 98 9.79
40 99 8.55
41 42 5.63
41 43 4.89
41 44 1.07
41 45 6.10
41 46 5.89
41 47 7.63
41 48 8.57
41 49 0.39
41 50 9.99
41 51 4.63
41 52 2.29
41 53 9.18
41 54 8.97
41 55 5.54
41 56 4.91
41 57 4.88
41 58 8.37
41 59 1.93
41 60 2.45
41 61 1.60
41 62 7.71
41 63 3.91
41 64 7.05
41 65 9.81
41 66 1.11
41 67 8.79
41 68 1.71
41 69 5.27
41 70 7.91
41 71 9.64
41 72 9.14
41 73 9.24
41 74 4.02
41 75 6.83
41 76 3.34
41 77 3.08
41 78 2.93
41 79 7.71
41 80 1.28
41 81 4.98
41 82 4.51
41 83 1.77
41 84 4.28
41 85 2.87
41 86 0.56
41 87 2.02
41 88 8.42
41 89 8.17
41 90 1.02
41 91 5.68
41 92 6.91
41 93 2.22
41 94 0.50
41 95 9.48
41 96 2.26
41 97 0.40
41 98 2.27
41 99 2.21
42 43 1.08
42 44 9.52
42 45 6.99
42 46 5.64
42 47 3.18
42 48 9.18
42 49 6.38
42 50 2.90
42 51 7.35
42 52 9.75
42 53 4.43
42 54 8.65
42 55 4.09
42 56 2.86
42 57 3.60
42 58 1.70
42 59 6.24
42 60 7.84
42 61 6.78
42 62 7.72
42 63 2.36
42 64 0.55
42 65 8.36
42 66 7.85
42 67 10.00
42 68 2.85
42 69 8.61
42 70 9.28
42 71 9.90
42 72 1.83
42 73 4.13
42 74 2.79
42 75 1.12
42 76 8.36
42 77 2.80
42 78 1.95
42 79 0.01
42 80 8.09
42 81 6.32
42 82 9.31
42 83 4.15
42 84 6.50
42 85 6.31
42 86 6.02
42 87 6.61
42 88 1.34
42 89 0.84
42 90 0.55
42 91 5.32
42 92 9.78
42 93 3.26
42 94 9.70
42 95 0.69
42 96 8.00
42 97 6.51
42 98 4.60
42 99 9.88
43 44 8.48
43 45 8.04
43 46 0.15
43 47 2.44
43 48 2.44
43 49 8.80
43 50 1.90
43 51 7.56
43 52 1.64
43 53 7.91
43 54 2.05
43 55 0.86
43 56 8.05
43 57 4.03
43 58 1.04
43 59 4.99
43 60 4.98
43 61 4.37
43 62 1.97
43 63 4.24
43 64 8.12
43 65 9.88
43 66 4.24
43 67 2.51
43 68 3.23
43 69 7.53
43 70 8.99
43 71 2.13
43 72 4.50
43 73 4.46
43 74 1.23
43 75 9.37
43 76 7.18
43 77 5.32
43 78 8.15
43 79 0.70
43 80 1.56
43 81 6.85
43 82 2.60
43 83 5.80
43 84 3.74
43 85 0.84
43 86 5.60
43 87 4.89
43 88 6.39
43 89 7.95
43 90 6.99
43 91 1.47
43 92 2.57
43 93 8.94
43 94 2.65
43 95 2.96
43 96 3.55
43 97 4.80
43 98 8.15
43 99 3.30
44 45 1.46
44 46 9.21
44 47 8.47
44 48 1.65
44 49 6.51
44 50 1.46
44 51 8.16
44 52 2.98
44 53 4.41
44 54 5.43
44 55 5.01
44 56 8.52
44 57 0.17
44 58 6.42
44 59 8.24
44 60 7.26
44 61 2.82
44 62 4.80
44 63 2.88
44 64 2.24
44 65 7.85
44 66 3.03
44 67 4.21
44 68 8.74
44 69 8.71
44 70 0.71
44 71 6.29
44 72 6.58
44 73 0.57
44 74 8.02
44 75 2.57
44 76 2.72
44 77 1.35
44 78 9.03
44 79 2.63
44 80 0.03
44 81 4.33
44 82 8.88
44 83 5.27
44 84 3.41
44 85 1.80
44 86 9.54
44 87 4.05
44 88 1.31
44 89 9.64
44 90 1.52
44 91 5.11
44 92 0.82
44 93 5.25
44 94 8.03
44 95 9.55
44 96 9.90
44 97 9.06
44 98 2.08
44 99 4.44
45 46 6.43
45 47 0.32
45 48 7.33
45 49 5.57
45 50 4.06
45 51 8.11
45 52 3.91
45 53 0.46
45 54 4.31
45 55 0.60
45 56 1.43
45 57 2.41
45 58 6.81
45 59 5.31
45 60 6.28
45 61 3.13
45 62 4.32
45 63 3.44
45 64 4.04
45 65 3.54
45 66 9.18
45 67 6.32
45 68 0.37
45 69 3.31
45 70 4.76
45 71 0.37
45 72 2.76
45 73 8.43
45 74 4.70
45 75 0.35
45 76 1.25
45 77 4.76
45 78 6.24
45 79 2.57
45 80 2.90
45 81 4.30
45 82 0.97
45 83 1.66
45 84 9.06
45 85 5.24
45 86 5.52
45 87 6.22
45 88 5.64
45 89 4.64
45 90 5.70
45 91 5.05
45 92 3.59
45 93 0.03
45 94 9.81
45 95 6.51
45 96 2.75
45 97 1.00
45 98 8.77
45 99 1.47
46 47 7.48
46 48 6.88
46 49 1.68
46 50 8.05
46 51 3.47
46 52 6.84
46 53 7.20
46 54 4.31
46 55 6.24
46 56 7.88
46 57 6.20
46 58 9.49
46 59 5.30
46 60 0.89
46 61 1.16
46 62 4.33
46 63 0.66
46 64 4.56
46 65 9.28
46 66 7.13
46 67 3.42
46 68 7.34
46 69 5.09
46 70 4.86
46 71 5.79
46 72 2.71
46 73 4.45
46 74 4.10
46 75 2.91
46 76 4.72
46 77 4.11
46 78 9.58
46 79 6.07
46 80 4.26
46 81 5.28
46 82 8.42
46 83 7.82
46 84 0.79
46 85 3.46
46 86 9.83
46 87 8.94
46 88 0.33
46 89 7.16
46 90 4.90
46 91 9.04
46 92 2.28
46 93 4.30
46 94 2.24
46 95 9.52
46 96 4.48
46 97 2.49
46 98 8.76
46 99 8.11
47 48 0.56
47 49 7.23
47 50 9.66
47 51 5.12
47 52 3.45
47 53 4.80
47 54 2.62
47 55 1.91
47 56 8.80
47 57 7.20
47 58 0.34
47 59 7.18
47 60 6.89
47 61 7.88
47 62 8.51
47 63 3.21
47 64 5.49
47 65 7.53
47 66 5.98
47 67 2.68
47 68 3.08
47 69 8.53
47 70 0.14
47 71 4.22
47 72 0.02
47 73 0.35
47 74 4.07
47 75 1.29
47 76 7.69
47 77 3.47
47 78 8.03
47 79 8.97
47 80 0.89
47 81 0.58
47 82 7.83
47 83 8.05
47 84 5.69
47 85 3.27
47 86 5.05
47 87 6.29
47 88 9.14
47 89 8.95
47 90 6.91
47 91 3.33
47 92 4.88
47 93 7.64
47 94 7.93
47 95 9.76
47 96 0.46
47 97 6.70
47 98 5.78
47 99 2.51
48 49 0.56
48 50 2.60
48 51 9.44
48 52 5.80
48 53 8.98
48 54 1.32
48 55 8.57
48 56 2.10
48 57 7.60
48 58 2.09
48 59 6.76
48 60 8.90
48 61 5.58
48 62 7.99
48 63 0.62
48 64 9.57
48 65 8.96
48 66 7.88
48 67 4.30
48 68 0.74
48 69 5.87
48 70 4.36
48 71 9.12
48 72 0.07
48 73 7.15
48 74 9.29
48 75 8.68
48 76 8.87
48 77 8.60
48 78 2.70
48 79 2.86
48 80 1.68
48 81 5.83
48 82 6.85
48 83 6.27
48 84 9.50
48 85 4.96
48 86 2.68
48 87 6.18
48 88 2.30
48 89 6.90
48 90 5.26
48 91 7.51
48 92 4.91
48 93 9.16
48 94 7.68
48 95 5.19
48 96 6.47
48 97 9.55
48 98 1.25
48 99 0.56
49 50 8.16
49 51 9.00
49 52 9.35
49 53 1.29
49 54 8.04
49 55 6.12
49 56 9.04
49 57 5.39
49 58 4.03
49 59 4.95
49 60 1.49
49 61 0.77
49 62 1.64
49 63 4.28
49 64 1.63
49 65 5.30
49 66 6.54
49 67 8.50
49 68 3.45
49 69 9.44
49 70 7.80
49 71 7.69
49 72 6.76
49 73 1.45
49 74 2.39
49 75 8.54
49 76 4.21
49 77 1.13
49 78 9.08
49 79 2.83
49 80 1.49
49 81 8.41
49 82 9.54
49 83 9.88
49 84 0.27
49 85 6.97
49 86 1.29
49 87 4.39
49 88 7.29
49 89 2.70
49 90 6.73
49 91 0.52
49 92 4.97
49 93 3.83
49 94 0.85
49 95 8.24
49 96 8.99
49 97 7.26
49 98 4.64
49 99 4.45
50 51 8.76
50 52 9.40
50 53 5.16
50 54 0.28
50 55 2.15
50 56 2.03
50 57 2.34
50 58 5.86
50 59 6.94
50 60 3.32
50 61 3.77
50 62 5.60
50 63 6.93
50 64 2.84
50 65 1.47
50 66 7.15
50 67 2.45
50 68 1.90
50 69 8.48
50 70 6.56
50 71 0.12
50 72 1.58
50 73 9.04
50 74 9.86
50 75 6.47
50 76 4.01
50 77 1.06
50 78 6.24
50 79 9.28
50 80 5.88
50 81 7.01
50 82 1.01
50 83 7.95
50 84 8.71
50 85 9.21
50 86 9.25
50 87 1.55
50 88 9.15
50 89 2.49
50 90 4.00
50 91 8.29
50 92 8.44
50 93 6.46
50 94 5.15
50 95 4.19
50 96 7.97
50 97 6.96
50 98 3.23
50 99 3.69
51 52 4.53
51 53 1.44
51 54 2.28
51 55 6.16
51 56 6.77
51 57 0.70
51 58 4.47
51 59 9.42
51 60 4.14
51 61 7.38
51 62 2.66
51 63 9.45
51 64 7.31
51 65 8.88
51 66 3.40
51 67 0.05
51 68 6.29
51 69 4.56
51 70 0.87
51 71 9.99
51 72 4.28
51 73 7.75
51 74 9.07
51 75 2.71
51 76 9.79
51 77 9.14
51 78 0.65
51 79 1.74
51 80 0.10
51 81 8.13
51 82 9.52
51 83 7.04
51 84 3.57
51 85 6.11
51 86 6.63
51 87 7.65
51 88 4.47
51 89 6.17
51 90 0.33
51 91 7.85
51 92 1.16
51 93 2.83
51 94 0.75
51 95 8.18
51 96 4.90
51 97 3.34
51 98 1.89
51 99 5.21
52 53 6.40
52 54 6.13
52 55 8.52
52 56 3.97
52 57 3.79
52 58 8.37
52 59 6.87
52 60 4.33
52 61 4.72
52 62 7.83
52 63 6.81
52 64 3.13
52 65 0.17
52 66 6.76
52 67 8.98
52 68 2.66
52 69 5.36
52 70 3.04
52 71 0.38
52 72 1.16
52 73 8.19
52 74 3.69
52 75 9.41
52 76 5.66
52 77 0.29
52 78 5.96
52 79 3.83
52 80 3.62
52 81 0.71
52 82 6.87
52 83 6.70
52 84 5.04
52 85 4.18
52 86 1.87
52 87 2.53
52 88 9.33
52 89 8.30
52 90 9.98
52 91 4.34
52 92 1.39
52 93 8.81
52 94 1.63
52 95 7.25
52 96 6.69
52 97 9.46
52 98 0.03
52 99 2.36
53 54 4.23
53 55 9.90
53 56 0.84
53 57 0.52
53 58 7.39
53 59 5.89
53 60 1.92
53 61 6.41
53 62 2.20
53 63 0.05
53 64 7.65
53 65 9.98
53 66 0.41
53 67 1.23
53 68 7.98
53 69 4.09
53 70 1.21
53 71 9.15
53 72 9.15
53 73 8.56
53 74 0.21
53 75 0.24
53 76 6.76
53 77 0.30
53 78 6.56
53 79 6.20
53 80 2.97
53 81 3.89
53 82 8.24
53 83 2.92
53 84 2.29
53 85 5.94
53 86 9.77
53 87 2.50
53 88 2.57
53 89 0.42
53 90 9.02
53 91 5.77
53 92 4.84
53 93 3.37
53 94 9.17
53 95 7.79
53 96 2.70
53 97 8.58
53 98 9.75
53 99 5.26
54 55 4.01
54 56 7.37
54 57 6.45
54 58 1.68
54 59 0.60
54 60 2.05
54 61 6.92
54 62 4.31
54 63 9.46
54 64 2.71
54 65 5.81
54 66 4.66
54 67 4.85
54 68 6.78
54 69 3.60
54 70 0.57
54 71 0.73
54 72 2.95
54 73 2.90
54 74 8.48
54 75 0.79
54 76 0.59
54 77 6.90
54 78 0.50
54 79 1.01
54 80 9.66
54 81 2.24
54 82 2.11
54 83 3.11
54 84 5.14
54 85 2.18
54 86 7.76
54 87 8.79
54 88 1.46
54 89 5.15
54 90 0.32
54 91 0.12
54 92 6.22
54 93 1.27
54 94 4.08
54 95 5.80
54 96 6.34
54 97 9.83
54 98 4.64
54 99 6.81
55 56 2.71
55 57 7.14
55 58 3.08
55 59 3.74
55 60 5.38
55 61 5.27
55 62 4.37
55 63 1.07
55 64 2.57
55 65 7.73
55 66 3.13
55 67 3.11
55 68 5.93
55 69 9.69
55 70 9.14
55 71 1.89
55 72 9.89
55 73 8.53
55 74 5.28
55 75 7.22
55 76 7.81
55 77 9.19
55 78 3.29
55 79 6.85
55 80 3.32
55 81 0.48
55 82 3.63
55 83 1.79
55 84 9.14
55 85 1.15
55 86 6.53
55 87 0.53
55 88 0.61
55 89 1.10
55 90 8.64
55 91 6.93
55 92 8.55
55 93 0.12
55 94 8.25
55 95 1.88
55 96 3.17
55 97 6.43
55 98 4.42
55 99 4.27
56 57 0.82
56 58 8.76
56 59 6.84
56 60 8.94
56 61 3.40
56 62 7.40
56 63 7.98
56 64 9.95
56 65 1.31
56 66 9.02
56 67 9.36
56 68 5.71
56 69 1.54
56 70 9.00
56 71 8.76
56 72 6.89
56 73 6.26
56 74 0.13
56 75 5.01
56 76 2.39
56 77 7.78
56 78 0.68
56 79 9.57
56 80 0.54
56 81 6.96
56 82 1.13
56 83 5.33
56 84 5.01
56 85 5.28
56 86 6.00
56 87 5.83
56 88 6.25
56 89 4.76
56 90 8.89
56 91 5.69
56 92 5.04
56 93 4.42
56 94 7.18
56 95 6.39
56 96 0.70
56 97 8.45
56 98 1.53
56 99 3.87
57 58 4.17
57 59 5.67
57 60 3.63
57 61 2.59
57 62 6.73
57 63 9.07
57 64 1.82
57 65 1.14
57 66 2.29
57 67 3.70
57 68 3.51
57 69 7.93
57 70 4.86
57 71 8.84
57 72 5.65
57 73 6.31
57 74 1.38
57 75 3.63
57 76 3.31
57 77 0.55
57 78 9.00
57 79 7.05
57 80 1.53
57 81 1.60
57 82 0.81
57 83 3.56
57 84 2.51
57 85 8.91
57 86 7.94
57 87 6.63
57 88 8.95
57 89 1.35
57 90 0.32
57 91 9.06
57 92 1.34
57 93 3.83
57 94 3.09
57 95 6.81
57 96 8.71
57 97 7.38
57 98 8.04
57 99 3.67
58 59 3.57
58 60 2.13
58 61 1.04
58 62 1.80
58 63 1.32
58 64 6.84
58 65 5.31
58 66 6.65
58 67 4.25
58 68 3.47
58 69 7.60
58 70 8.86
58 71 3.01
58 72 2.94
58 73 8.72
58 74 1.79
58 75 8.90
58 76 1.22
58 77 8.78
58 78 3.24
58 79 0.73
58 80 3.37
58 81 3.04
58 82 6.12
58 83 8.21
58 84 0.55
58 85 9.67
58 86 4.81
58 87 8.24
58 88 5.21
58 89 3.91
58 90 9.48
58 91 6.55
58 92 0.35
58 93 3.21
58 94 5.91
58 95 4.75
58 96 7.73
58 97 7.14
58 98 1.92
58 99 9.36
59 60 8.15
59 61 5.80
59 62 5.62
59 63 1.69
59 64 5.96
59 65 0.75
59 66 8.93
59 67 8.71
59 68 1.02
59 69 8.14
59 70 0.20
59 71 3.10
59 72 7.32
59 73 2.49
59 74 1.06
59 75 5.86
59 76 4.20
59 77 1.22
59 78 0.66
59 79 8.77
59 80 3.47
59 81 2.88
59 82 0.62
59 83 3.84
59 84 0.77
59 85 6.89
59 86 9.45
59 87 7.94
59 88 7.18
59 89 6.11
59 90 3.42
59 91 2.53
59 92 6.47
59 93 8.21
59 94 8.74
59 95 3.10
59 96 4.33
59 97 3.71
59 98 5.56
59 99 7.76
60 61 7.74
60 62 1.81
60 63 5.10
60 64 0.38
60 65 7.47
60 66 2.17
60 67 8.85
60 68 3.82
60 69 0.32
60 70 3.23
60 71 8.07
60 72 6.38
60 73 9.83
60 74 6.77
60 75 8.09
60 76 6.37
60 77 3.20
60 78 2.44
60 79 1.36
60 80 4.23
60 81 6.58
60 82 3.89
60 83 4.37
60 84 6.15
60 85 7.93
60 86 2.74
60 87 0.87
60 88 3.59
60 89 2.05
60 90 1.08
60 91 5.51
60 92 2.89
60 93 9.73
60 94 2.62
60 95 9.64
60 96 0.97
60 97 4.20
60 98 9.42
60 99 0.72
61 62 2.04
61 63 8.50
61 64 3.32
61 65 1.87
61 66 9.01
61 67 0.41
61 68 0.99
61 69 9.29
61 70 9.26
61 71 1.34
61 72 5.36
61 73 3.64
61 74 3.04
61 75 6.11
61 76 5.65
61 77 1.17
61 78 6.70
61 79 3.77
61 80 9.80
61 81 3.76
61 82 1.92
61 83 7.78
61 84 4.38
61 85 5.83
61 86 9.78
61 87 0.74
61 88 0.68
61 89 7.01
61 90 9.39
61 91 2.85
61 92 9.75
61 93 9.47
61 94 4.89
61 95 3.51
61 96 7.33
61 97 0.57
61 98 0.80
61 99 0.76
62 63 6.72
62 64 8.27
62 65 7.67
62 66 2.97
62 67 6.82
62 68 4.09
62 69 8.90
62 70 9.74
62 71 4.87
62 72 8.91
62 73 0.14
62 74 8.90
62 75 6.17
62 76 7.55
62 77 6.97
62 78 6.22
62 79 8.73
62 80 8.05
62 81 1.82
62 82 9.48
62 83 7.82
62 84 5.00
62 85 4.93
62 86 4.97
62 87 0.30
62 88 5.23
62 89 4.56
62 90 9.26
62 91 3.63
62 92 7.30
62 93 4.14
62 94 6.80
62 95 2.49
62 96 1.95
62 97 9.37
62 98 3.93
62 99 1.87
63 64 5.29
63 65 0.16
63 66 7.93
63 67 7.15
63 68 5.25
63 69 4.25
63 70 2.34
63 71 8.42
63 72 2.11
63 73 9.03
63 74 3.65
63 75 4.86
63 76 6.20
63 77 0.11
63 78 7.69
63 79 7.58
63 80 7.25
63 81 7.46
63 82 6.80
63 83 4.47
63 84 3.17
63 85 8.06
63 86 3.66
63 87 7.90
63 88 0.70
63 89 7.58
63 90 8.90
63 91 4.67
63 92 5.86
63 93 8.42
63 94 4.50
63 95 7.83
63 96 1.55
63 97 0.04
63 98 9.74
63 99 3.55
64 65 4.60
64 66 0.19
64 67 2.63
64 68 0.80
64 69 8.93
64 70 8.40
64 71 1.15
64 72 6.31
64 73 3.27
64 74 4.01
64 75 4.58
64 76 6.22
64 77 7.82
64 78 3.96
64 79 8.27
64 80 2.43
64 81 0.85
64 82 5.06
64 83 6.09
64 84 9.69
64 85 5.03
64 86 4.46
64 87 5.63
64 88 7.18
64 89 0.06
64 90 2.38
64 91 5.71
64 92 5.77
64 93 5.67
64 94 6.60
64 95 9.69
64 96 4.30
64 97 4.73
64 98 7.30
64 99 8.93
65 66 8.04
65 67 8.51
65 68 5.01
65 69 5.66
65 70 6.78
65 71 2.24
65 72 0.71
65 73 7.26
65 74 5.44
65 75 2.16
65 76 1.28
65 77 2.68
65 78 3.39
65 79 0.09
65 80 4.65
65 81 1.25
65 82 0.89
65 83 3.75
65 84 8.50
65 85 8.28
65 86 6.21
65 87 1.38
65 88 2.49
65 89 2.24
65 90 7.98
65 91 1.89
65 92 8.17
65 93 8.96
65 94 5.91
65 95 3.16
65 96 3.78
65 97 7.31
65 98 6.59
65 99 9.72
66 67 0.38
66 68 6.32
66 69 1.44
66 70 6.86
66 71 2.56
66 72 4.07
66 73 7.27
66 74 6.62
66 75 0.14
66 76 4.92
66 77 8.20
66 78 8.04
66 79 9.14
66 80 0.01
66 81 7.83
66 82 9.27
66 83 7.48
66 84 2.90
66 85 4.16
66 86 2.49
66 87 7.30
66 88 8.69
66 89 2.56
66 90 0.74
66 91 1.41
66 92 1.90
66 93 7.21
66 94 2.82
66 95 5.46
66 96 7.64
66 97 9.33
66 98 7.80
66 99 6.19
67 68 0.20
67 69 6.46
67 70 4.70
67 71 5.33
67 72 1.26
67 73 8.50
67 74 8.67
67 75 5.37
67 76 6.84
67 77 4.00
67 78 2.69
67 79 0.36
67 80 6.80
67 81 1.60
67 82 1.61
67 83 5.86
67 84 7.81
67 85 0.75
67 86 3.35
67 87 3.22
67 88 8.99
67 89 6.06
67 90 6.90
67 91 0.96
67 92 9.97
67 93 4.65
67 94 5.36
67 95 7.02
67 96 3.96
67 97 9.04
67 98 3.47
67 99 4.66
68 69 3.66
68 70 6.87
68 71 8.56
68 72 4.64
68 73 7.67
68 74 3.49
68 75 9.65
68 76 2.55
68 77 3.45
68 78 2.73
68 79 6.34
68 80 2.58
68 81 9.48
68 82 9.49
68 83 7.91
68 84 4.94
68 85 0.08
68 86 2.01
68 87 9.29
68 88 3.06
68 89 1.89
68 90 8.39
68 91 4.87
68 92 7.34
68 93 4.32
68 94 4.23
68 95 5.53
68 96 3.53
68 97 4.89
68 98 6.22
68 99 7.11
69 70 3.58
69 71 3.83
69 72 9.71
69 73 9.32
69 74 5.09
69 75 4.33
69 76 2.07
69 77 9.74
69 78 1.08
69 79 6.88
69 80 9.50
69 81 7.18
69 82 1.96
69 83 8.90
69 84 2.81
69 85 3.37
69 86 5.73
69 87 8.87
69 88 9.77
69 89 6.17
69 90 8.42
69 91 5.39
69 92 8.40
69 93 9.88
69 94 9.37
69 95 9.53
69 96 3.25
69 97 9.70
69 98 3.45
69 99 9.99
70 71 7.42
70 72 8.25
70 73 7.90
70 74 5.20
70 75 7.08
70 76 0.28
70 77 5.40
70 78 4.17
70 79 1.51
70 80 3.35
70 81 6.88
70 82 7.69
70 83 6.54
70 84 5.39
70 85 0.92
70 86 2.84
70 87 5.30
70 88 6.38
70 89 6.84
70 90 2.05
70 91 1.82
70 92 1.32
70 93 5.99
70 94 0.57
70 95 0.62
70 96 3.35
70 97 8.36
70 98 3.05
70 99 0.26
71 72 8.61
71 73 2.69
71 74 8.31
71 75 9.41
71 76 1.75
71 77 6.86
71 78 9.03
71 79 1.05
71 80 5.86
71 81 3.81
71 82 0.74
71 83 1.58
71 84 1.83
71 85 0.02
71 86 0.48
71 87 5.72
71 88 4.15
71 89 6.31
71 90 1.81
71 91 7.80
71 92 3.60
71 93 2.10
71 94 6.39
71 95 4.93
71 96 0.01
71 97 9.81
71 98 4.09
71 99 0.94
72 73 5.58
72 74 6.88
72 75 4.47
72 76 3.18
72 77 7.09
72 78 1.83
72 79 10.00
72 80 1.23
72 81 7.97
72 82 1.05
72 83 3.76
72 84 5.85
72 85 1.20
72 86 9.42
72 87 1.57
72 88 2.13
72 89 8.45
72 90 8.39
72 91 3.00
72 92 5.27
72 93 6.18
72 94 6.04
72 95 1.09
72 96 7.41
72 97 1.45
72 98 7.05
72 99 2.30
73 74 2.48
73 75 3.26
73 76 6.51
73 77 9.32
73 78 7.43
73 79 1.39
73 80 6.82
73 81 0.99
73 82 1.88
73 83 0.79
73 84 2.00
73 85 3.09
73 86 5.19
73 87 2.83
73 88 1.13
73 89 0.38
73 90 1.33
73 91 4.23
73 92 6.55
73 93 2.28
73 94 0.91
73 95 2.34
73 96 0.62
73 97 6.07
73 98 3.47
73 99 7.32
74 75 5.63
74 76 9.43
74 77 7.37
74 78 6.97
74 79 7.90
74 80 9.25
74 81 8.34
74 82 8.12
74 83 1.10
74 84 2.95
74 85 2.78
74 86 1.92
74 87 5.47
74 88 7.00
74 89 0.56
74 90 0.98
74 91 8.04
74 92 2.39
74 93 2.03
74 94 7.72
74 95 4.09
74 96 3.18
74 97 5.87
74 98 0.73
74 99 6.39
75 76 7.31
75 77 6.45
75 78 9.51
75 79 3.22
75 80 6.52
75 81 7.74
75 82 7.48
75 83 4.90
75 84 6.24
75 85 8.98
75 86 2.02
75 87 6.12
75 88 6.38
75 89 1.31
75 90 9.85
75 91 6.06
75 92 2.02
75 93 6.66
75 94 7.52
75 95 5.03
75 96 9.90
75 97 0.79
75 98 9.95
75 99 0.81
76 77 8.57
76 78 2.64
76 79 8.26
76 80 0.98
76 81 2.92
76 82 9.73
76 83 8.85
76 84 5.27
76 85 6.31
76 86 4.80
76 87 5.78
76 88 9.03
76 89 0.86
76 90 4.33
76 91 5.45
76 92 5.72
76 93 6.98
76 94 8.05
76 95 7.19
76 96 0.11
76 97 4.48
76 98 0.78
76 99 2.50
77 78 3.46
77 79 4.01
77 80 2.05
77 81 5.94
77 82 4.36
77 83 9.95
77 84 3.13
77 85 2.32
77 86 8.78
77 87 6.39
77 88 5.13
77 89 9.95
77 90 1.87
77 91 3.14
77 92 4.95
77 93 6.33
77 94 8.70
77 95 5.89
77 96 8.73
77 97 8.97
77 98 1.39
77 99 7.41
78 79 4.51
78 80 7.11
78 81 8.62
78 82 3.52
78 83 6.79
78 84 7.83
78 85 3.76
78 86 1.64
78 87 0.69
78 88 6.71
78 89 2.43
78 90 2.21
78 91 1.65
78 92 3.35
78 93 7.92
78 94 7.36
78 95 6.01
78 96 7.35
78 97 1.74
78 98 8.30
78 99 7.53
79 80 5.00
79 81 0.71
79 82 7.78
79 83 6.52
79 84 8.61
79 85 1.86
79 86 9.77
79 87 3.71
79 88 4.68
79 89 1.67
79 90 0.03
79 91 4.43
79 92 0.65
79 93 8.69
79 94 5.12
79 95 8.02
79 96 8.06
79 97 6.37
79 98 9.13
79 99 3.91
80 81 6.45
80 82 7.60
80 83 9.84
80 84 7.62
80 85 3.63
80 86 2.60
80 87 2.80
80 88 7.65
80 89 7.11
80 90 5.34
80 91 3.48
80 92 9.84
80 93 9.86
80 94 7.76
80 95 3.18
80 96 3.41
80 97 3.90
80 98 1.41
80 99 2.00
81 82 4.90
81 83 5.26
81 84 4.67
81 85 6.78
81 86 0.97
81 87 9.72
81 88 3.54
81 89 6.41
81 90 0.63
81 91 8.90
81 92 5.14
81 93 9.98
81 94 7.14
81 95 8.94
81 96 9.95
81 97 7.49
81 98 0.99
81 99 0.04
82 83 9.48
82 84 1.67
82 85 3.86
82 86 4.85
82 87 4.86
82 88 0.03
82 89 0.75
82 90 8.35
82 91 6.76
82 92 1.72
82 93 1.56
82 94 2.86
82 95 4.13
82 96 8.09
82 97 8.10
82 98 2.14
82 99 7.06
83 84 2.28
83 85 0.61
83 86 6.28
83 87 4.91
83 88 8.28
83 89 0.87
83 90 3.71
83 91 7.22
83 92 7.49
83 93 0.16
83 94 0.04
83 95 9.95
83 96 2.18
83 97 6.08
83 98 8.38
83 99 3.69
84 85 2.72
84 86 5.27
84 87 4.19
84 88 1.80
84 89 3.29
84 90 1.03
84 91 0.95
84 92 0.05
84 93 2.72
84 94 4.15
84 95 8.23
84 96 1.73
84 97 0.14
84 98 0.19
84 99 3.72
85 86 0.19
85 87 2.80
85 88 0.73
85 89 3.15
85 90 0.15
85 91 7.60
85 92 7.25
85 93 0.13
85 94 9.86
85 95 8.58
85 96 9.82
85 97 3.65
85 98 1.32
85 99 4.04
86 87 4.45
86 88 6.73
86 89 9.62
86 90 2.09
86 91 4.57
86 92 7.72
86 93 8.37
86 94 9.65
86 95 3.67
86 96 5.83
86 97 4.91
86 98 5.35
86 99 8.99
87 88 9.94
87 89 0.28
87 90 3.64
87 91 7.80
87 92 1.05
87 93 4.34
87 94 5.21
87 95 4.70
87 96 2.37
87 97 8.89
87 98 1.35
87 99 1.42
88 89 9.05
88 90 1.98
88 91 2.91
88 92 6.69
88 93 1.74
88 94 0.92
88 95 0.91
88 96 8.09
88 97 4.40
88 98 3.98
88 99 0.24
89 90 6.42
89 91 6.23
89 92 7.09
89 93 6.66
89 94 7.52
89 95 3.19
89 96 7.44
89 97 0.29
89 98 3.67
89 99 8.38
90 91 1.74
90 92 2.87
90 93 0.53
90 94 1.25
90 95 5.41
90 96 6.33
90 97 2.14
90 98 4.56
90 99 3.15
91 92 0.57
91 93 5.80
91 94 6.29
91 95 9.84
91 96 8.51
91 97 6.02
91 98 6.94
91 99 4.56
92 93 4.27
92 94 0.81
92 95 6.87
92 96 8.82
92 97 7.80
92 98 2.72
92 99 3.39
93 94 1.08
93 95 6.82
93 96 6.52
93 97 8.42
93 98 4.61
93 99 6.20
94 95 0.52
94 96 4.48
94 97 4.23
94 98 3.60
94 99 0.11
95 96 4.82
95 97 2.74
95 98 1.39
95 99 2.63
96 97 4.44
96 98 0.74
96 99 4.66
97 98 8.94
97 99 4.00
98 99 3.67
