100 10
0 1 5.65
0 2 2.49
0 3 1.31
0 4 1.19
0 5 4.86
0 6 6.70
0 7 4.60
0 8 6.34
0 9 0.30
0 10 1.10
0 11 0.06
0 12 1.86
0 13 1.68
0 14 0.26
0 15 0.84
0 16 3.17
0 17 3.27
0 18 9.58
0 19 0.27
0 20 2.31
0 21 2.44
0 22 8.55
0 23 6.30
0 24 1.79
0 25 6.43
0 26 7.48
0 27 0.24
0 28 6.28
0 29 3.70
0 30 6.69
0 31 5.88
0 32 0.27
0 33 6.94
0 34 6.08
0 35 8.83
0 36 5.20
0 37 9.85
0 38 4.50
0 39 0.57
0 40 5.70
0 41 5.54
0 42 8.03
0 43 4.76
0 44 8.62
0 45 9.80
0 46 1.08
0 47 6.66
0 48 0.12
0 49 8.37
0 50 1.40
0 51 6.63
0 52 7.24
0 53 0.48
0 54 6.58
0 55 8.52
0 56 1.41
0 57 9.00
0 58 8.17
0 59 0.86
0 60 5.28
0 61 8.79
0 62 4.43
0 63 10.00
0 64 3.78
0 65 8.84
0 66 3.72
0 67 1.81
0 68 1.74
0 69 2.69
0 70 7.49
0 71 5.09
0 72 0.82
0 73 0.66
0 74 2.33
0 75 7.53
0 76 6.51
0 77 0.95
0 78 6.33
0 79 8.49
0 80 7.91
0 81 2.27
0 82 5.70
0 83 6.86
0 84 5.88
0 85 6.31
0 86 0.12
0 87 8.97
0 88 3.18
0 89 5.71
0 90 0.40
0 91 6.19
0 92 5.20
0 93 2.97
0 94 8.31
0 95 0.70
0 96 4.39
0 97 4.46
0 98 2.57
0 99 2.36
1 2 7.28
1 3 3.63
1 4 1.99
1 5 6.88
1 6 9.92
1 7 4.14
1 8 8.78
1 9 0.21
1 10 4.08
1 11 3.14
1 12 4.34
1 13 1.39
1 14 7.26
1 15 8.44
1 16 3.75
1 17 0.89
1 18 7.53
1 19 3.28
1 20 3.30
1 21 4.22
1 22 1.11
1 23 4.43
1 24 0.93
1 25 2.86
1 26 1.03
1 27 5.93
1 28 7.25
1 29 3.82
1 30 8.56
1 31 3.54
1 32 2.13
1 33 0.89
1 34 9.22
1 35 6.48
1 36 5.75
1 37 0.23
1 38 3.63
1 39 4.14
1 40 0.92
1 41 3.72
1 42 0.75
1 43 3.48
1 44 6.91
1 45 4.33
1 46 3.12
1 47 4.17
1 48 3.60
1 49 1.36
1 50 2.42
1 51 4.11
1 52 7.35
1 53 1.60
1 54 6.72
1 55 9.97
1 56 2.35
1 57 4.74
1 58 5.11
1 59 2.78
1 60 5.97
1 61 8.12
1 62 1.21
1 63 3.76
1 64 1.06
1 65 6.08
1 66 3.59
1 67 4.72
1 68 0.31
1 69 5.50
1 70 0.58
1 71 2.47
1 72 5.34
1 73 1.56
1 74 5.28
1 75 1.91
1 76 9.42
1 77 6.13
1 78 9.77
1 79 4.38
1 80 7.57
1 81 4.60
1 82 4.65
1 83 5.91
1 84 5.09
1 85 5.40
1 86 1.31
1 87 7.19
1 88 5.55
1 89 3.47
1 90 9.58
1 91 8.60
1 92 9.55
1 93 4.91
1 94 1.76
1 95 7.74
1 96 6.41
1 97 0.12
1 98 9.94
1 99 7.85
2 3 0.49
2 4 6.09
2 5 3.48
2 6 3.03
2 7 1.14
2 8 9.57
2 9 9.41
2 10 3.59
2 11 0.52
2 12 4.38
2 13 3.65
2 14 0.33
2 15 5.21
2 16 6.64
2 17 2.96
2 18 8.37
2 19 4.30
2 20 8.44
2 21 0.68
2 22 4.62
2 23 2.87
2 24 9.22
2 25 1.42
2 26 5.58
2 27 2.24
2 28 4.02
2 29 5.31
2 30 1.96
2 31 8.62
2 32 6.87
2 33 9.09
2 34 6.73
2 35 3.86
2 36 4.39
2 37 1.84
2 38 6.00
2 39 6.10
2 40 9.05
2 41 7.02
2 42 5.73
2 43 8.30
2 44 1.52
2 45 9.95
2 46 7.11
2 47 0.11
2 48 1.51
2 49 7.04
2 50 2.66
2 51 1.46
2 52 4.42
2 53 4.39
2 54 9.12
2 55 9.80
2 56 6.84
2 57 1.75
2 58 8.75
2 59 3.92
2 60 3.43
2 61 2.43
2 62 0.63
2 63 9.34
2 64 7.46
2 65 1.20
2 66 3.46
2 67 3.17
2 68 4.78
2 69 1.84
2 70 4.89
2 71 6.46
2 72 8.24
2 73 1.67
2 74 7.96
2 75 8.46
2 76 6.54
2 77 0.22
2 78 7.50
2 79 8.60
2 80 3.96
2 81 5.56
2 82 3.51
2 83 1.97
2 84 8.91
2 85 3.83
2 86 1.73
2 87 5.77
2 88 7.36
2 89 1.64
2 90 8.66
2 91 4.01
2 92 0.62
2 93 0.76
2 94 9.57
2 95 4.64
2 96 5.94
2 97 1.82
2 98 5.59
2 99 5.41
3 4 2.05
3 5 9.75
3 6 1.92
3 7 5.22
3 8 6.29
3 9 8.91
3 10 6.00
3 11 9.73
3 12 2.04
3 13 9.13
3 14 7.82
3 15 9.70
3 16 9.38
3 17 7.23
3 18 2.61
3 19 7.85
3 20 0.18
3 21 2.61
3 22 4.34
3 23 0.94
3 24 6.95
3 25 2.23
3 26 8.38
3 27 6.86
3 28 0.26
3 29 0.70
3 30 7.02
3 31 0.41
3 32 8.78
3 33 2.56
3 34 7.94
3 35 2.02
3 36 3.83
3 37 4.58
3 38 9.65
3 39 7.73
3 40 3.40
3 41 0.50
3 42 7.30
3 43 1.11
3 44 6.08
3 45 1.47
3 46 7.83
3 47 6.97
3 48 4.00
3 49 3.13
3 50 6.20
3 51 7.41
3 52 1.77
3 53 6.56
3 54 9.56
3 55 2.38
3 56 5.98
3 57 9.74
3 58 7.06
3 59 2.88
3 60 5.89
3 61 9.11
3 62 3.23
3 63 7.02
3 64 6.95
3 65 6.50
3 66 3.52
3 67 1.02
3 68 7.25
3 69 4.11
3 70 5.60
3 71 2.99
3 72 5.89
3 73 0.36
3 74 4.56
3 75 4.12
3 76 6.78
3 77 8.54
3 78 5.86
3 79 6.49
3 80 5.48
3 81 7.11
3 82 1.66
3 83 9.31
3 84 3.17
3 85 7.45
3 86 4.35
3 87 4.53
3 88 6.23
3 89 7.45
3 90 6.28
3 91 1.78
3 92 7.96
3 93 5.01
3 94 9.33
3 95 1.41
3 96 6.92
3 97 8.64
3 98 5.93
3 99 7.86
4 5 7.72
4 6 7.11
4 7 7.64
4 8 5.77
4 9 1.78
4 10 0.45
4 11 6.59
4 12 2.40
4 13 7.88
4 14 1.14
4 15 0.97
4 16 2.17
4 17 8.01
4 18 4.78
4 19 1.81
4 20 0.36
4 21 7.05
4 22 4.84
4 23 2.95
4 24 1.86
4 25 0.49
4 26 4.59
4 27 2.72
4 28 7.20
4 29 9.57
4 30 3.81
4 31 2.60
4 32 8.82
4 33 0.54
4 34 0.30
4 35 9.31
4 36 8.27
4 37 0.41
4 38 5.12
4 39 3.98
4 40 2.49
4 41 8.97
4 42 3.39
4 43 5.11
4 44 4.99
4 45 9.49
4 46 6.97
4 47 7.09
4 48 2.77
4 49 5.57
4 50 8.13
4 51 8.58
4 52 9.83
4 53 8.09
4 54 8.16
4 55 2.99
4 56 4.58
4 57 4.84
4 58 2.78
4 59 7.95
4 60 4.74
4 61 5.25
4 62 9.29
4 63 5.13
4 64 5.92
4 65 1.58
4 66 8.68
4 67 3.40
4 68 0.33
4 69 2.24
4 70 2.42
4 71 0.17
4 72 3.67
4 73 3.39
4 74 2.22
4 75 9.54
4 76 8.09
4 77 5.67
4 78 7.58
4 79 0.48
4 80 6.19
4 81 7.88
4 82 0.93
4 83 4.38
4 84 6.43
4 85 7.82
4 86 4.04
4 87 9.62
4 88 6.20
4 89 5.15
4 90 2.46
4 91 6.13
4 92 4.82
4 93 8.12
4 94 7.56
4 95 1.27
4 96 9.87
4 97 4.00
4 98 6.71
4 99 8.44
5 6 1.88
5 7 6.10
5 8 3.15
5 9 3.76
5 10 4.99
5 11 7.14
5 12 3.24
5 13 4.56
5 14 3.63
5 15 0.82
5 16 6.43
5 17 5.45
5 18 4.23
5 19 8.74
5 20 3.27
5 21 7.80
5 22 6.33
5 23 1.11
5 24 8.40
5 25 4.97
5 26 9.69
5 27 1.76
5 28 9.55
5 29 3.02
5 30 3.22
5 31 1.40
5 32 1.82
5 33 7.09
5 34 3.95
5 35 5.08
5 36 5.70
5 37 3.55
5 38 6.22
5 39 0.73
5 40 8.92
5 41 7.15
5 42 3.02
5 43 2.84
5 44 5.97
5 45 3.59
5 46 1.90
5 47 1.56
5 48 5.41
5 49 7.83
5 50 1.49
5 51 8.06
5 52 6.94
5 53 2.79
5 54 6.73
5 55 7.45
5 56 2.52
5 57 7.83
5 58 0.40
5 59 5.44
5 60 3.53
5 61 10.00
5 62 8.67
5 63 2.64
5 64 1.21
5 65 9.77
5 66 2.79
5 67 8.08
5 68 9.43
5 69 6.82
5 70 4.20
5 71 1.97
5 72 9.98
5 73 4.20
5 74 4.95
5 75 0.35
5 76 1.22
5 77 5.68
5 78 6.67
5 79 6.07
5 80 4.55
5 81 4.98
5 82 3.22
5 83 3.25
5 84 3.77
5 85 5.80
5 86 5.50
5 87 3.75
5 88 5.14
5 89 8.62
5 90 6.41
5 91 9.49
5 92 1.41
5 93 2.65
5 94 1.27
5 95 4.63
5 96 6.75
5 97 1.54
5 98 6.41
5 99 8.73
6 7 5.74
6 8 0.41
6 9 8.23
6 10 6.42
6 11 1.26
6 12 3.79
6 13 3.84
6 14 3.44
6 15 1.51
6 16 9.99
6 17 5.64
6 18 4.52
6 19 7.20
6 20 1.69
6 21 5.37
6 22 0.19
6 23 3.60
6 24 1.64
6 25 6.91
6 26 3.59
6 27 0.66
6 28 4.84
6 29 4.57
6 30 9.38
6 31 0.84
6 32 6.92
6 33 3.47
6 34 4.62
6 35 7.18
6 36 5.80
6 37 9.51
6 38 7.71
6 39 7.54
6 40 5.99
6 41 9.05
6 42 5.13
6 43 2.84
6 44 3.39
6 45 4.00
6 46 9.76
6 47 5.79
6 48 2.98
6 49 9.80
6 50 3.11
6 51 8.24
6 52 5.66
6 53 3.11
6 54 5.60
6 55 4.10
6 56 2.60
6 57 4.55
6 58 9.08
6 59 2.09
6 60 6.17
6 61 0.09
6 62 7.25
6 63 1.88
6 64 9.38
6 65 5.84
6 66 8.53
6 67 1.43
6 68 2.15
6 69 3.99
6 70 2.52
6 71 1.15
6 72 3.67
6 73 0.04
6 74 2.03
6 75 9.91
6 76 3.49
6 77 6.71
6 78 3.82
6 79 2.66
6 80 0.25
6 81 9.51
6 82 4.41
6 83 7.54
6 84 0.73
6 85 0.80
6 86 5.31
6 87 8.19
6 88 3.30
6 89 1.32
6 90 9.94
6 91 8.53
6 92 2.57
6 93 8.33
6 94 1.13
6 95 5.24
6 96 9.32
6 97 0.68
6 98 0.20
6 99 8.51
7 8 6.27
7 9 0.56
7 10 3.65
7 11 8.91
7 12 5.87
7 13 1.50
7 14 4.22
7 15 5.55
7 16 5.23
7 17 5.40
7 18 0.61
7 19 2.22
7 20 7.51
7 21 4.59
7 22 5.62
7 23 6.77
7 24 7.04
7 25 0.00
7 26 4.44
7 27 3.93
7 28 6.93
7 29 0.16
7 30 1.57
7 31 3.34
7 32 7.18
7 33 7.57
7 34 5.44
7 35 4.50
7 36 2.10
7 37 3.30
7 38 0.42
7 39 5.74
7 40 0.76
7 41 4.80
7 42 3.05
7 43 8.61
7 44 4.06
7 45 4.36
7 46 9.33
7 47 2.68
7 48 9.56
7 49 4.71
7 50 2.02
7 51 1.87
7 52 5.29
7 53 8.41
7 54 2.27
7 55 7.48
7 56 3.24
7 57 0.72
7 58 4.80
7 59 5.37
7 60 9.17
7 61 6.43
7 62 8.02
7 63 3.98
7 64 7.36
7 65 6.93
7 66 8.64
7 67 6.55
7 68 7.41
7 69 7.41
7 70 8.08
7 71 8.80
7 72 7.09
7 73 1.23
7 74 2.41
7 75 9.95
7 76 0.30
7 77 9.53
7 78 7.77
7 79 3.40
7 80 1.45
7 81 1.06
7 82 5.37
7 83 5.18
7 84 9.13
7 85 4.01
7 86 3.12
7 87 9.93
7 88 8.99
7 89 8.34
7 90 3.58
7 91 7.70
7 92 8.31
7 93 3.96
7 94 8.75
7 95 0.77
7 96 1.65
7 97 1.46
7 98 5.43
7 99 1.31
8 9 8.01
8 10 2.58
8 11 0.68
8 12 9.65
8 13 9.69
8 14 8.76
8 15 0.11
8 16 5.08
8 17 7.81
8 18 8.37
8 19 8.90
8 20 6.83
8 21 0.71
8 22 3.92
8 23 9.32
8 24 0.49
8 25 8.75
8 26 5.26
8 27 0.02
8 28 6.72
8 29 4.48
8 30 7.41
8 31 4.37
8 32 5.80
8 33 0.18
8 34 2.88
8 35 4.93
8 36 0.97
8 37 7.75
8 38 1.67
8 39 8.60
8 40 9.73
8 41 5.45
8 42 7.92
8 43 5.18
8 44 0.58
8 45 9.22
8 46 6.64
8 47 6.66
8 48 7.89
8 49 1.85
8 50 4.39
8 51 6.98
8 52 0.36
8 53 5.63
8 54 1.99
8 55 2.78
8 56 8.45
8 57 6.01
8 58 7.88
8 59 1.97
8 60 4.94
8 61 4.85
8 62 1.66
8 63 6.49
8 64 9.98
8 65 1.61
8 66 3.48
8 67 6.40
8 68 9.66
8 69 9.39
8 70 9.28
8 71 3.59
8 72 8.37
8 73 4.85
8 74 3.28
8 75 9.97
8 76 7.12
8 77 9.45
8 78 6.25
8 79 5.67
8 80 4.20
8 81 0.15
8 82 6.19
8 83 8.59
8 84 1.65
8 85 1.92
8 86 7.91
8 87 8.61
8 88 4.42
8 89 5.61
8 90 1.23
8 91 2.77
8 92 0.89
8 93 6.03
8 94 7.24
8 95 6.36
8 96 0.37
8 97 5.88
8 98 1.70
8 99 5.65
9 10 10.00
9 11 6.60
9 12 5.93
9 13 5.20
9 14 4.31
9 15 0.23
9 16 0.79
9 17 4.22
9 18 2.24
9 19 3.97
9 20 3.47
9 21 0.45
9 22 5.89
9 23 9.68
9 24 0.24
9 25 4.19
9 26 7.34
9 27 7.84
9 28 4.62
9 29 9.16
9 30 7.79
9 31 8.45
9 32 2.95
9 33 8.38
9 34 9.47
9 35 4.67
9 36 9.94
9 37 0.91
9 38 2.68
9 39 1.22
9 40 9.35
9 41 0.32
9 42 5.93
9 43 2.00
9 44 0.71
9 45 1.61
9 46 7.77
9 47 0.62
9 48 7.31
9 49 9.51
9 50 5.16
9 51 3.90
9 52 2.43
9 53 8.85
9 54 7.81
9 55 3.49
9 56 7.40
9 57 1.61
9 58 7.56
9 59 9.41
9 60 8.32
9 61 3.27
9 62 2.59
9 63 8.67
9 64 4.51
9 65 9.26
9 66 9.70
9 67 8.38
9 68 1.62
9 69 9.10
9 70 6.46
9 71 8.52
9 72 9.10
9 73 7.72
9 74 2.85
9 75 0.67
9 76 1.17
9 77 5.61
9 78 2.57
9 79 4.73
9 80 4.78
9 81 4.10
9 82 0.06
9 83 2.11
9 84 4.94
9 85 5.59
9 86 7.03
9 87 6.06
9 88 7.72
9 89 6.67
9 90 0.77
9 91 7.41
9 92 4.51
9 93 2.52
9 94 5.83
9 95 3.94
9 96 1.75
9 97 9.56
9 98 5.00
9 99 0.23
10 11 7.91
10 12 5.86
10 13 5.15
10 14 5.39
10 15 6.02
10 16 0.77
10 17 9.70
10 18 9.27
10 19 3.48
10 20 0.80
10 21 1.26
10 22 8.96
10 23 5.71
10 24 8.93
10 25 6.80
10 26 4.79
10 27 0.61
10 28 3.98
10 29 8.02
10 30 0.80
10 31 4.85
10 32 8.47
10 33 4.73
10 34 0.50
10 35 8.03
10 36 1.77
10 37 6.08
10 38 5.99
10 39 8.67
10 40 9.75
10 41 5.63
10 42 3.78
10 43 7.58
10 44 6.03
10 45 3.35
10 46 3.54
10 47 5.52
10 48 1.18
10 49 5.70
10 50 0.72
10 51 5.76
10 52 2.63
10 53 2.67
10 54 3.36
10 55 6.84
10 56 5.05
10 57 6.76
10 58 1.14
10 59 8.64
10 60 7.62
10 61 3.07
10 62 4.32
10 63 5.64
10 64 9.30
10 65 3.33
10 66 5.27
10 67 8.56
10 68 1.67
10 69 6.19
10 70 6.25
10 71 3.11
10 72 3.80
10 73 1.94
10 74 5.29
10 75 1.11
10 76 4.13
10 77 2.96
10 78 1.50
10 79 7.69
10 80 3.43
10 81 4.06
10 82 0.57
10 83 2.44
10 84 9.72
10 85 6.99
10 86 4.63
10 87 6.34
10 88 4.17
10 89 3.89
10 90 2.30
10 91 7.09
10 92 6.47
10 93 8.56
10 94 1.75
10 95 4.58
10 96 2.68
10 97 9.73
10 98 6.56
10 99 7.55
11 12 3.63
11 13 1.66
11 14 0.89
11 15 2.73
11 16 4.07
11 17 1.46
11 18 4.88
11 19 0.94
11 20 9.97
11 21 1.70
11 22 6.79
11 23 5.55
11 24 3.59
11 25 7.87
11 26 4.56
11 27 4.05
11 28 0.42
11 29 3.36
11 30 0.94
11 31 7.49
11 32 7.78
11 33 1.14
11 34 4.06
11 35 9.48
11 36 0.25
11 37 4.02
11 38 6.25
11 39 8.38
11 40 1.39
11 41 7.76
11 42 7.34
11 43 5.92
11 44 0.33
11 45 7.41
11 46 7.96
11 47 5.60
11 48 6.00
11 49 7.74
11 50 1.85
11 51 3.15
11 52 0.62
11 53 5.39
11 54 6.38
11 55 7.79
11 56 2.25
11 57 0.99
11 58 0.46
11 59 4.09
11 60 3.92
11 61 1.83
11 62 7.85
11 63 6.74
11 64 1.90
11 65 0.48
11 66 4.10
11 67 1.91
11 68 2.88
11 69 10.00
11 70 9.34
11 71 1.91
11 72 9.76
11 73 0.98
11 74 5.31
11 75 8.58
11 76 6.30
11 77 2.75
11 78 4.15
11 79 1.45
11 80 4.63
11 81 9.84
11 82 5.01
11 83 3.64
11 84 7.54
11 85 7.96
11 86 1.50
11 87 7.13
11 88 0.51
11 89 3.18
11 90 2.89
11 91 7.98
11 92 7.38
11 93 4.28
11 94 5.89
11 95 3.79
11 96 0.38
11 97 5.95
11 98 5.10
11 99 0.67
12 13 4.68
12 14 9.57
12 15 8.89
12 16 6.29
12 17 8.10
12 18 8.20
12 19 2.48
12 20 0.04
12 21 4.05
12 22 1.14
12 23 9.25
12 24 6.24
12 25 3.59
12 26 5.14
12 27 1.98
12 28 5.27
12 29 9.17
12 30 5.60
12 31 6.29
12 32 1.22
12 33 0.22
12 34 1.22
12 35 3.77
12 36 5.67
12 37 1.74
12 38 0.13
12 39 6.63
12 40 0.19
12 41 4.66
12 42 9.72
12 43 2.14
12 44 4.66
12 45 6.38
12 46 2.00
12 47 0.82
12 48 3.43
12 49 2.14
12 50 2.46
12 51 3.55
12 52 7.40
12 53 2.07
12 54 2.98
12 55 4.62
12 56 7.56
12 57 8.22
12 58 2.93
12 59 1.59
12 60 7.79
12 61 3.78
12 62 5.47
12 63 8.14
12 64 9.40
12 65 6.80
12 66 6.52
12 67 6.85
12 68 4.49
12 69 6.62
12 70 0.65
12 71 4.49
12 72 6.64
12 73 0.71
12 74 9.52
12 75 4.99
12 76 0.47
12 77 3.81
12 78 8.34
12 79 7.26
12 80 7.64
12 81 5.35
12 82 3.34
12 83 1.34
12 84 3.02
12 85 4.58
12 86 2.83
12 87 7.62
12 88 5.16
12 89 7.94
12 90 7.44
12 91 2.34
12 92 7.84
12 93 0.80
12 94 4.64
12 95 5.63
12 96 3.69
12 97 0.63
12 98 1.85
12 99 0.30
13 14 2.90
13 15 9.63
13 16 8.71
13 17 9.58
13 18 0.94
13 19 1.05
13 20 5.75
13 21 7.90
13 22 3.60
13 23 2.83
13 24 1.84
13 25 6.32
13 26 4.41
13 27 3.12
13 28 5.17
13 29 3.80
13 30 5.25
13 31 5.78
13 32 8.22
13 33 7.31
13 34 9.32
13 35 4.30
13 36 0.37
13 37 2.44
13 38 6.95
13 39 9.58
13 40 1.09
13 41 4.69
13 42 5.53
13 43 5.05
13 44 5.58
13 45 3.09
13 46 2.32
13 47 0.69
13 48 1.57
13 49 1.31
13 50 9.52
13 51 4.31
13 52 4.04
13 53 7.45
13 54 3.70
13 55 7.16
13 56 6.73
13 57 0.76
13 58 7.04
13 59 4.88
13 60 9.48
13 61 5.71
13 62 4.62
13 63 6.27
13 64 1.86
13 65 5.57
13 66 0.56
13 67 0.57
13 68 8.02
13 69 8.69
13 70 2.96
13 71 6.48
13 72 0.77
13 73 2.77
13 74 2.19
13 75 7.63
13 76 6.16
13 77 8.66
13 78 3.71
13 79 3.39
13 80 1.59
13 81 8.14
13 82 6.45
13 83 3.83
13 84 8.96
13 85 1.24
13 86 8.96
13 87 1.82
13 88 2.91
13 89 2.03
13 90 3.27
13 91 1.46
13 92 2.67
13 93 9.23
13 94 7.89
13 95 2.78
13 96 1.07
13 97 9.80
13 98 2.17
13 99 0.42
14 15 0.88
14 16 5.65
14 17 9.27
14 18 6.53
14 19 7.78
14 20 3.09
14 21 0.50
14 22 1.88
14 23 1.83
14 24 8.66
14 25 3.38
14 26 1.97
14 27 8.00
14 28 3.95
14 29 1.64
14 30 7.47
14 31 1.71
14 32 3.26
14 33 6.54
14 34 9.61
14 35 5.32
14 36 7.20
14 37 1.27
14 38 9.22
14 39 8.52
14 40 1.64
14 41 8.58
14 42 4.46
14 43 4.60
14 44 0.87
14 45 1.76
14 46 4.83
14 47 1.59
14 48 9.61
14 49 2.90
14 50 6.76
14 51 4.32
14 52 9.47
14 53 2.84
14 54 3.79
14 55 2.31
14 56 8.16
14 57 7.70
14 58 8.60
14 59 6.54
14 60 0.05
14 61 9.93
14 62 8.67
14 63 8.21
14 64 3.60
14 65 7.12
14 66 4.68
14 67 9.61
14 68 9.31
14 69 6.10
14 70 5.50
14 71 4.90
14 72 4.57
14 73 6.86
14 74 9.22
14 75 9.65
14 76 7.73
14 77 6.33
14 78 5.95
14 79 7.27
14 80 8.00
14 81 9.13
14 82 6.23
14 83 7.83
14 84 7.44
14 85 5.28
14 86 1.82
14 87 1.95
14 88 5.18
14 89 0.08
14 90 7.11
14 91 5.66
14 92 3.74
14 93 2.74
14 94 9.89
14 95 7.73
14 96 3.70
14 97 0.41
14 98 9.61
14 99 4.30
15 16 7.70
15 17 5.17
15 18 3.50
15 19 6.86
15 20 9.21
15 21 6.90
15 22 2.99
15 23 8.88
15 24 6.16
15 25 7.38
15 26 7.72
15 27 2.34
15 28 3.79
15 29 2.33
15 30 3.97
15 31 9.51
15 32 2.53
15 33 8.00
15 34 4.74
15 35 5.93
15 36 0.55
15 37 4.65
15 38 4.03
15 39 5.78
15 40 9.06
15 41 5.95
15 42 6.41
15 43 2.60
15 44 5.36
15 45 0.05
15 46 2.41
15 47 6.52
15 48 8.81
15 49 1.64
15 50 4.85
15 51 1.67
15 52 9.24
15 53 9.78
15 54 4.83
15 55 7.71
15 56 9.92
15 57 6.56
15 58 2.60
15 59 0.65
15 60 6.28
15 61 9.56
15 62 9.71
15 63 1.13
15 64 6.58
15 65 6.02
15 66 5.92
15 67 3.72
15 68 3.06
15 69 9.95
15 70 2.78
15 71 5.52
15 72 2.41
15 73 0.28
15 74 4.41
15 75 3.01
15 76 0.60
15 77 6.72
15 78 6.57
15 79 1.37
15 80 4.72
15 81 3.68
15 82 2.72
15 83 1.81
15 84 0.57
15 85 9.83
15 86 1.42
15 87 6.14
15 88 7.97
15 89 2.07
15 90 4.93
15 91 2.02
15 92 2.95
15 93 3.98
15 94 7.18
15 95 5.30
15 96 3.77
15 97 1.20
15 98 9.69
15 99 6.04
16 17 4.62
16 18 3.00
16 19 3.42
16 20 8.33
16 21 6.97
16 22 1.43
16 23 3.16
16 24 9.45
16 25 5.17
16 26 8.29
16 27 7.34
16 28 8.10
16 29 4.01
16 30 6.78
16 31 1.29
16 32 0.76
16 33 4.04
16 34 5.13
16 35 4.01
16 36 8.87
16 37 6.52
16 38 9.17
16 39 7.27
16 40 8.73
16 41 9.91
16 42 7.10
16 43 0.57
16 44 3.64
16 45 0.39
16 46 3.52
16 47 2.69
16 48 6.83
16 49 5.68
16 50 6.72
16 51 8.71
16 52 4.51
16 53 6.77
16 54 8.07
16 55 0.12
16 56 0.28
16 57 5.35
16 58 8.22
16 59 0.18
16 60 8.18
16 61 4.38
16 62 8.10
16 63 4.94
16 64 0.92
16 65 7.38
16 66 2.48
16 67 5.86
16 68 7.64
16 69 4.13
16 70 4.39
16 71 7.86
16 72 4.85
16 73 3.25
16 74 8.61
16 75 3.52
16 76 7.88
16 77 3.20
16 78 3.87
16 79 1.48
16 80 6.19
16 81 8.62
16 82 1.46
16 83 4.87
16 84 0.08
16 85 2.99
16 86 7.62
16 87 7.58
16 88 4.74
16 89 5.16
16 90 4.51
16 91 1.63
16 92 0.13
16 93 0.28
16 94 5.58
16 95 9.90
16 96 0.93
16 97 1.93
16 98 6.01
16 99 9.44
17 18 9.60
17 19 4.70
17 20 3.08
17 21 7.10
17 22 5.12
17 23 0.45
17 24 3.96
17 25 1.05
17 26 2.52
17 27 3.22
17 28 2.09
17 29 4.73
17 30 2.74
17 31 0.44
17 32 1.79
17 33 2.62
17 34 2.80
17 35 2.07
17 36 0.30
17 37 4.35
17 38 6.06
17 39 6.73
17 40 9.71
17 41 9.02
17 42 9.10
17 43 7.96
17 44 0.71
17 45 8.36
17 46 5.43
17 47 6.91
17 48 4.48
17 49 0.15
17 50 5.21
17 51 3.43
17 52 8.97
17 53 4.12
17 54 2.71
17 55 2.85
17 56 2.98
17 57 3.13
17 58 9.73
17 59 0.93
17 60 8.04
17 61 4.19
17 62 5.62
17 63 9.14
17 64 1.88
17 65 4.43
17 66 1.43
17 67 6.80
17 68 5.73
17 69 9.69
17 70 5.44
17 71 5.24
17 72 5.46
17 73 4.84
17 74 3.50
17 75 6.93
17 76 0.15
17 77 1.86
17 78 9.28
17 79 2.39
17 80 9.18
17 81 8.08
17 82 7.96
17 83 1.26
17 84 9.23
17 85 8.17
17 86 4.41
17 87 6.64
17 88 6.01
17 89 3.34
17 90 4.24
17 91 7.64
17 92 2.02
17 93 7.96
17 94 4.04
17 95 4.58
17 96 3.43
17 97 9.94
17 98 0.16
17 99 7.32
18 19 2.75
18 20 1.68
18 21 3.85
18 22 2.82
18 23 0.27
18 24 9.34
18 25 1.20
18 26 3.40
18 27 9.58
18 28 3.88
18 29 7.88
18 30 7.48
18 31 5.09
18 32 2.34
18 33 2.72
18 34 4.04
18 35 0.04
18 36 3.60
18 37 9.09
18 38 1.59
18 39 7.49
18 40 4.61
18 41 4.54
18 42 9.06
18 43 1.54
18 44 0.55
18 45 2.19
18 46 4.71
18 47 5.91
18 48 4.32
18 49 0.18
18 50 6.53
18 51 2.40
18 52 6.01
18 53 7.22
18 54 9.43
18 55 8.02
18 56 6.50
18 57 3.02
18 58 9.67
18 59 6.53
18 60 5.50
18 61 1.20
18 62 7.10
18 63 2.68
18 64 7.99
18 65 6.03
18 66 7.41
18 67 2.19
18 68 7.27
18 69 3.83
18 70 4.34
18 71 2.69
18 72 8.23
18 73 4.96
18 74 7.61
18 75 1.72
18 76 4.73
18 77 2.67
18 78 3.03
18 79 3.02
18 80 5.12
18 81 4.68
18 82 7.92
18 83 6.38
18 84 8.43
18 85 1.01
18 86 5.08
18 87 6.01
18 88 1.76
18 89 0.33
18 90 5.79
18 91 3.84
18 92 5.23
18 93 1.60
18 94 2.91
18 95 2.34
18 96 0.06
18 97 5.88
18 98 6.64
18 99 9.33
19 20 3.55
19 21 6.65
19 22 4.32
19 23 1.48
19 24 5.59
19 25 2.70
19 26 3.02
19 27 4.95
19 28 5.43
19 29 0.18
19 30 3.94
19 31 2.68
19 32 8.51
19 33 3.65
19 34 9.05
19 35 1.67
19 36 7.91
19 37 0.65
19 38 1.90
19 39 8.51
19 40 0.40
19 41 1.49
19 42 7.69
19 43 7.26
19 44 1.63
19 45 8.20
19 46 4.02
19 47 5.61
19 48 7.07
19 49 6.42
19 50 8.52
19 51 8.42
19 52 9.06
19 53 6.13
19 54 7.32
19 55 2.88
19 56 1.47
19 57 4.94
19 58 7.09
19 59 7.06
19 60 3.56
19 61 3.52
19 62 4.93
19 63 9.68
19 64 8.14
19 65 0.01
19 66 9.14
19 67 6.18
19 68 0.00
19 69 9.73
19 70 8.15
19 71 0.29
19 72 8.91
19 73 3.37
19 74 2.39
19 75 7.19
19 76 5.98
19 77 3.44
19 78 5.68
19 79 8.88
19 80 7.56
19 81 7.27
19 82 2.35
19 83 2.26
19 84 1.08
19 85 7.17
19 86 0.06
19 87 7.31
19 88 2.45
19 89 8.53
19 90 2.12
19 91 5.50
19 92 2.17
19 93 8.88
19 94 7.80
19 95 6.80
19 96 2.90
19 97 9.59
19 98 2.80
19 99 2.87
20 21 6.69
20 22 0.60
20 23 6.49
20 24 7.36
20 25 6.18
20 26 8.23
20 27 0.14
20 28 4.05
20 29 6.42
20 30 8.34
20 31 9.92
20 32 5.25
20 33 8.60
20 34 3.90
20 35 6.50
20 36 7.70
20 37 0.63
20 38 4.67
20 39 3.12
20 40 3.33
20 41 5.16
20 42 0.58
20 43 3.48
20 44 4.84
20 45 4.51
20 46 4.96
20 47 5.26
20 48 5.99
20 49 7.52
20 50 1.24
20 51 6.17
20 52 2.64
20 53 7.43
20 54 1.80
20 55 8.58
20 56 1.35
20 57 6.14
20 58 2.56
20 59 2.40
20 60 2.84
20 61 1.86
20 62 4.16
20 63 2.30
20 64 1.05
20 65 0.83
20 66 6.18
20 67 7.55
20 68 7.77
20 69 3.72
20 70 0.82
20 71 5.15
20 72 2.21
20 73 3.91
20 74 4.76
20 75 6.52
20 76 5.74
20 77 6.84
20 78 8.10
20 79 6.45
20 80 2.58
20 81 3.25
20 82 6.23
20 83 3.88
20 84 9.45
20 85 0.11
20 86 5.00
20 87 3.99
20 88 8.95
20 89 0.26
20 90 8.37
20 91 5.34
20 92 9.15
20 93 1.91
20 94 5.53
20 95 9.23
20 96 6.03
20 97 3.08
20 98 2.02
20 99 1.20
21 22 5.83
21 23 1.70
21 24 8.22
21 25 8.05
21 26 5.20
21 27 7.92
21 28 2.02
21 29 4.09
21 30 4.15
21 31 5.80
21 32 1.68
21 33 9.67
21 34 5.80
21 35 6.36
21 36 4.92
21 37 7.65
21 38 8.44
21 39 5.54
21 40 1.46
21 41 0.56
21 42 0.07
21 43 0.38
21 44 4.47
21 45 4.66
21 46 6.78
21 47 4.95
21 48 9.71
21 49 6.98
21 50 5.57
21 51 5.99
21 52 4.51
21 53 2.80
21 54 4.92
21 55 6.97
21 56 9.69
21 57 8.99
21 58 5.30
21 59 9.68
21 60 7.93
21 61 2.73
21 62 1.52
21 63 2.22
21 64 4.15
21 65 9.51
21 66 5.90
21 67 2.78
21 68 5.65
21 69 1.25
21 70 5.87
21 71 2.88
21 72 9.55
21 73 6.39
21 74 9.78
21 75 9.18
21 76 5.75
21 77 0.04
21 78 1.12
21 79 1.31
21 80 2.34
21 81 5.15
21 82 9.73
21 83 9.13
21 84 0.82
21 85 7.04
21 86 5.42
21 87 1.98
21 88 5.84
21 89 8.15
21 90 3.93
21 91 8.23
21 92 3.11
21 93 5.76
21 94 3.12
21 95 3.27
21 96 1.74
21 97 2.43
21 98 4.67
21 99 2.26
22 23 0.43
22 24 2.00
22 25 2.91
22 26 6.71
22 27 9.87
22 28 5.00
22 29 7.95
22 30 1.64
22 31 0.85
22 32 0.37
22 33 5.99
22 34 9.45
22 35 9.39
22 36 6.86
22 37 3.71
22 38 4.96
22 39 7.83
22 40 9.01
22 41 7.48
22 42 7.37
22 43 3.05
22 44 7.13
22 45 3.16
22 46 4.39
22 47 1.31
22 48 2.54
22 49 5.13
22 50 5.19
22 51 2.74
22 52 3.34
22 53 3.53
22 54 8.86
22 55 1.20
22 56 4.62
22 57 9.52
22 58 1.89
22 59 2.35
22 60 4.13
22 61 1.31
22 62 0.32
22 63 9.40
22 64 3.88
22 65 6.11
22 66 2.10
22 67 3.11
22 68 8.46
22 69 1.28
22 70 3.27
22 71 4.79
22 72 2.92
22 73 9.01
22 74 3.26
22 75 0.00
22 76 7.44
22 77 0.46
22 78 3.34
22 79 9.06
22 80 6.48
22 81 8.96
22 82 3.55
22 83 8.95
22 84 1.64
22 85 9.65
22 86 0.27
22 87 0.66
22 88 4.12
22 89 2.95
22 90 9.39
22 91 4.83
22 92 0.85
22 93 9.02
22 94 9.80
22 95 2.56
22 96 8.72
22 97 3.97
22 98 5.44
22 99 9.78
23 24 2.23
23 25 4.61
23 26 4.89
23 27 7.40
23 28 3.41
23 29 5.70
23 30 4.86
23 31 5.33
23 32 6.37
23 33 8.46
23 34 3.83
23 35 9.63
23 36 6.79
23 37 5.15
23 38 4.88
23 39 9.85
23 40 9.94
23 41 9.79
23 42 3.03
23 43 1.58
23 44 5.97
23 45 5.18
23 46 1.28
23 47 9.53
23 48 4.28
23 49 2.06
23 50 5.42
23 51 0.08
23 52 8.63
23 53 3.18
23 54 4.22
23 55 9.26
23 56 6.62
23 57 6.46
23 58 4.10
23 59 3.42
23 60 5.11
23 61 3.75
23 62 7.44
23 63 5.03
23 64 1.43
23 65 8.03
23 66 2.23
23 67 9.42
23 68 2.32
23 69 7.97
23 70 4.80
23 71 4.77
23 72 6.65
23 73 6.57
23 74 6.01
23 75 3.76
23 76 4.49
23 77 7.40
23 78 3.14
23 79 1.80
23 80 0.19
23 81 8.24
23 82 7.72
23 83 3.54
23 84 7.62
23 85 9.71
23 86 9.98
23 87 6.12
23 88 7.40
23 89 9.70
23 90 0.76
23 91 7.80
23 92 0.49
23 93 9.64
23 94 5.90
23 95 3.26
23 96 1.87
23 97 5.27
23 98 1.33
23 99 3.62
24 25 3.57
24 26 8.09
24 27 6.72
24 28 9.24
24 29 1.55
24 30 3.90
24 31 3.44
24 32 9.63
24 33 5.93
24 34 3.60
24 35 7.86
24 36 7.72
24 37 4.37
24 38 0.54
24 39 5.52
24 40 0.74
24 41 2.04
24 42 8.16
24 43 0.25
24 44 5.88
24 45 3.02
24 46 3.55
24 47 9.67
24 48 2.30
24 49 2.67
24 50 7.85
24 51 6.71
24 52 1.67
24 53 1.90
24 54 0.79
24 55 2.65
24 56 1.40
24 57 7.27
24 58 9.41
24 59 9.98
24 60 9.94
24 61 5.08
24 62 7.00
24 63 5.93
24 64 3.14
24 65 4.71
24 66 3.15
24 67 2.22
24 68 7.50
24 69 2.83
24 70 4.95
24 71 9.42
24 72 9.13
24 73 2.03
24 74 4.37
24 75 3.56
24 76 3.67
24 77 1.45
24 78 7.08
24 79 1.30
24 80 6.42
24 81 4.13
24 82 0.09
24 83 3.29
24 84 9.02
24 85 6.31
24 86 0.55
24 87 0.81
24 88 4.54
24 89 3.72
24 90 1.99
24 91 3.84
24 92 1.46
24 93 4.83
24 94 0.76
24 95 0.72
24 96 5.31
24 97 4.57
24 98 5.94
24 99 8.90
25 26 5.32
25 27 4.44
25 28 9.33
25 29 4.54
25 30 5.69
25 31 3.33
25 32 7.82
25 33 6.45
25 34 6.32
25 35 0.35
25 36 3.97
25 37 6.89
25 38 9.63
25 39 4.24
25 40 6.01
25 41 1.79
25 42 0.34
25 43 5.56
25 44 4.77
25 45 4.24
25 46 6.49
25 47 5.21
25 48 5.44
25 49 7.67
25 50 1.97
25 51 9.88
25 52 5.86
25 53 2.72
25 54 7.02
25 55 4.30
25 56 2.41
25 57 1.33
25 58 1.63
25 59 8.96
25 60 3.20
25 61 8.47
25 62 5.28
25 63 5.60
25 64 9.17
25 65 3.94
25 66 6.37
25 67 1.42
25 68 9.41
25 69 7.95
25 70 5.07
25 71 7.48
25 72 0.58
25 73 4.35
25 74 2.44
25 75 9.45
25 76 3.60
25 77 0.11
25 78 5.36
25 79 8.60
25 80 3.40
25 81 7.96
25 82 3.63
25 83 7.07
25 84 0.74
25 85 2.08
25 86 8.67
25 87 9.25
25 88 2.16
25 89 4.59
25 90 6.51
25 91 8.65
25 92 8.80
25 93 5.47
25 94 8.34
25 95 0.58
25 96 1.22
25 97 3.63
25 98 2.78
25 99 8.37
26 27 5.34
26 28 2.20
26 29 0.75
26 30 4.66
26 31 9.04
26 32 4.34
26 33 1.69
26 34 4.29
26 35 1.58
26 36 6.69
26 37 3.99
26 38 7.26
26 39 9.85
26 40 8.84
26 41 5.90
26 42 7.73
26 43 1.29
26 44 3.00
26 45 6.57
26 46 9.01
26 47 3.00
26 48 8.27
26 49 5.43
26 50 8.07
26 51 7.40
26 52 4.47
26 53 7.74
26 54 3.84
26 55 6.33
26 56 7.24
26 57 1.91
26 58 0.31
26 59 4.70
26 60 9.83
26 61 5.21
26 62 8.07
26 63 4.67
26 64 5.19
26 65 2.83
26 66 7.16
26 67 1.49
26 68 5.93
26 69 0.67
26 70 3.64
26 71 5.71
26 72 2.83
26 73 9.08
26 74 1.44
26 75 3.89
26 76 6.39
26 77 9.76
26 78 5.94
26 79 3.65
26 80 0.27
26 81 5.58
26 82 6.01
26 83 2.68
26 84 9.34
26 85 5.78
26 86 3.74
26 87 9.12
26 88 7.78
26 89 2.95
26 90 1.39
26 91 4.23
26 92 3.75
26 93 0.22
26 94 2.92
26 95 6.14
26 96 5.15
26 97 8.90
26 98 1.65
26 99 6.50
27 28 1.02
27 29 8.15
27 30 1.19
27 31 8.52
27 32 7.02
27 33 8.41
27 34 7.89
27 35 2.62
27 36 9.19
27 37 3.30
27 38 1.41
27 39 1.29
27 40 1.37
27 41 9.59
27 42 8.83
27 43 8.01
27 44 0.52
27 45 3.90
27 46 3.39
27 47 7.65
27 48 7.22
27 49 4.07
27 50 1.34
27 51 3.14
27 52 1.66
27 53 2.97
27 54 2.57
27 55 9.63
27 56 8.05
27 57 8.38
27 58 0.78
27 59 2.25
27 60 5.58
27 61 5.33
27 62 9.01
27 63 1.57
27 64 2.81
27 65 5.01
27 66 0.90
27 67 4.10
27 68 7.31
27 69 1.53
27 70 3.05
27 71 6.81
27 72 5.91
27 73 2.84
27 74 0.21
27 75 7.97
27 76 9.47
27 77 9.39
27 78 2.31
27 79 5.38
27 80 9.65
27 81 1.58
27 82 6.53
27 83 6.52
27 84 5.22
27 85 8.14
27 86 4.32
27 87 0.81
27 88 3.65
27 89 2.66
27 90 4.79
27 91 3.66
27 92 1.77
27 93 7.65
27 94 4.40
27 95 0.56
27 96 4.76
27 97 2.75
27 98 8.60
27 99 4.41
28 29 3.27
28 30 3.28
28 31 1.93
28 32 8.90
28 33 2.12
28 34 7.81
28 35 0.97
28 36 4.49
28 37 5.46
28 38 3.19
28 39 6.59
28 40 9.10
28 41 3.41
28 42 3.36
28 43 4.10
28 44 8.17
28 45 4.54
28 46 9.56
28 47 2.96
28 48 1.73
28 49 7.44
28 50 8.84
28 51 1.72
28 52 7.12
28 53 8.70
28 54 8.33
28 55 2.44
28 56 4.39
28 57 4.84
28 58 3.16
28 59 2.10
28 60 9.43
28 61 0.31
28 62 0.45
28 63 6.03
28 64 9.76
28 65 3.30
28 66 0.13
28 67 0.54
28 68 0.39
28 69 6.56
28 70 6.68
28 71 1.96
28 72 9.79
28 73 4.10
28 74 6.84
28 75 9.05
28 76 8.11
28 77 5.78
28 78 8.70
28 79 9.19
28 80 8.79
28 81 2.47
28 82 9.40
28 83 7.51
28 84 9.76
28 85 6.02
28 86 8.50
28 87 0.61
28 88 1.86
28 89 2.55
28 90 9.41
28 91 4.49
28 92 9.63
28 93 7.71
28 94 9.63
28 95 4.69
28 96 1.41
28 97 7.41
28 98 10.00
28 99 2.15
29 30 8.05
29 31 2.86
29 32 8.97
29 33 0.77
29 34 9.96
29 35 0.71
29 36 3.27
29 37 4.66
29 38 6.21
29 39 0.17
29 40 0.71
29 41 3.35
29 42 6.75
29 43 0.00
29 44 0.75
29 45 6.42
29 46 5.36
29 47 7.54
29 48 4.28
29 49 1.35
29 50 0.89
29 51 7.86
29 52 7.74
29 53 9.10
29 54 2.02
29 55 5.57
29 56 5.51
29 57 2.86
29 58 6.40
29 59 4.60
29 60 7.59
29 61 5.95
29 62 6.77
29 63 0.54
29 64 7.04
29 65 3.34
29 66 4.61
29 67 7.44
29 68 8.45
29 69 4.03
29 70 2.73
29 71 4.39
29 72 4.92
29 73 9.12
29 74 2.94
29 75 8.51
29 76 9.23
29 77 0.53
29 78 3.77
29 79 4.67
29 80 5.75
29 81 8.54
29 82 3.27
29 83 5.15
29 84 3.06
29 85 0.91
29 86 0.87
29 87 5.34
29 88 7.51
29 89 2.88
29 90 5.63
29 91 5.05
29 92 0.46
29 93 9.94
29 94 2.50
29 95 6.34
29 96 1.00
29 97 9.55
29 98 5.47
29 99 9.34
30 31 1.46
30 32 9.16
30 33 6.40
30 34 9.37
30 35 0.29
30 36 8.57
30 37 5.30
30 38 4.02
30 39 2.44
30 40 5.19
30 41 4.27
30 42 9.35
30 43 5.43
30 44 8.28
30 45 2.96
30 46 5.62
30 47 7.08
30 48 2.64
30 49 8.58
30 50 9.78
30 51 8.62
30 52 1.83
30 53 9.49
30 54 3.51
30 55 7.50
30 56 8.86
30 57 4.13
30 58 9.25
30 59 6.26
30 60 1.55
30 61 3.36
30 62 7.16
30 63 4.13
30 64 6.40
30 65 1.84
30 66 0.86
30 67 2.94
30 68 3.73
30 69 5.82
30 70 6.69
30 71 6.86
30 72 1.32
30 73 6.10
30 74 4.32
30 75 7.43
30 76 3.02
30 77 1.19
30 78 2.78
30 79 5.84
30 80 3.81
30 81 4.53
30 82 4.70
30 83 4.02
30 84 9.56
30 85 7.69
30 86 6.71
30 87 10.00
30 88 5.76
30 89 7.34
30 90 0.35
30 91 8.22
30 92 3.54
30 93 9.43
30 94 8.52
30 95 4.80
30 96 2.93
30 97 6.89
30 98 0.01
30 99 4.90
31 32 7.11
31 33 3.14
31 34 8.52
31 35 4.57
31 36 9.95
31 37 2.11
31 38 2.01
31 39 9.56
31 40 0.31
31 41 8.26
31 42 2.41
31 43 5.27
31 44 9.15
31 45 1.19
31 46 5.14
31 47 2.99
31 48 6.22
31 49 0.58
31 50 4.74
31 51 0.87
31 52 8.27
31 53 7.30
31 54 3.94
31 55 7.19
31 56 1.59
31 57 1.03
31 58 7.63
31 59 0.19
31 60 1.38
31 61 3.22
31 62 0.36
31 63 8.93
31 64 8.40
31 65 9.45
31 66 3.88
31 67 0.82
31 68 8.65
31 69 3.46
31 70 2.08
31 71 5.97
31 72 6.55
31 73 9.21
31 74 0.82
31 75 2.01
31 76 2.50
31 77 1.93
31 78 4.27
31 79 7.92
31 80 3.37
31 81 3.94
31 82 7.43
31 83 8.52
31 84 9.09
31 85 2.17
31 86 2.57
31 87 4.57
31 88 0.13
31 89 7.67
31 90 7.73
31 91 9.79
31 92 0.93
31 93 0.55
31 94 4.49
31 95 9.92
31 96 5.02
31 97 1.72
31 98 4.38
31 99 4.77
32 33 4.32
32 34 3.35
32 35 4.11
32 36 2.97
32 37 0.50
32 38 3.64
32 39 8.28
32 40 8.05
32 41 4.56
32 42 5.01
32 43 0.62
32 44 1.85
32 45 0.88
32 46 1.23
32 47 9.53
32 48 6.65
32 49 3.82
32 50 7.32
32 51 3.26
32 52 0.00
32 53 4.70
32 54 4.37
32 55 7.82
32 56 2.82
32 57 2.82
32 58 8.60
32 59 7.11
32 60 6.50
32 61 5.02
32 62 9.45
32 63 7.42
32 64 4.12
32 65 4.67
32 66 0.12
32 67 1.06
32 68 0.56
32 69 5.60
32 70 6.14
32 71 8.14
32 72 1.43
32 73 4.70
32 74 2.75
32 75 4.67
32 76 0.82
32 77 3.03
32 78 9.77
32 79 9.63
32 80 2.13
32 81 9.06
32 82 5.02
32 83 2.22
32 84 9.86
32 85 6.95
32 86 1.15
32 87 0.32
32 88 7.41
32 89 5.55
32 90 3.03
32 91 7.25
32 92 5.59
32 93 2.35
32 94 1.79
32 95 2.50
32 96 9.06
32 97 2.66
32 98 4.04
32 99 8.04
33 34 4.69
33 35 7.95
33 36 2.99
33 37 6.63
33 38 0.44
33 39 0.93
33 40 7.17
33 41 3.19
33 42 3.11
33 43 6.99
33 44 4.00
33 45 4.68
33 46 9.60
33 47 2.78
33 48 6.88
33 49 4.31
33 50 0.79
33 51 9.96
33 52 5.38
33 53 3.11
33 54 3.65
33 55 4.89
33 56 1.38
33 57 8.02
33 58 0.37
33 59 3.08
33 60 8.56
33 61 6.22
33 62 4.74
33 63 7.99
33 64 4.34
33 65 2.68
33 66 7.52
33 67 7.10
33 68 9.71
33 69 6.65
33 70 8.24
33 71 9.46
33 72 5.83
33 73 8.00
33 74 0.26
33 75 9.71
33 76 2.95
33 77 4.39
33 78 1.41
33 79 0.38
33 80 9.37
33 81 9.36
33 82 3.16
33 83 2.04
33 84 6.35
33 85 3.98
33 86 5.56
33 87 9.78
33 88 0.23
33 89 5.75
33 90 4.76
33 91 3.88
33 92 6.80
33 93 5.60
33 94 8.22
33 95 7.54
33 96 7.00
33 97 1.14
33 98 4.18
33 99 8.30
34 35 4.42
34 36 8.10
34 37 7.85
34 38 9.31
34 39 9.55
34 40 5.02
34 41 1.65
34 42 0.76
34 43 4.44
34 44 0.97
34 45 4.01
34 46 2.74
34 47 6.28
34 48 6.09
34 49 0.50
34 50 5.02
34 51 6.15
34 52 6.01
34 53 1.10
34 54 3.06
34 55 1.21
34 56 1.93
34 57 7.79
34 58 2.89
34 59 7.31
34 60 1.94
34 61 0.18
34 62 2.02
34 63 8.86
34 64 8.98
34 65 7.99
34 66 4.52
34 67 6.98
34 68 4.71
34 69 5.88
34 70 9.61
34 71 7.47
34 72 6.96
34 73 1.40
34 74 6.79
34 75 9.93
34 76 2.67
34 77 8.13
34 78 3.91
34 79 0.48
34 80 3.27
34 81 5.83
34 82 4.55
34 83 7.32
34 84 5.66
34 85 3.91
34 86 9.50
34 87 8.29
34 88 5.35
34 89 3.85
34 90 5.05
34 91 1.54
34 92 5.36
34 93 6.27
34 94 6.86
34 95 4.99
34 96 8.20
34 97 9.85
34 98 6.11
34 99 0.84
35 36 1.02
35 37 2.24
35 38 5.01
35 39 2.57
35 40 3.69
35 41 4.14
35 42 4.45
35 43 5.27
35 44 1.59
35 45 8.90
35 46 6.61
35 47 0.26
35 48 8.36
35 49 9.73
35 50 8.97
35 51 1.00
35 52 0.59
35 53 7.20
35 54 8.77
35 55 0.58
35 56 2.25
35 57 7.43
35 58 3.26
35 59 5.25
35 60 7.21
35 61 9.77
35 62 9.25
35 63 6.50
35 64 3.75
35 65 0.48
35 66 1.90
35 67 0.38
35 68 8.14
35 69 3.05
35 70 7.16
35 71 5.86
35 72 8.37
35 73 9.62
35 74 3.90
35 75 6.44
35 76 4.41
35 77 9.28
35 78 8.36
35 79 3.52
35 80 0.12
35 81 0.94
35 82 0.79
35 83 7.39
35 84 2.27
35 85 5.50
35 86 0.44
35 87 0.97
35 88 9.67
35 89 1.57
35 90 0.25
35 91 9.71
35 92 1.85
35 93 8.48
35 94 5.70
35 95 6.72
35 96 7.58
35 97 2.11
35 98 3.31
35 99 3.54
36 37 3.17
36 38 0.85
36 39 3.19
36 40 7.75
36 41 2.97
36 42 6.22
36 43 5.39
36 44 5.57
36 45 4.26
36 46 1.49
36 47 3.92
36 48 2.23
36 49 7.44
36 50 1.08
36 51 0.70
36 52 5.13
36 53 6.09
36 54 3.13
36 55 7.65
36 56 8.57
36 57 6.13
36 58 4.17
36 59 9.54
36 60 7.65
36 61 8.09
36 62 6.68
36 63 8.24
36 64 9.64
36 65 3.34
36 66 3.72
36 67 6.45
36 68 4.52
36 69 2.54
36 70 0.49
36 71 7.39
36 72 1.24
36 73 3.93
36 74 0.26
36 75 1.25
36 76 5.58
36 77 9.85
36 78 9.44
36 79 2.91
36 80 2.20
36 81 6.25
36 82 6.90
36 83 1.30
36 84 9.97
36 85 7.24
36 86 7.77
36 87 8.14
36 88 2.40
36 89 1.06
36 90 9.98
36 91 6.36
36 92 8.23
36 93 5.36
36 94 7.43
36 95 9.74
36 96 4.01
36 97 7.36
36 98 5.76
36 99 7.59
37 38 5.02
37 39 4.34
37 40 9.85
37 41 1.78
37 42 2.81
37 43 5.52
37 44 6.16
37 45 9.35
37 46 6.68
37 47 4.14
37 48 6.84
37 49 3.70
37 50 1.88
37 51 1.57
37 52 1.23
37 53 2.37
37 54 3.35
37 55 8.95
37 56 2.52
37 57 6.33
37 58 2.80
37 59 5.85
37 60 6.50
37 61 0.92
37 62 4.52
37 63 4.20
37 64 0.28
37 65 8.54
37 66 1.56
37 67 7.92
37 68 8.35
37 69 2.36
37 70 0.28
37 71 7.94
37 72 1.23
37 73 5.24
37 74 6.56
37 75 6.56
37 76 1.13
37 77 9.32
37 78 4.79
37 79 1.70
37 80 2.73
37 81 9.36
37 82 3.60
37 83 7.61
37 84 9.99
37 85 2.04
37 86 9.71
37 87 5.15
37 88 4.93
37 89 2.94
37 90 2.16
37 91 9.37
37 92 7.82
37 93 6.33
37 94 3.47
37 95 7.79
37 96 8.53
37 97 9.51
37 98 6.86
37 99 6.11
38 39 2.58
38 40 2.57
38 41 1.15
38 42 9.60
38 43 1.35
38 44 6.93
38 45 0.09
38 46 5.75
38 47 4.33
38 48 1.40
38 49 9.92
38 50 8.94
38 51 7.85
38 52 5.31
38 53 8.49
38 54 9.61
38 55 2.37
38 56 1.70
38 57 3.23
38 58 1.02
38 59 4.14
38 60 9.15
38 61 4.60
38 62 6.25
38 63 4.75
38 64 7.67
38 65 4.15
38 66 2.89
38 67 2.10
38 68 0.25
38 69 6.40
38 70 2.77
38 71 9.03
38 72 0.75
38 73 9.42
38 74 3.29
38 75 3.11
38 76 5.23
38 77 0.07
38 78 0.87
38 79 7.17
38 80 0.44
38 81 9.42
38 82 6.38
38 83 3.64
38 84 4.76
38 85 5.30
38 86 0.57
38 87 8.00
38 88 7.06
38 89 2.19
38 90 6.40
38 91 4.79
38 92 0.89
38 93 9.42
38 94 7.95
38 95 5.12
38 96 7.83
38 97 2.12
38 98 3.18
38 99 1.88
39 40 2.66
39 41 2.82
39 42 3.36
39 43 0.05
39 44 7.47
39 45 9.12
39 46 4.97
39 47 9.43
39 48 3.82
39 49 4.71
39 50 9.62
39 51 0.11
39 52 4.38
39 53 3.61
39 54 9.04
39 55 6.04
39 56 4.92
39 57 4.27
39 58 9.46
39 59 0.68
39 60 8.46
39 61 8.74
39 62 0.78
39 63 6.52
39 64 3.91
39 65 5.86
39 66 1.41
39 67 6.56
39 68 4.96
39 69 2.36
39 70 2.18
39 71 4.48
39 72 1.49
39 73 0.29
39 74 9.43
39 75 7.00
39 76 0.95
39 77 7.90
39 78 9.37
39 79 5.89
39 80 0.08
39 81 2.16
39 82 3.42
39 83 0.80
39 84 5.12
39 85 1.96
39 86 8.18
39 87 8.22
39 88 3.51
39 89 1.98
39 90 2.62
39 91 8.99
39 92 6.23
39 93 1.78
39 94 0.87
39 95 2.33
39 96 2.35
39 97 3.96
39 98 9.62
39 99 9.29
40 41 0.14
40 42 4.15
40 43 0.43
40 44 6.48
40 45 1.67
40 46 9.41
40 47 5.34
40 48 1.03
40 49 4.36
40 50 3.34
40 51 6.63
40 52 4.82
40 53 6.83
40 54 3.95
40 55 7.03
40 56 0.22
40 57 5.06
40 58 2.79
40 59 5.91
40 60 2.98
40 61 5.59
40 62 6.08
40 63 8.38
40 64 9.41
40 65 2.58
40 66 9.91
40 67 6.60
40 68 0.95
40 69 5.58
40 70 8.60
40 71 4.52
40 72 4.70
40 73 8.51
40 74 0.65
40 75 7.68
40 76 7.12
40 77 3.74
40 78 8.52
40 79 3.38
40 80 1.12
40 81 0.75
40 82 8.17
40 83 0.87
40 84 5.67
40 85 8.08
40 86 9.13
40 87 7.86
40 88 6.44
40 89 8.52
40 90 4.61
40 91 6.88
40 92 8.27
40 93 8.28
40 94 6.11
40 95 1.30
40 96 0.01
40 97 0.69
40 98 6.73
40 99 9.96
41 42 7.83
41 43 9.43
41 44 7.29
41 45 1.35
41 46 9.86
41 47 2.79
41 48 9.88
41 49 2.05
41 50 7.77
41 51 4.02
41 52 7.59
41 53 8.63
41 54 1.97
41 55 6.25
41 56 6.47
41 57 4.69
41 58 2.80
41 59 0.44
41 60 9.01
41 61 6.34
41 62 7.98
41 63 5.06
41 64 9.88
41 65 7.87
41 66 0.99
41 67 4.68
41 68 1.37
41 69 6.07
41 70 4.54
41 71 7.08
41 72 9.56
41 73 4.17
41 74 3.86
41 75 4.34
41 76 9.10
41 77 1.38
41 78 7.24
41 79 6.89
41 80 3.56
41 81 8.06
41 82 9.34
41 83 3.97
41 84 2.03
41 85 9.10
41 86 0.06
41 87 9.21
41 88 7.92
41 89 4.85
41 90 3.48
41 91 3.17
41 92 1.07
41 93 3.76
41 94 3.63
41 95 3.30
41 96 9.10
41 97 8.86
41 98 1.10
41 99 6.86
42 43 5.74
42 44 7.37
42 45 9.53
42 46 0.18
42 47 7.14
42 48 4.07
42 49 5.27
42 50 9.49
42 51 9.68
42 52 7.34
42 53 9.21
42 54 5.38
42 55 1.28
42 56 7.47
42 57 4.64
42 58 3.91
42 59 9.88
42 60 9.44
42 61 8.06
42 62 5.85
42 63 1.99
42 64 7.78
42 65 7.26
42 66 1.37
42 67 5.08
42 68 4.33
42 69 9.11
42 70 0.49
42 71 6.40
42 72 9.44
42 73 3.82
42 74 8.20
42 75 1.85
42 76 1.01
42 77 7.27
42 78 8.92
42 79 6.44
42 80 1.47
42 81 8.88
42 82 9.52
42 83 0.34
42 84 0.64
42 85 4.47
42 86 5.40
42 87 2.82
42 88 5.44
42 89 8.81
42 90 5.25
42 91 8.25
42 92 2.25
42 93 9.86
42 94 0.45
42 95 7.99
42 96 0.64
42 97 9.97
42 98 3.30
42 99 2.28
43 44 2.93
43 45 8.35
43 46 3.35
43 47 6.17
43 48 5.15
43 49 0.77
43 50 0.55
43 51 0.18
43 52 8.97
43 53 4.99
43 54 3.99
43 55 4.61
43 56 0.55
43 57 7.53
43 58 1.72
43 59 4.32
43 60 3.36
43 61 4.39
43 62 0.76
43 63 4.92
43 64 7.61
43 65 6.84
43 66 4.76
43 67 7.25
43 68 7.84
43 69 3.48
43 70 0.13
43 71 6.30
43 72 4.07
43 73 5.45
43 74 1.34
43 75 0.06
43 76 7.57
43 77 1.13
43 78 8.87
43 79 1.03
43 80 0.60
43 81 4.69
43 82 1.95
43 83 9.62
43 84 5.07
43 85 4.27
43 86 7.60
43 87 0.05
43 88 0.41
43 89 3.80
43 90 3.13
43 91 5.49
43 92 9.65
43 93 3.50
43 94 6.43
43 95 9.70
43 96 2.52
43 97 9.23
43 98 4.29
43 99 2.34
44 45 7.60
44 46 0.49
44 47 0.55
44 48 0.72
44 49 9.95
44 50 1.16
44 51 1.57
44 52 8.40
44 53 1.68
44 54 0.85
44 55 2.04
44 56 5.09
44 57 7.76
44 58 6.57
44 59 6.59
44 60 4.02
44 61 1.93
44 62 4.42
44 63 8.03
44 64 3.07
44 65 2.14
44 66 9.62
44 67 4.42
44 68 2.67
44 69 5.00
44 70 3.59
44 71 4.59
44 72 5.42
44 73 7.49
44 74 5.95
44 75 1.58
44 76 4.86
44 77 6.06
44 78 3.62
44 79 2.62
44 80 5.42
44 81 1.84
44 82 1.96
44 83 7.85
44 84 1.37
44 85 8.34
44 86 6.97
44 87 3.14
44 88 5.48
44 89 7.97
44 90 6.20
44 91 8.39
44 92 8.02
44 93 5.85
44 94 6.24
44 95 2.23
44 96 6.87
44 97 2.14
44 98 7.99
44 99 5.53
45 46 7.95
45 47 0.73
45 48 1.84
45 49 3.22
45 50 2.59
45 51 2.64
45 52 2.21
45 53 0.07
45 54 0.30
45 55 2.58
45 56 5.54
45 57 5.02
45 58 3.13
45 59 4.45
45 60 0.45
45 61 1.33
45 62 3.00
45 63 2.75
45 64 0.54
45 65 2.53
45 66 2.93
45 67 7.92
45 68 4.59
45 69 3.49
45 70 3.35
45 71 5.38
45 72 4.12
45 73 0.92
45 74 6.44
45 75 8.63
45 76 5.86
45 77 5.22
45 78 4.68
45 79 0.80
45 80 7.04
45 81 0.08
45 82 0.48
45 83 7.97
45 84 9.53
45 85 0.65
45 86 0.98
45 87 0.44
45 88 2.54
45 89 3.61
45 90 1.01
45 91 6.84
45 92 7.37
45 93 4.80
45 94 3.61
45 95 4.65
45 96 7.38
45 97 8.68
45 98 3.14
45 99 0.60
46 47 9.18
46 48 2.53
46 49 5.14
46 50 4.34
46 51 9.50
46 52 4.20
46 53 2.06
46 54 6.20
46 55 7.33
46 56 6.61
46 57 1.35
46 58 3.56
46 59 9.18
46 60 6.62
46 61 6.74
46 62 9.97
46 63 2.70
46 64 1.46
46 65 8.45
46 66 7.00
46 67 3.58
46 68 3.10
46 69 4.38
46 70 6.82
46 71 5.82
46 72 2.91
46 73 8.81
46 74 5.49
46 75 5.53
46 76 5.95
46 77 4.74
46 78 3.80
46 79 7.65
46 80 4.38
46 81 1.69
46 82 0.58
46 83 5.88
46 84 9.73
46 85 5.49
46 86 0.77
46 87 6.55
46 88 5.30
46 89 4.82
46 90 7.80
46 91 6.79
46 92 0.00
46 93 8.17
46 94 1.51
46 95 1.57
46 96 9.87
46 97 2.66
46 98 8.43
46 99 0.60
47 48 3.19
47 49 4.17
47 50 1.16
47 51 1.77
47 52 6.98
47 53 7.92
47 54 2.73
47 55 3.60
47 56 9.79
47 57 8.55
47 58 3.17
47 59 8.67
47 60 0.63
47 61 7.55
47 62 4.45
47 63 1.33
47 64 8.15
47 65 8.62
47 66 5.70
47 67 4.68
47 68 1.44
47 69 4.76
47 70 3.91
47 71 1.78
47 72 7.42
47 73 7.22
47 74 8.47
47 75 9.79
47 76 9.88
47 77 2.51
47 78 1.37
47 79 5.09
47 80 5.20
47 81 5.83
47 82 4.23
47 83 4.26
47 84 1.14
47 85 7.81
47 86 2.51
47 87 1.08
47 88 8.83
47 89 1.99
47 90 9.54
47 91 7.62
47 92 4.02
47 93 0.42
47 94 7.33
47 95 9.03
47 96 7.85
47 97 1.65
47 98 7.42
47 99 8.96
48 49 4.36
48 50 5.36
48 51 8.13
48 52 6.70
48 53 2.50
48 54 7.10
48 55 4.00
48 56 2.93
48 57 8.47
48 58 7.63
48 59 4.64
48 60 2.32
48 61 0.68
48 62 9.23
48 63 3.86
48 64 7.63
48 65 5.84
48 66 6.29
48 67 6.25
48 68 3.08
48 69 1.73
48 70 4.24
48 71 1.92
48 72 2.92
48 73 7.28
48 74 1.74
48 75 5.85
48 76 8.88
48 77 7.74
48 78 9.45
48 79 9.58
48 80 8.34
48 81 1.99
48 82 1.06
48 83 9.92
48 84 6.67
48 85 5.26
48 86 3.04
48 87 1.17
48 88 4.12
48 89 2.99
48 90 7.96
48 91 3.29
48 92 2.89
48 93 2.04
48 94 7.67
48 95 5.90
48 96 2.68
48 97 3.12
48 98 3.12
48 99 1.20
49 50 8.09
49 51 9.67
49 52 0.37
49 53 2.04
49 54 6.71
49 55 5.43
49 56 4.14
49 57 6.60
49 58 8.88
49 59 0.50
49 60 9.36
49 61 8.25
49 62 4.61
49 63 5.94
49 64 3.68
49 65 6.41
49 66 3.54
49 67 0.52
49 68 3.43
49 69 8.32
49 70 1.94
49 71 4.93
49 72 2.65
49 73 9.40
49 74 2.48
49 75 0.47
49 76 7.19
49 77 4.26
49 78 1.37
49 79 8.68
49 80 5.15
49 81 1.27
49 82 0.76
49 83 2.73
49 84 5.94
49 85 2.75
49 86 9.72
49 87 6.94
49 88 3.22
49 89 3.11
49 90 9.34
49 91 8.42
49 92 4.91
49 93 7.07
49 94 0.31
49 95 1.75
49 96 9.86
49 97 0.92
49 98 6.10
49 99 2.93
50 51 5.71
50 52 5.38
50 53 1.41
50 54 1.59
50 55 6.54
50 56 9.65
50 57 3.41
50 58 5.31
50 59 8.24
50 60 0.04
50 61 5.38
50 62 4.12
50 63 3.41
50 64 7.98
50 65 0.58
50 66 1.94
50 67 7.92
50 68 2.93
50 69 4.40
50 70 9.96
50 71 6.76
50 72 0.42
50 73 0.83
50 74 4.72
50 75 2.05
50 76 0.06
50 77 1.98
50 78 2.54
50 79 7.93
50 80 3.45
50 81 6.39
50 82 2.54
50 83 9.66
50 84 4.24
50 85 5.78
50 86 8.91
50 87 8.66
50 88 3.57
50 89 7.95
50 90 7.24
50 91 1.29
50 92 5.28
50 93 5.32
50 94 7.76
50 95 1.58
50 96 5.94
50 97 3.37
50 98 3.32
50 99 5.36
51 52 0.58
51 53 6.93
51 54 4.88
51 55 9.08
51 56 4.46
51 57 1.02
51 58 2.92
51 59 4.66
51 60 5.84
51 61 0.02
51 62 2.52
51 63 8.86
51 64 4.94
51 65 3.62
51 66 2.94
51 67 8.45
51 68 1.42
51 69 4.82
51 70 8.10
51 71 9.02
51 72 2.49
51 73 2.76
51 74 6.61
51 75 5.39
51 76 8.01
51 77 7.99
51 78 8.02
51 79 8.77
51 80 0.34
51 81 4.16
51 82 2.04
51 83 1.67
51 84 8.02
51 85 6.73
51 86 2.48
51 87 0.48
51 88 0.54
51 89 0.86
51 90 9.08
51 91 2.86
51 92 2.51
51 93 0.48
51 94 2.62
51 95 6.08
51 96 1.57
51 97 4.53
51 98 9.10
51 99 4.55
52 53 4.58
52 54 3.40
52 55 6.06
52 56 2.47
52 57 6.12
52 58 2.66
52 59 6.45
52 60 7.61
52 61 7.83
52 62 0.36
52 63 5.75
52 64 1.65
52 65 2.91
52 66 0.35
52 67 1.09
52 68 4.67
52 69 7.36
52 70 9.78
52 71 1.04
52 72 1.77
52 73 0.92
52 74 9.65
52 75 1.78
52 76 2.71
52 77 2.58
52 78 0.06
52 79 1.48
52 80 6.43
52 81 4.37
52 82 7.05
52 83 3.09
52 84 4.21
52 85 3.20
52 86 9.31
52 87 4.83
52 88 2.07
52 89 4.76
52 90 9.13
52 91 0.92
52 92 5.14
52 93 3.24
52 94 6.53
52 95 8.96
52 96 8.30
52 97 8.00
52 98 0.80
52 99 6.28
53 54 1.45
53 55 8.78
53 56 5.58
53 57 9.70
53 58 9.49
53 59 3.46
53 60 7.42
53 61 9.88
53 62 0.71
53 63 6.51
53 64 2.41
53 65 3.26
53 66 7.95
53 67 4.08
53 68 6.87
53 69 6.76
53 70 7.24
53 71 5.37
53 72 3.38
53 73 6.84
53 74 3.78
53 75 9.95
53 76 9.81
53 77 5.81
53 78 9.89
53 79 2.35
53 80 8.64
53 81 0.37
53 82 3.78
53 83 5.12
53 84 5.14
53 85 2.05
53 86 5.16
53 87 3.09
53 88 5.52
53 89 8.53
53 90 0.47
53 91 0.86
53 92 3.54
53 93 0.12
53 94 6.60
53 95 6.02
53 96 1.53
53 97 5.47
53 98 2.41
53 99 7.18
54 55 9.75
54 56 5.70
54 57 3.32
54 58 8.87
54 59 7.16
54 60 8.96
54 61 0.38
54 62 2.30
54 63 8.24
54 64 4.86
54 65 9.10
54 66 1.56
54 67 1.73
54 68 4.96
54 69 3.57
54 70 6.41
54 71 0.73
54 72 9.39
54 73 2.15
54 74 5.28
54 75 1.47
54 76 1.49
54 77 7.06
54 78 2.19
54 79 5.38
54 80 8.23
54 81 7.82
54 82 6.34
54 83 6.62
54 84 9.29
54 85 8.48
54 86 7.79
54 87 3.20
54 88 5.33
54 89 6.61
54 90 5.54
54 91 1.87
54 92 3.55
54 93 7.39
54 94 1.88
54 95 3.18
54 96 0.44
54 97 1.09
54 98 8.43
54 99 3.03
55 56 0.60
55 57 4.84
55 58 5.72
55 59 7.27
55 60 2.65
55 61 8.45
55 62 5.83
55 63 1.30
55 64 6.73
55 65 3.41
55 66 0.09
55 67 8.81
55 68 7.33
55 69 4.43
55 70 3.74
55 71 4.49
55 72 3.12
55 73 2.98
55 74 3.09
55 75 8.70
55 76 3.84
55 77 9.65
55 78 8.11
55 79 3.96
55 80 4.12
55 81 0.42
55 82 3.08
55 83 6.60
55 84 6.81
55 85 8.78
55 86 3.32
55 87 3.66
55 88 3.48
55 89 9.45
55 90 5.35
55 91 7.90
55 92 8.76
55 93 3.15
55 94 0.48
55 95 8.93
55 96 9.13
55 97 8.05
55 98 2.66
55 99 2.12
56 57 5.91
56 58 1.84
56 59 3.78
56 60 6.66
56 61 5.75
56 62 9.03
56 63 3.60
56 64 9.65
56 65 4.39
56 66 0.59
56 67 4.02
56 68 6.41
56 69 8.51
56 70 8.45
56 71 3.67
56 72 7.63
56 73 0.67
56 74 3.41
56 75 6.55
56 76 1.95
56 77 1.54
56 78 3.04
56 79 6.06
56 80 1.96
56 81 1.67
56 82 4.38
56 83 1.69
56 84 6.75
56 85 0.56
56 86 8.56
56 87 7.68
56 88 8.78
56 89 2.51
56 90 5.31
56 91 3.80
56 92 1.01
56 93 0.20
56 94 1.45
56 95 4.37
56 96 1.26
56 97 7.46
56 98 4.02
56 99 0.80
57 58 0.23
57 59 6.11
57 60 4.62
57 61 8.47
57 62 9.42
57 63 5.06
57 64 1.17
57 65 5.93
57 66 5.04
57 67 3.43
57 68 1.19
57 69 4.84
57 70 8.14
57 71 2.90
57 72 1.29
57 73 8.05
57 74 5.21
57 75 4.17
57 76 3.77
57 77 9.80
57 78 8.47
57 79 3.94
57 80 4.12
57 81 8.09
57 82 0.88
57 83 3.24
57 84 7.51
57 85 4.98
57 86 7.79
57 87 4.85
57 88 2.28
57 89 9.43
57 90 8.80
57 91 3.93
57 92 0.61
57 93 9.22
57 94 4.63
57 95 3.69
57 96 6.31
57 97 4.77
57 98 5.10
57 99 2.18
58 59 4.98
58 60 3.99
58 61 0.75
58 62 9.87
58 63 4.49
58 64 4.95
58 65 8.28
58 66 9.83
58 67 0.69
58 68 0.29
58 69 8.35
58 70 1.90
58 71 0.51
58 72 9.22
58 73 6.46
58 74 3.63
58 75 4.32
58 76 3.83
58 77 5.81
58 78 6.67
58 79 4.36
58 80 5.06
58 81 9.84
58 82 8.08
58 83 4.18
58 84 9.04
58 85 2.47
58 86 1.52
58 87 4.94
58 88 7.49
58 89 9.34
58 90 7.49
58 91 9.72
58 92 9.13
58 93 4.55
58 94 0.15
58 95 8.66
58 96 8.62
58 97 7.49
58 98 2.67
58 99 0.53
59 60 3.04
59 61 1.59
59 62 7.01
59 63 9.30
59 64 1.38
59 65 7.38
59 66 3.09
59 67 6.06
59 68 3.57
59 69 6.07
59 70 8.41
59 71 1.00
59 72 7.06
59 73 6.23
59 74 2.73
59 75 9.61
59 76 7.64
59 77 1.90
59 78 6.39
59 79 7.72
59 80 8.23
59 81 5.45
59 82 2.20
59 83 2.20
59 84 7.76
59 85 5.80
59 86 4.72
59 87 3.46
59 88 4.05
59 89 0.77
59 90 2.82
59 91 8.57
59 92 1.17
59 93 0.15
59 94 9.09
59 95 4.63
59 96 8.52
59 97 9.85
59 98 6.38
59 99 7.35
60 61 7.53
60 62 0.02
60 63 0.24
60 64 4.97
60 65 6.65
60 66 0.66
60 67 7.43
60 68 8.86
60 69 4.32
60 70 1.79
60 71 1.14
60 72 1.72
60 73 9.76
60 74 1.50
60 75 6.18
60 76 9.78
60 77 0.21
60 78 9.89
60 79 1.89
60 80 9.23
60 81 1.48
60 82 4.06
60 83 9.46
60 84 5.40
60 85 3.12
60 86 8.24
60 87 1.67
60 88 0.94
60 89 5.84
60 90 8.19
60 91 4.02
60 92 2.08
60 93 6.42
60 94 8.57
60 95 7.52
60 96 3.38
60 97 1.98
60 98 9.60
60 99 7.77
61 62 2.78
61 63 7.77
61 64 6.71
61 65 1.99
61 66 3.51
61 67 4.70
61 68 2.53
61 69 0.46
61 70 3.92
61 71 8.94
61 72 7.53
61 73 6.58
61 74 4.70
61 75 5.25
61 76 2.65
61 77 7.94
61 78 3.09
61 79 8.24
61 80 9.23
61 81 6.90
61 82 5.70
61 83 4.87
61 84 4.58
61 85 4.54
61 86 8.63
61 87 4.98
61 88 3.72
61 89 5.56
61 90 2.80
61 91 9.97
61 92 7.84
61 93 0.47
61 94 1.66
61 95 8.99
61 96 7.69
61 97 6.54
61 98 7.46
61 99 4.86
62 63 7.41
62 64 8.18
62 65 8.93
62 66 2.76
62 67 5.62
62 68 1.40
62 69 1.84
62 70 9.03
62 71 4.00
62 72 3.27
62 73 2.31
62 74 6.37
62 75 0.69
62 76 9.79
62 77 2.57
62 78 7.70
62 79 4.26
62 80 9.64
62 81 6.86
62 82 6.53
62 83 9.99
62 84 9.88
62 85 1.83
62 86 5.09
62 87 6.47
62 88 9.93
62 89 4.76
62 90 2.05
62 91 2.79
62 92 1.00
62 93 6.46
62 94 1.55
62 95 8.21
62 96 4.15
62 97 7.41
62 98 7.41
62 99 2.26
63 64 2.68
63 65 9.50
63 66 3.46
63 67 7.02
63 68 8.94
63 69 0.25
63 70 5.63
63 71 4.88
63 72 4.26
63 73 2.14
63 74 4.05
63 75 7.15
63 76 3.10
63 77 8.23
63 78 8.61
63 79 0.59
63 80 2.13
63 81 9.10
63 82 7.15
63 83 5.71
63 84 8.48
63 85 0.56
63 86 0.23
63 87 2.76
63 88 6.73
63 89 6.52
63 90 8.46
63 91 1.48
63 92 5.69
63 93 7.33
63 94 7.59
63 95 8.01
63 96 0.30
63 97 7.82
63 98 3.79
63 99 3.95
64 65 2.97
64 66 8.08
64 67 6.46
64 68 9.90
64 69 1.50
64 70 9.17
64 71 9.73
64 72 3.96
64 73 6.78
64 74 1.55
64 75 0.44
64 76 7.32
64 77 6.20
64 78 5.32
64 79 7.87
64 80 6.43
64 81 5.06
64 82 0.09
64 83 8.94
64 84 8.06
64 85 4.81
64 86 1.82
64 87 4.58
64 88 0.49
64 89 6.86
64 90 7.55
64 91 6.29
64 92 7.45
64 93 6.21
64 94 6.75
64 95 9.18
64 96 1.06
64 97 8.66
64 98 8.67
64 99 5.81
65 66 1.99
65 67 2.51
65 68 0.20
65 69 4.41
65 70 8.57
65 71 6.97
65 72 5.24
65 73 7.79
65 74 7.38
65 75 1.92
65 76 4.78
65 77 9.31
65 78 6.75
65 79 6.78
65 80 0.97
65 81 2.80
65 82 8.32
65 83 7.46
65 84 0.20
65 85 6.20
65 86 0.12
65 87 5.29
65 88 5.22
65 89 0.09
65 90 7.84
65 91 3.28
65 92 5.18
65 93 9.25
65 94 5.70
65 95 3.55
65 96 9.79
65 97 7.83
65 98 7.98
65 99 9.04
66 67 0.27
66 68 9.54
66 69 7.25
66 70 5.49
66 71 6.70
66 72 4.34
66 73 5.81
66 74 2.52
66 75 3.22
66 76 1.34
66 77 9.50
66 78 5.97
66 79 9.22
66 80 6.71
66 81 9.38
66 82 7.14
66 83 3.59
66 84 8.00
66 85 4.44
66 86 0.12
66 87 7.27
66 88 5.52
66 89 5.45
66 90 3.98
66 91 5.65
66 92 6.88
66 93 8.80
66 94 2.24
66 95 2.66
66 96 4.71
66 97 4.30
66 98 7.35
66 99 4.92
67 68 3.85
67 69 3.82
67 70 9.99
67 71 8.24
67 72 2.10
67 73 0.89
67 74 7.50
67 75 3.69
67 76 6.65
67 77 6.59
67 78 9.26
67 79 8.69
67 80 8.56
67 81 2.16
67 82 5.85
67 83 2.18
67 84 0.27
67 85 2.46
67 86 3.14
67 87 4.13
67 88 7.50
67 89 5.61
67 90 5.34
67 91 8.12
67 92 8.53
67 93 9.01
67 94 3.96
67 95 3.48
67 96 4.20
67 97 6.64
67 98 2.75
67 99 1.75
68 69 7.93
68 70 4.37
68 71 5.14
68 72 5.99
68 73 2.93
68 74 3.88
68 75 2.62
68 76 8.84
68 77 0.99
68 78 4.97
68 79 2.48
68 80 9.67
68 81 6.19
68 82 6.93
68 83 6.32
68 84 8.64
68 85 3.80
68 86 7.38
68 87 8.17
68 88 2.83
68 89 8.76
68 90 6.43
68 91 2.89
68 92 8.42
68 93 9.97
68 94 5.13
68 95 8.19
68 96 9.96
68 97 8.66
68 98 1.50
68 99 5.66
69 70 6.40
69 71 7.20
69 72 1.87
69 73 1.31
69 74 8.50
69 75 5.29
69 76 4.95
69 77 6.20
69 78 2.78
69 79 1.04
69 80 8.37
69 81 3.24
69 82 0.21
69 83 5.51
69 84 7.90
69 85 8.53
69 86 9.32
69 87 4.70
69 88 7.26
69 89 7.47
69 90 3.77
69 91 7.08
69 92 0.50
69 93 4.67
69 94 5.18
69 95 1.95
69 96 0.36
69 97 4.78
69 98 4.67
69 99 4.90
70 71 1.22
70 72 8.14
70 73 8.72
70 74 7.31
70 75 0.08
70 76 2.36
70 77 8.89
70 78 9.14
70 79 3.70
70 80 8.10
70 81 9.11
70 82 3.48
70 83 5.78
70 84 2.61
70 85 0.31
70 86 7.87
70 87 1.86
70 88 9.90
70 89 4.39
70 90 7.69
70 91 9.43
70 92 5.92
70 93 2.60
70 94 5.87
70 95 7.60
70 96 7.57
70 97 2.25
70 98 3.24
70 99 5.96
71 72 5.18
71 73 7.45
71 74 0.34
71 75 4.08
71 76 6.48
71 77 2.58
71 78 8.81
71 79 9.44
71 80 4.92
71 81 4.36
71 82 5.05
71 83 9.80
71 84 9.92
71 85 1.24
71 86 6.80
71 87 9.93
71 88 1.36
71 89 6.32
71 90 5.06
71 91 9.27
71 92 3.62
71 93 5.10
71 94 4.94
71 95 4.17
71 96 4.91
71 97 1.97
71 98 5.42
71 99 6.65
72 73 7.19
72 74 4.98
72 75 8.41
72 76 2.15
72 77 6.23
72 78 3.15
72 79 1.21
72 80 4.41
72 81 2.28
72 82 9.17
72 83 7.06
72 84 9.36
72 85 7.06
72 86 8.83
72 87 9.84
72 88 5.41
72 89 9.70
72 90 0.20
72 91 9.47
72 92 8.78
72 93 4.70
72 94 4.01
72 95 0.17
72 96 2.33
72 97 6.47
72 98 9.36
72 99 1.40
73 74 1.27
73 75 0.67
73 76 6.95
73 77 1.53
73 78 4.83
73 79 7.87
73 80 7.85
73 81 4.50
73 82 0.79
73 83 8.59
73 84 5.57
73 85 2.01
73 86 3.63
73 87 4.89
73 88 4.57
73 89 8.60
73 90 7.31
73 91 1.13
73 92 0.93
73 93 7.86
73 94 3.11
73 95 9.60
73 96 1.34
73 97 3.61
73 98 3.77
73 99 3.14
74 75 1.33
74 76 0.67
74 77 3.71
74 78 5.44
74 79 2.24
74 80 5.42
74 81 8.71
74 82 7.72
74 83 5.33
74 84 6.24
74 85 5.87
74 86 5.43
74 87 6.97
74 88 6.32
74 89 1.25
74 90 3.18
74 91 5.03
74 92 2.06
74 93 7.49
74 94 8.84
74 95 9.85
74 96 6.00
74 97 0.33
74 98 3.38
74 99 4.43
75 76 5.94
75 77 4.46
75 78 6.92
75 79 0.22
75 80 5.44
75 81 0.63
75 82 4.60
75 83 7.60
75 84 4.55
75 85 5.12
75 86 7.35
75 87 0.18
75 88 7.41
75 89 7.43
75 90 5.98
75 91 3.92
75 92 7.61
75 93 4.92
75 94 6.63
75 95 9.47
75 96 5.46
75 97 1.48
75 98 7.74
75 99 6.88
76 77 4.83
76 78 7.05
76 79 5.32
76 80 0.54
76 81 0.86
76 82 1.41
76 83 6.97
76 84 4.76
76 85 5.91
76 86 3.98
76 87 5.86
76 88 3.11
76 89 2.95
76 90 6.81
76 91 6.01
76 92 1.34
76 93 6.05
76 94 7.68
76 95 0.72
76 96 7.71
76 97 6.84
76 98 8.07
76 99 0.60
77 78 4.10
77 79 0.32
77 80 5.59
77 81 8.67
77 82 0.83
77 83 8.01
77 84 6.16
77 85 0.50
77 86 2.68
77 87 4.17
77 88 0.81
77 89 2.62
77 90 3.93
77 91 4.56
77 92 0.28
77 93 1.24
77 94 5.95
77 95 6.07
77 96 8.84
77 97 1.02
77 98 3.89
77 99 7.35
78 79 0.74
78 80 5.92
78 81 0.91
78 82 9.05
78 83 1.51
78 84 7.07
78 85 4.14
78 86 3.52
78 87 5.86
78 88 9.26
78 89 4.48
78 90 8.67
78 91 0.10
78 92 3.16
78 93 5.27
78 94 4.38
78 95 2.12
78 96 7.97
78 97 9.55
78 98 4.23
78 99 10.00
79 80 9.45
79 81 3.28
79 82 3.71
79 83 7.95
79 84 6.63
79 85 3.12
79 86 9.23
79 87 7.48
79 88 3.58
79 89 2.17
79 90 9.44
79 91 5.19
79 92 5.10
79 93 2.12
79 94 7.83
79 95 0.49
79 96 7.87
79 97 9.76
79 98 8.01
79 99 9.99
80 81 9.08
80 82 5.97
80 83 8.08
80 84 5.95
80 85 6.68
80 86 1.35
80 87 0.11
80 88 8.56
80 89 7.10
80 90 5.33
80 91 4.66
80 92 3.17
80 93 7.51
80 94 1.21
80 95 7.83
80 96 2.83
80 97 7.93
80 98 0.52
80 99 1.44
81 82 1.96
81 83 2.82
81 84 8.61
81 85 6.09
81 86 3.69
81 87 5.34
81 88 2.04
81 89 7.68
81 90 5.59
81 91 4.80
81 92 9.16
81 93 6.74
81 94 8.83
81 95 3.38
81 96 7.97
81 97 1.19
81 98 7.25
81 99 2.22
82 83 8.94
82 84 2.39
82 85 0.97
82 86 0.61
82 87 7.40
82 88 8.05
82 89 9.37
82 90 2.80
82 91 6.81
82 92 0.19
82 93 2.36
82 94 1.43
82 95 6.18
82 96 6.58
82 97 4.17
82 98 6.37
82 99 9.18
83 84 8.70
83 85 9.51
83 86 8.52
83 87 5.51
83 88 9.21
83 89 5.18
83 90 3.90
83 91 9.91
83 92 3.97
83 93 8.99
83 94 8.47
83 95 2.90
83 96 3.35
83 97 1.63
83 98 7.73
83 99 2.20
84 85 2.26
84 86 7.33
84 87 8.04
84 88 3.02
84 89 1.82
84 90 9.96
84 91 8.25
84 92 6.65
84 93 1.89
84 94 6.42
84 95 1.94
84 96 8.83
84 97 4.86
84 98 6.04
84 99 9.51
85 86 8.53
85 87 5.55
85 88 5.17
85 89 1.52
85 90 8.44
85 91 1.84
85 92 4.93
85 93 2.75
85 94 9.34
85 95 9.24
85 96 3.61
85 97 1.96
85 98 1.07
85 99 2.94
86 87 9.51
86 88 2.76
86 89 6.54
86 90 8.97
86 91 8.85
86 92 7.25
86 93 3.19
86 94 6.97
86 95 2.44
86 96 4.67
86 97 4.05
86 98 9.52
86 99 9.35
87 88 2.17
87 89 1.72
87 90 1.67
87 91 5.19
87 92 7.10
87 93 3.99
87 94 2.49
87 95 7.98
87 96 8.07
87 97 8.65
87 98 8.77
87 99 6.01
88 89 2.26
88 90 9.08
88 91 1.71
88 92 9.22
88 93 1.50
88 94 6.57
88 95 7.43
88 96 1.58
88 97 9.78
88 98 6.78
88 99 1.03
89 90 2.89
89 91 4.75
89 92 1.84
89 93 7.31
89 94 4.32
89 95 9.57
89 96 1.67
89 97 6.73
89 98 9.06
89 99 2.88
90 91 2.08
90 92 2.64
90 93 5.79
90 94 5.16
90 95 2.29
90 96 1.39
90 97 4.14
90 98 5.31
90 99 3.27
91 92 7.79
91 93 6.06
91 94 3.35
91 95 3.30
91 96 7.53
91 97 6.27
91 98 0.48
91 99 8.01
92 93 8.12
92 94 3.04
92 95 9.52
92 96 3.22
92 97 2.53
92 98 5.82
92 99 8.90
93 94 6.32
93 95 9.15
93 96 7.25
93 97 3.09
93 98 3.86
93 99 3.98
94 95 1.95
94 96 9.95
94 97 4.37
94 98 9.78
94 99 1.49
95 96 3.28
95 97 7.85
95 98 1.03
95 99 5.54
96 97 4.74
96 98 0.57
96 99 2.12
97 98 2.47
97 99 2.47
98 99 3.36
