100 10
0 1 8.35
0 2 5.07
0 3 8.21
0 4 5.23
0 5 7.26
0 6 3.43
0 7 7.68
0 8 8.99
0 9 0.58
0 10 0.84
0 11 3.61
0 12 2.14
0 13 0.14
0 14 1.99
0 15 0.35
0 16 4.89
0 17 2.91
0 18 4.79
0 19 2.75
0 20 8.18
0 21 7.87
0 22 7.31
0 23 1.37
0 24 7.50
0 25 3.77
0 26 8.25
0 27 5.85
0 28 7.63
0 29 8.84
0 30 5.68
0 31 9.59
0 32 1.50
0 33 5.52
0 34 8.98
0 35 1.92
0 36 5.31
0 37 3.24
0 38 9.30
0 39 7.76
0 40 7.18
0 41 7.09
0 42 9.32
0 43 8.57
0 44 6.55
0 45 4.35
0 46 4.68
0 47 9.96
0 48 4.78
0 49 8.35
0 50 8.04
0 51 7.27
0 52 7.63
0 53 2.89
0 54 8.94
0 55 5.98
0 56 3.14
0 57 5.36
0 58 2.95
0 59 6.87
0 60 5.46
0 61 4.45
0 62 2.04
0 63 4.19
0 64 9.43
0 65 2.97
0 66 9.07
0 67 9.36
0 68 4.86
0 69 5.53
0 70 6.33
0 71 1.30
0 72 1.87
0 73 4.12
0 74 7.48
0 75 3.53
0 76 8.78
0 77 4.56
0 78 4.35
0 79 2.22
0 80 6.26
0 81 6.35
0 82 4.79
0 83 3.14
0 84 1.01
0 85 0.67
0 86 2.16
0 87 6.06
0 88 1.95
0 89 1.24
0 90 0.11
0 91 9.95
0 92 5.35
0 93 5.21
0 94 4.04
0 95 7.38
0 96 5.39
0 97 3.22
0 98 3.09
0 99 9.25
1 2 5.96
1 3 3.07
1 4 5.38
1 5 4.12
1 6 5.07
1 7 0.33
1 8 8.01
1 9 8.80
1 10 0.62
1 11 6.75
1 12 7.10
1 13 8.88
1 14 5.27
1 15 0.15
1 16 4.26
1 17 7.20
1 18 1.53
1 19 2.06
1 20 1.26
1 21 7.20
1 22 5.46
1 23 1.02
1 24 8.39
1 25 7.63
1 26 6.43
1 27 4.11
1 28 5.27
1 29 8.78
1 30 0.94
1 31 5.10
1 32 9.66
1 33 6.00
1 34 8.46
1 35 5.39
1 36 8.28
1 37 3.04
1 38 5.37
1 39 7.00
1 40 8.90
1 41 4.46
1 42 8.48
1 43 5.77
1 44 8.52
1 45 7.82
1 46 5.87
1 47 9.31
1 48 8.59
1 49 0.51
1 50 4.78
1 51 1.06
1 52 0.18
1 53 1.34
1 54 0.32
1 55 4.65
1 56 3.89
1 57 9.56
1 58 0.53
1 59 1.62
1 60 0.76
1 61 5.00
1 62 2.29
1 63 3.12
1 64 6.98
1 65 2.02
1 66 0.61
1 67 7.22
1 68 3.57
1 69 7.72
1 70 2.45
1 71 7.65
1 72 6.04
1 73 3.33
1 74 2.93
1 75 1.08
1 76 4.40
1 77 1.08
1 78 6.74
1 79 3.01
1 80 6.56
1 81 9.22
1 82 7.92
1 83 8.27
1 84 4.94
1 85 6.52
1 86 9.09
1 87 2.93
1 88 5.62
1 89 7.27
1 90 9.01
1 91 5.57
1 92 9.83
1 93 1.46
1 94 1.31
1 95 1.17
1 96 8.43
1 97 4.21
1 98 0.90
1 99 6.60
2 3 7.84
2 4 9.50
2 5 2.69
2 6 6.55
2 7 1.66
2 8 8.35
2 9 0.85
2 10 6.30
2 11 1.73
2 12 6.71
2 13 4.34
2 14 2.05
2 15 9.31
2 16 1.67
2 17 6.52
2 18 1.22
2 19 1.56
2 20 5.49
2 21 2.54
2 22 1.01
2 23 2.76
2 24 7.43
2 25 9.45
2 26 4.01
2 27 0.00
2 28 5.36
2 29 8.09
2 30 5.67
2 31 3.02
2 32 5.66
2 33 7.25
2 34 8.09
2 35 6.30
2 36 9.73
2 37 4.06
2 38 5.81
2 39 3.78
2 40 0.82
2 41 5.99
2 42 9.46
2 43 3.94
2 44 7.71
2 45 9.73
2 46 0.23
2 47 2.61
2 48 0.21
2 49 7.10
2 50 5.83
2 51 9.43
2 52 2.62
2 53 0.82
2 54 2.99
2 55 9.45
2 56 7.39
2 57 9.90
2 58 9.24
2 59 7.74
2 60 5.27
2 61 9.00
2 62 6.83
2 63 9.58
2 64 4.36
2 65 2.38
2 66 0.46
2 67 2.23
2 68 1.03
2 69 6.99
2 70 7.02
2 71 8.41
2 72 0.44
2 73 5.18
2 74 1.07
2 75 2.81
2 76 2.15
2 77 2.94
2 78 6.41
2 79 4.98
2 80 5.26
2 81 3.50
2 82 5.03
2 83 0.64
2 84 1.59
2 85 7.88
2 86 5.05
2 87 0.06
2 88 9.06
2 89 7.50
2 90 9.13
2 91 2.89
2 92 1.15
2 93 8.24
2 94 7.91
2 95 2.27
2 96 3.16
2 97 3.50
2 98 7.69
2 99 3.37
3 4 5.49
3 5 9.64
3 6 7.41
3 7 2.69
3 8 7.94
3 9 5.27
3 10 9.54
3 11 3.94
3 12 7.42
3 13 5.36
3 14 2.28
3 15 9.34
3 16 5.32
3 17 1.40
3 18 0.41
3 19 3.96
3 20 4.11
3 21 0.93
3 22 8.09
3 23 8.16
3 24 9.85
3 25 9.59
3 26 6.35
3 27 6.73
3 28 1.76
3 29 8.02
3 30 2.87
3 31 0.64
3 32 7.03
3 33 8.08
3 34 5.05
3 35 5.82
3 36 7.77
3 37 6.57
3 38 4.96
3 39 6.58
3 40 2.04
3 41 1.69
3 42 1.74
3 43 2.69
3 44 3.76
3 45 6.16
3 46 6.91
3 47 5.08
3 48 3.93
3 49 8.31
3 50 5.16
3 51 4.59
3 52 8.95
3 53 7.69
3 54 3.04
3 55 8.73
3 56 9.19
3 57 2.48
3 58 1.48
3 59 6.57
3 60 5.67
3 61 3.40
3 62 6.13
3 63 6.57
3 64 1.13
3 65 9.67
3 66 4.24
3 67 5.53
3 68 5.46
3 69 1.63
3 70 7.03
3 71 0.18
3 72 7.50
3 73 6.83
3 74 9.59
3 75 1.82
3 76 6.01
3 77 6.78
3 78 4.70
3 79 7.71
3 80 3.61
3 81 4.36
3 82 3.16
3 83 2.23
3 84 4.00
3 85 5.76
3 86 4.05
3 87 4.21
3 88 5.88
3 89 2.61
3 90 6.15
3 91 5.07
3 92 7.60
3 93 4.56
3 94 2.58
3 95 0.14
3 96 9.51
3 97 7.26
3 98 0.06
3 99 8.80
4 5 7.30
4 6 1.76
4 7 3.62
4 8 4.97
4 9 8.85
4 10 8.67
4 11 2.29
4 12 5.05
4 13 8.59
4 14 3.88
4 15 3.01
4 16 2.79
4 17 4.01
4 18 5.24
4 19 1.18
4 20 1.94
4 21 7.26
4 22 9.05
4 23 5.70
4 24 4.13
4 25 9.75
4 26 4.70
4 27 9.29
4 28 1.75
4 29 8.58
4 30 1.26
4 31 0.99
4 32 7.60
4 33 2.69
4 34 2.09
4 35 5.60
4 36 4.73
4 37 7.45
4 38 5.65
4 39 8.98
4 40 4.05
4 41 0.74
4 42 1.76
4 43 1.76
4 44 3.10
4 45 1.14
4 46 1.30
4 47 3.89
4 48 8.79
4 49 3.61
4 50 0.24
4 51 5.95
4 52 6.58
4 53 2.53
4 54 4.14
4 55 0.91
4 56 5.34
4 57 2.30
4 58 5.40
4 59 1.02
4 60 4.93
4 61 8.17
4 62 0.03
4 63 2.03
4 64 3.45
4 65 6.21
4 66 5.36
4 67 2.49
4 68 4.19
4 69 7.98
4 70 3.08
4 71 7.37
4 72 5.51
4 73 6.96
4 74 2.08
4 75 0.19
4 76 0.67
4 77 3.50
4 78 6.80
4 79 1.07
4 80 4.15
4 81 6.06
4 82 9.92
4 83 8.76
4 84 5.60
4 85 7.76
4 86 8.63
4 87 4.15
4 88 3.95
4 89 9.36
4 90 2.10
4 91 5.92
4 92 0.15
4 93 5.68
4 94 1.73
4 95 4.86
4 96 5.53
4 97 9.16
4 98 0.03
4 99 6.07
5 6 0.81
5 7 7.03
5 8 2.52
5 9 2.86
5 10 4.00
5 11 6.28
5 12 2.27
5 13 2.54
5 14 1.32
5 15 4.34
5 16 8.73
5 17 0.95
5 18 3.86
5 19 6.86
5 20 2.40
5 21 6.90
5 22 2.64
5 23 8.68
5 24 6.18
5 25 9.45
5 26 7.78
5 27 8.74
5 28 8.83
5 29 9.28
5 30 3.34
5 31 1.57
5 32 5.43
5 33 9.45
5 34 4.66
5 35 6.07
5 36 5.33
5 37 8.00
5 38 1.72
5 39 8.05
5 40 7.01
5 41 2.57
5 42 6.71
5 43 5.87
5 44 5.53
5 45 2.72
5 46 0.29
5 47 2.96
5 48 4.26
5 49 9.60
5 50 5.49
5 51 4.62
5 52 4.09
5 53 8.49
5 54 7.25
5 55 7.01
5 56 1.61
5 57 0.00
5 58 7.09
5 59 6.71
5 60 4.61
5 61 8.78
5 62 3.75
5 63 0.68
5 64 1.88
5 65 3.39
5 66 9.86
5 67 7.38
5 68 5.76
5 69 3.39
5 70 2.96
5 71 6.35
5 72 4.87
5 73 4.56
5 74 1.95
5 75 2.89
5 76 7.43
5 77 0.94
5 78 0.74
5 79 4.52
5 80 0.19
5 81 9.08
5 82 9.80
5 83 4.16
5 84 6.38
5 85 3.26
5 86 5.28
5 87 3.33
5 88 9.63
5 89 9.60
5 90 7.52
5 91 4.19
5 92 7.94
5 93 2.06
5 94 4.81
5 95 0.76
5 96 7.66
5 97 9.40
5 98 3.81
5 99 8.63
6 7 0.64
6 8 6.70
6 9 0.90
6 10 3.95
6 11 6.58
6 12 3.19
6 13 7.55
6 14 3.57
6 15 9.98
6 16 1.19
6 17 7.91
6 18 2.23
6 19 2.02
6 20 6.99
6 21 8.56
6 22 7.59
6 23 1.68
6 24 3.15
6 25 7.00
6 26 3.60
6 27 8.72
6 28 8.42
6 29 8.66
6 30 5.27
6 31 5.33
6 32 5.68
6 33 0.49
6 34 5.60
6 35 8.40
6 36 1.76
6 37 2.18
6 38 7.16
6 39 9.28
6 40 0.42
6 41 1.02
6 42 6.45
6 43 6.94
6 44 7.94
6 45 5.13
6 46 8.95
6 47 7.41
6 48 2.57
6 49 1.86
6 50 0.32
6 51 2.25
6 52 5.84
6 53 4.30
6 54 6.39
6 55 8.76
6 56 1.73
6 57 4.65
6 58 1.35
6 59 3.40
6 60 2.79
6 61 7.20
6 62 8.64
6 63 0.05
6 64 0.01
6 65 8.47
6 66 6.81
6 67 6.90
6 68 7.23
6 69 4.41
6 70 4.14
6 71 8.25
6 72 6.27
6 73 3.10
6 74 2.49
6 75 7.54
6 76 5.21
6 77 8.48
6 78 4.32
6 79 9.35
6 80 7.83
6 81 0.44
6 82 0.68
6 83 8.92
6 84 1.85
6 85 6.50
6 86 6.11
6 87 9.97
6 88 6.85
6 89 8.11
6 90 0.60
6 91 0.60
6 92 8.70
6 93 2.28
6 94 2.42
6 95 9.73
6 96 1.09
6 97 2.74
6 98 7.38
6 99 4.58
7 8 3.28
7 9 6.10
7 10 2.66
7 11 4.79
7 12 2.57
7 13 1.55
7 14 3.67
7 15 4.08
7 16 5.49
7 17 5.02
7 18 4.88
7 19 4.22
7 20 2.39
7 21 7.08
7 22 0.63
7 23 9.24
7 24 3.99
7 25 5.15
7 26 2.80
7 27 8.87
7 28 5.53
7 29 0.63
7 30 4.39
7 31 5.49
7 32 7.15
7 33 5.26
7 34 4.83
7 35 9.74
7 36 3.75
7 37 7.98
7 38 2.98
7 39 0.07
7 40 1.37
7 41 8.31
7 42 9.07
7 43 7.01
7 44 1.47
7 45 8.33
7 46 3.56
7 47 8.12
7 48 0.00
7 49 2.87
7 50 8.10
7 51 1.73
7 52 0.08
7 53 0.16
7 54 9.08
7 55 5.70
7 56 2.74
7 57 3.28
7 58 0.58
7 59 4.39
7 60 9.05
7 61 8.42
7 62 0.42
7 63 2.72
7 64 1.58
7 65 9.62
7 66 8.31
7 67 5.08
7 68 7.45
7 69 2.39
7 70 8.87
7 71 2.03
7 72 5.51
7 73 2.80
7 74 9.26
7 75 3.52
7 76 0.24
7 77 4.89
7 78 2.33
7 79 0.68
7 80 7.09
7 81 8.49
7 82 8.34
7 83 6.98
7 84 9.70
7 85 8.07
7 86 9.09
7 87 6.05
7 88 3.91
7 89 4.55
7 90 7.16
7 91 5.51
7 92 6.54
7 93 2.71
7 94 4.58
7 95 5.97
7 96 0.09
7 97 1.38
7 98 5.80
7 99 8.54
8 9 2.91
8 10 7.15
8 11 0.47
8 12 5.34
8 13 3.44
8 14 3.78
8 15 1.96
8 16 9.29
8 17 5.11
8 18 9.29
8 19 6.31
8 20 9.24
8 21 9.26
8 22 6.37
8 23 7.88
8 24 2.70
8 25 2.63
8 26 2.29
8 27 5.90
8 28 3.54
8 29 6.14
8 30 9.34
8 31 4.72
8 32 6.05
8 33 7.60
8 34 8.30
8 35 1.73
8 36 6.81
8 37 3.98
8 38 3.91
8 39 9.53
8 40 8.24
8 41 5.88
8 42 6.15
8 43 2.14
8 44 2.43
8 45 9.98
8 46 0.25
8 47 1.83
8 48 0.62
8 49 2.47
8 50 0.42
8 51 0.03
8 52 9.09
8 53 3.79
8 54 0.13
8 55 1.42
8 56 5.17
8 57 1.07
8 58 1.38
8 59 7.68
8 60 4.68
8 61 9.07
8 62 7.79
8 63 9.73
8 64 7.09
8 65 5.60
8 66 5.59
8 67 3.96
8 68 3.12
8 69 8.17
8 70 2.97
8 71 0.42
8 72 1.39
8 73 4.29
8 74 9.30
8 75 0.11
8 76 2.03
8 77 9.90
8 78 0.59
8 79 4.40
8 80 1.61
8 81 8.67
8 82 1.69
8 83 2.08
8 84 4.10
8 85 3.88
8 86 9.75
8 87 0.07
8 88 6.52
8 89 2.82
8 90 6.01
8 91 2.84
8 92 6.30
8 93 2.40
8 94 3.21
8 95 6.08
8 96 0.84
8 97 5.29
8 98 9.01
8 99 5.47
9 10 5.23
9 11 0.54
9 12 5.65
9 13 1.60
9 14 1.83
9 15 0.67
9 16 6.83
9 17 6.41
9 18 8.03
9 19 8.80
9 20 8.48
9 21 6.33
9 22 2.52
9 23 1.67
9 24 5.60
9 25 9.99
9 26 8.91
9 27 2.53
9 28 7.74
9 29 4.84
9 30 8.02
9 31 8.77
9 32 3.04
9 33 9.07
9 34 4.74
9 35 8.15
9 36 8.01
9 37 4.98
9 38 4.64
9 39 7.19
9 40 5.34
9 41 6.09
9 42 2.78
9 43 9.76
9 44 0.64
9 45 10.00
9 46 7.03
9 47 9.71
9 48 0.81
9 49 3.62
9 50 5.42
9 51 3.56
9 52 6.23
9 53 6.24
9 54 3.16
9 55 3.58
9 56 2.51
9 57 2.81
9 58 7.88
9 59 9.61
9 60 3.56
9 61 4.91
9 62 9.53
9 63 1.90
9 64 9.48
9 65 2.81
9 66 8.24
9 67 3.22
9 68 8.52
9 69 0.60
9 70 6.08
9 71 6.25
9 72 1.94
9 73 4.73
9 74 7.09
9 75 3.90
9 76 0.65
9 77 9.69
9 78 6.17
9 79 2.26
9 80 2.42
9 81 9.41
9 82 4.59
9 83 7.11
9 84 9.65
9 85 4.23
9 86 5.07
9 87 3.19
9 88 6.75
9 89 4.59
9 90 0.49
9 91 7.20
9 92 9.98
9 93 8.79
9 94 1.55
9 95 0.94
9 96 6.75
9 97 3.53
9 98 0.19
9 99 7.25
10 11 4.27
10 12 1.30
10 13 8.53
10 14 7.57
10 15 5.68
10 16 8.47
10 17 0.39
10 18 7.26
10 19 7.49
10 20 3.83
10 21 4.74
10 22 2.18
10 23 4.52
10 24 8.98
10 25 1.04
10 26 4.35
10 27 1.42
10 28 6.40
10 29 0.46
10 30 2.81
10 31 2.61
10 32 8.32
10 33 3.42
10 34 9.20
10 35 0.57
10 36 6.67
10 37 8.35
10 38 8.84
10 39 7.05
10 40 5.47
10 41 0.69
10 42 0.80
10 43 1.35
10 44 2.76
10 45 2.64
10 46 9.28
10 47 6.14
10 48 0.53
10 49 2.98
10 50 0.19
10 51 3.68
10 52 0.86
10 53 6.32
10 54 5.71
10 55 2.08
10 56 4.03
10 57 8.44
10 58 0.29
10 59 3.16
10 60 4.47
10 61 8.71
10 62 0.70
10 63 8.06
10 64 0.07
10 65 7.57
10 66 8.25
10 67 7.30
10 68 4.91
10 69 2.89
10 70 9.38
10 71 3.60
10 72 0.67
10 73 2.38
10 74 0.58
10 75 2.56
10 76 9.40
10 77 0.79
10 78 8.99
10 79 2.13
10 80 7.89
10 81 5.11
10 82 0.35
10 83 8.25
10 84 3.03
10 85 8.20
10 86 6.22
10 87 4.47
10 88 0.31
10 89 8.11
10 90 7.20
10 91 4.22
10 92 4.15
10 93 7.01
10 94 4.00
10 95 8.39
10 96 7.27
10 97 3.94
10 98 4.98
10 99 7.85
11 12 5.02
11 13 1.93
11 14 0.71
11 15 1.28
11 16 7.87
11 17 1.55
11 18 4.40
11 19 9.61
11 20 9.70
11 21 9.26
11 22 5.12
11 23 0.02
11 24 0.18
11 25 7.76
11 26 2.38
11 27 7.04
11 28 4.59
11 29 0.08
11 30 2.48
11 31 9.00
11 32 8.46
11 33 4.24
11 34 2.79
11 35 6.82
11 36 0.21
11 37 0.33
11 38 8.44
11 39 6.89
11 40 5.51
11 41 9.76
11 42 5.10
11 43 9.42
11 44 4.81
11 45 3.99
11 46 0.95
11 47 0.81
11 48 8.27
11 49 7.06
11 50 0.68
11 51 8.22
11 52 2.38
11 53 7.30
11 54 5.65
11 55 2.68
11 56 3.52
11 57 0.82
11 58 6.03
11 59 4.65
11 60 8.22
11 61 4.10
11 62 5.87
11 63 6.65
11 64 2.79
11 65 9.39
11 66 6.02
11 67 0.80
11 68 2.89
11 69 8.26
11 70 2.00
11 71 2.63
11 72 9.70
11 73 0.03
11 74 2.29
11 75 3.53
11 76 6.74
11 77 2.78
11 78 8.87
11 79 4.71
11 80 6.78
11 81 0.29
11 82 9.36
11 83 7.41
11 84 1.53
11 85 9.02
11 86 9.49
11 87 8.81
11 88 6.20
11 89 5.51
11 90 7.90
11 91 3.66
11 92 6.30
11 93 0.86
11 94 7.43
11 95 7.39
11 96 6.30
11 97 0.86
11 98 9.59
11 99 4.70
12 13 0.36
12 14 5.31
12 15 6.62
12 16 6.33
12 17 3.41
12 18 7.56
12 19 2.04
12 20 7.37
12 21 1.67
12 22 2.56
12 23 7.85
12 24 0.92
12 25 8.42
12 26 0.64
12 27 2.58
12 28 4.21
12 29 2.42
12 30 7.44
12 31 6.44
12 32 9.12
12 33 1.64
12 34 3.58
12 35 1.86
12 36 3.62
12 37 7.67
12 38 9.21
12 39 1.52
12 40 5.79
12 41 4.60
12 42 7.39
12 43 3.53
12 44 0.73
12 45 9.68
12 46 2.89
12 47 5.49
12 48 5.18
12 49 0.62
12 50 1.87
12 51 3.45
12 52 6.35
12 53 8.10
12 54 3.17
12 55 3.85
12 56 1.85
12 57 3.57
12 58 8.24
12 59 8.71
12 60 7.13
12 61 7.24
12 62 0.80
12 63 5.00
12 64 4.67
12 65 5.43
12 66 2.86
12 67 3.87
12 68 3.26
12 69 5.37
12 70 9.49
12 71 8.83
12 72 5.59
12 73 5.59
12 74 8.73
12 75 2.51
12 76 4.06
12 77 0.03
12 78 5.36
12 79 6.41
12 80 6.28
12 81 9.20
12 82 1.83
12 83 7.55
12 84 0.44
12 85 2.34
12 86 2.64
12 87 3.74
12 88 0.11
12 89 9.39
12 90 8.29
12 91 1.08
12 92 8.66
12 93 2.49
12 94 7.52
12 95 6.79
12 96 6.16
12 97 1.82
12 98 1.88
12 99 9.32
13 14 4.64
13 15 1.44
13 16 8.82
13 17 6.53
13 18 9.00
13 19 2.22
13 20 6.75
13 21 4.18
13 22 7.82
13 23 1.07
13 24 2.36
13 25 6.19
13 26 9.07
13 27 0.15
13 28 5.35
13 29 7.24
13 30 2.43
13 31 5.48
13 32 1.78
13 33 5.07
13 34 8.92
13 35 2.32
13 36 5.13
13 37 4.25
13 38 7.45
13 39 5.96
13 40 6.87
13 41 8.27
13 42 8.11
13 43 5.69
13 44 8.04
13 45 0.55
13 46 5.97
13 47 2.56
13 48 0.51
13 49 0.07
13 50 3.42
13 51 6.21
13 52 2.60
13 53 3.15
13 54 3.98
13 55 4.75
13 56 9.01
13 57 7.03
13 58 7.77
13 59 9.98
13 60 7.08
13 61 5.27
13 62 2.96
13 63 1.46
13 64 7.97
13 65 4.98
13 66 3.84
13 67 3.71
13 68 2.01
13 69 1.34
13 70 2.98
13 71 3.20
13 72 6.43
13 73 6.11
13 74 0.23
13 75 5.84
13 76 2.28
13 77 1.95
13 78 2.78
13 79 7.79
13 80 7.78
13 81 5.18
13 82 1.46
13 83 9.99
13 84 3.37
13 85 4.95
13 86 3.42
13 87 2.68
13 88 2.06
13 89 7.35
13 90 2.66
13 91 6.80
13 92 9.84
13 93 5.16
13 94 7.51
13 95 9.95
13 96 4.43
13 97 3.95
13 98 0.27
13 99 1.90
14 15 5.21
14 16 3.95
14 17 0.11
14 18 4.48
14 19 8.83
14 20 8.90
14 21 7.90
14 22 5.30
14 23 0.13
14 24 7.50
14 25 4.95
14 26 0.13
14 27 5.23
14 28 3.47
14 29 9.36
14 30 7.32
14 31 0.19
14 32 0.22
14 33 1.56
14 34 8.88
14 35 4.45
14 36 7.36
14 37 2.98
14 38 0.83
14 39 9.33
14 40 9.09
14 41 9.96
14 42 0.82
14 43 9.35
14 44 5.94
14 45 6.54
14 46 9.60
14 47 8.79
14 48 5.93
14 49 2.47
14 50 7.68
14 51 2.18
14 52 9.52
14 53 0.00
14 54 2.30
14 55 7.84
14 56 9.59
14 57 8.10
14 58 5.62
14 59 4.26
14 60 4.95
14 61 5.21
14 62 6.07
14 63 0.51
14 64 4.23
14 65 3.68
14 66 7.41
14 67 8.35
14 68 6.02
14 69 2.20
14 70 7.47
14 71 4.76
14 72 6.35
14 73 8.76
14 74 0.77
14 75 7.61
14 76 5.61
14 77 5.57
14 78 0.96
14 79 4.07
14 80 2.16
14 81 8.17
14 82 5.32
14 83 2.27
14 84 1.84
14 85 2.20
14 86 8.55
14 87 2.35
14 88 7.21
14 89 2.94
14 90 6.56
14 91 9.15
14 92 9.91
14 93 4.00
14 94 3.19
14 95 1.24
14 96 8.41
14 97 7.87
14 98 5.62
14 99 3.63
15 16 5.53
15 17 0.59
15 18 5.28
15 19 9.45
15 20 1.58
15 21 1.70
15 22 4.89
15 23 3.53
15 24 2.84
15 25 6.08
15 26 2.75
15 27 9.22
15 28 5.18
15 29 2.84
15 30 7.92
15 31 5.08
15 32 8.94
15 33 9.84
15 34 1.47
15 35 4.89
15 36 7.27
15 37 6.50
15 38 0.29
15 39 4.41
15 40 9.05
15 41 7.11
15 42 8.20
15 43 1.93
15 44 1.44
15 45 9.26
15 46 3.88
15 47 8.32
15 48 9.66
15 49 0.71
15 50 3.21
15 51 5.21
15 52 4.74
15 53 3.65
15 54 5.26
15 55 0.31
15 56 2.14
15 57 9.40
15 58 9.47
15 59 7.20
15 60 3.01
15 61 0.52
15 62 8.45
15 63 2.53
15 64 8.41
15 65 7.60
15 66 2.77
15 67 7.04
15 68 4.53
15 69 9.84
15 70 0.62
15 71 2.24
15 72 9.66
15 73 9.22
15 74 0.65
15 75 0.88
15 76 0.71
15 77 9.96
15 78 6.03
15 79 9.04
15 80 3.83
15 81 6.31
15 82 1.87
15 83 3.19
15 84 5.25
15 85 7.32
15 86 1.98
15 87 4.89
15 88 3.14
15 89 3.13
15 90 7.66
15 91 2.82
15 92 9.36
15 93 3.06
15 94 2.32
15 95 2.99
15 96 8.53
15 97 4.82
15 98 2.29
15 99 5.84
16 17 8.69
16 18 8.70
16 19 4.93
16 20 6.21
16 21 6.84
16 22 9.92
16 23 0.86
16 24 6.80
16 25 0.68
16 26 8.06
16 27 1.34
16 28 7.72
16 29 9.78
16 30 2.94
16 31 5.80
16 32 4.41
16 33 7.41
16 34 3.31
16 35 9.27
16 36 2.89
16 37 6.72
16 38 4.97
16 39 6.74
16 40 0.75
16 41 5.28
16 42 3.11
16 43 6.42
16 44 7.97
16 45 0.88
16 46 4.27
16 47 8.57
16 48 5.44
16 49 1.05
16 50 3.76
16 51 0.83
16 52 1.54
16 53 6.73
16 54 8.61
16 55 4.02
16 56 5.02
16 57 8.95
16 58 1.06
16 59 2.73
16 60 8.23
16 61 4.61
16 62 4.50
16 63 6.55
16 64 5.09
16 65 0.11
16 66 7.47
16 67 8.78
16 68 1.28
16 69 4.26
16 70 9.48
16 71 0.56
16 72 4.52
16 73 7.20
16 74 8.96
16 75 6.48
16 76 6.86
16 77 6.75
16 78 0.07
16 79 4.45
16 80 8.84
16 81 9.08
16 82 3.36
16 83 5.50
16 84 6.71
16 85 0.18
16 86 4.08
16 87 4.93
16 88 4.02
16 89 5.11
16 90 0.72
16 91 6.91
16 92 8.21
16 93 1.93
16 94 5.34
16 95 0.89
16 96 9.71
16 97 6.56
16 98 6.55
16 99 6.12
17 18 1.75
17 19 4.64
17 20 1.17
17 21 4.26
17 22 2.28
17 23 3.51
17 24 3.26
17 25 2.41
17 26 5.22
17 27 0.59
17 28 6.48
17 29 5.45
17 30 9.71
17 31 8.48
17 32 7.18
17 33 9.72
17 34 6.17
17 35 8.26
17 36 6.45
17 37 5.46
17 38 0.65
17 39 5.47
17 40 7.76
17 41 9.36
17 42 0.73
17 43 2.90
17 44 6.75
17 45 0.49
17 46 6.55
17 47 1.32
17 48 6.86
17 49 0.02
17 50 7.44
17 51 5.94
17 52 1.28
17 53 1.77
17 54 0.65
17 55 7.42
17 56 5.71
17 57 7.78
17 58 9.19
17 59 3.37
17 60 7.48
17 61 2.86
17 62 6.03
17 63 7.40
17 64 7.50
17 65 6.45
17 66 7.28
17 67 0.04
17 68 8.33
17 69 1.95
17 70 8.71
17 71 6.02
17 72 7.00
17 73 8.76
17 74 3.11
17 75 0.65
17 76 9.56
17 77 6.73
17 78 3.14
17 79 1.45
17 80 0.08
17 81 0.15
17 82 6.53
17 83 0.04
17 84 7.47
17 85 5.63
17 86 3.03
17 87 5.19
17 88 3.72
17 89 9.92
17 90 7.62
17 91 6.91
17 92 1.03
17 93 5.75
17 94 9.27
17 95 6.40
17 96 3.35
17 97 0.59
17 98 0.25
17 99 9.67
18 19 7.42
18 20 0.35
18 21 3.75
18 22 7.74
18 23 0.89
18 24 8.89
18 25 0.53
18 26 2.52
18 27 1.17
18 28 2.50
18 29 7.09
18 30 0.73
18 31 3.65
18 32 2.74
18 33 0.24
18 34 8.71
18 35 9.11
18 36 3.14
18 37 5.01
18 38 3.82
18 39 5.25
18 40 3.09
18 41 2.57
18 42 0.86
18 43 8.74
18 44 8.27
18 45 9.46
18 46 5.01
18 47 4.40
18 48 1.34
18 49 1.33
18 50 7.08
18 51 1.17
18 52 4.69
18 53 0.61
18 54 6.62
18 55 5.07
18 56 0.24
18 57 8.14
18 58 6.87
18 59 4.61
18 60 2.77
18 61 0.75
18 62 0.82
18 63 7.27
18 64 0.20
18 65 7.74
18 66 6.28
18 67 6.64
18 68 9.17
18 69 3.78
18 70 7.20
18 71 7.12
18 72 7.32
18 73 6.81
18 74 6.19
18 75 4.75
18 76 0.97
18 77 8.82
18 78 3.70
18 79 4.49
18 80 8.04
18 81 2.47
18 82 8.49
18 83 1.16
18 84 0.80
18 85 1.69
18 86 8.81
18 87 9.94
18 88 5.79
18 89 5.51
18 90 2.27
18 91 7.64
18 92 8.45
18 93 8.03
18 94 1.86
18 95 0.78
18 96 2.71
18 97 5.13
18 98 2.65
18 99 2.51
19 20 3.46
19 21 8.15
19 22 0.07
19 23 6.86
19 24 7.78
19 25 8.65
19 26 3.67
19 27 1.31
19 28 4.13
19 29 6.91
19 30 2.03
19 31 5.34
19 32 0.74
19 33 2.12
19 34 4.90
19 35 9.57
19 36 3.62
19 37 8.18
19 38 9.79
19 39 8.53
19 40 1.57
19 41 1.67
19 42 2.62
19 43 5.30
19 44 9.70
19 45 1.11
19 46 8.86
19 47 3.34
19 48 7.46
19 49 4.39
19 50 2.03
19 51 4.99
19 52 7.81
19 53 9.10
19 54 2.56
19 55 4.44
19 56 6.44
19 57 6.79
19 58 4.50
19 59 3.07
19 60 3.34
19 61 0.06
19 62 2.54
19 63 8.63
19 64 7.87
19 65 3.57
19 66 0.82
19 67 3.57
19 68 5.43
19 69 1.87
19 70 4.78
19 71 9.19
19 72 7.74
19 73 0.12
19 74 7.02
19 75 8.36
19 76 7.07
19 77 9.13
19 78 9.10
19 79 3.97
19 80 9.35
19 81 9.58
19 82 4.77
19 83 0.46
19 84 7.37
19 85 8.10
19 86 3.31
19 87 6.98
19 88 1.19
19 89 5.86
19 90 8.67
19 91 2.12
19 92 2.91
19 93 3.35
19 94 5.75
19 95 0.17
19 96 0.02
19 97 2.80
19 98 7.11
19 99 8.50
20 21 3.73
20 22 8.12
20 23 3.45
20 24 1.49
20 25 9.13
20 26 6.43
20 27 0.14
20 28 2.57
20 29 8.31
20 30 1.68
20 31 7.47
20 32 2.71
20 33 8.14
20 34 2.11
20 35 2.37
20 36 8.68
20 37 3.57
20 38 2.80
20 39 2.81
20 40 4.45
20 41 5.08
20 42 6.52
20 43 1.87
20 44 3.42
20 45 1.82
20 46 0.18
20 47 1.82
20 48 8.38
20 49 0.47
20 50 9.55
20 51 4.62
20 52 4.53
20 53 7.01
20 54 2.56
20 55 8.66
20 56 5.49
20 57 7.95
20 58 3.37
20 59 2.66
20 60 3.71
20 61 8.16
20 62 6.90
20 63 9.34
20 64 1.46
20 65 6.54
20 66 1.88
20 67 9.63
20 68 9.63
20 69 9.48
20 70 2.69
20 71 7.24
20 72 8.03
20 73 9.93
20 74 8.93
20 75 3.23
20 76 9.90
20 77 4.01
20 78 7.96
20 79 9.65
20 80 5.31
20 81 2.67
20 82 9.24
20 83 9.01
20 84 9.82
20 85 8.53
20 86 9.86
20 87 4.64
20 88 7.02
20 89 2.02
20 90 5.80
20 91 8.87
20 92 7.40
20 93 4.16
20 94 0.53
20 95 1.28
20 96 8.92
20 97 4.63
20 98 0.38
20 99 1.67
21 22 5.23
21 23 0.60
21 24 7.95
21 25 6.91
21 26 5.47
21 27 2.48
21 28 4.14
21 29 0.00
21 30 6.10
21 31 0.19
21 32 3.24
21 33 5.78
21 34 6.42
21 35 9.81
21 36 9.45
21 37 4.45
21 38 8.89
21 39 5.86
21 40 3.16
21 41 1.04
21 42 9.32
21 43 4.25
21 44 0.69
21 45 9.12
21 46 2.96
21 47 1.51
21 48 2.59
21 49 8.68
21 50 2.15
21 51 9.28
21 52 3.20
21 53 8.38
21 54 7.26
21 55 1.19
21 56 4.44
21 57 9.50
21 58 4.15
21 59 8.35
21 60 0.84
21 61 3.31
21 62 5.53
21 63 7.84
21 64 8.57
21 65 6.81
21 66 6.35
21 67 5.70
21 68 7.97
21 69 6.35
21 70 1.10
21 71 8.46
21 72 3.71
21 73 1.44
21 74 8.98
21 75 9.11
21 76 4.25
21 77 7.34
21 78 2.10
21 79 8.95
21 80 7.68
21 81 1.21
21 82 5.82
21 83 3.59
21 84 9.88
21 85 10.00
21 86 0.03
21 87 8.30
21 88 6.02
21 89 2.00
21 90 4.74
21 91 1.83
21 92 0.65
21 93 2.89
21 94 9.67
21 95 8.83
21 96 8.05
21 97 9.66
21 98 7.78
21 99 9.64
22 23 9.41
22 24 7.22
22 25 4.67
22 26 2.69
22 27 9.30
22 28 4.14
22 29 6.83
22 30 9.55
22 31 8.49
22 32 5.84
22 33 8.89
22 34 5.10
22 35 5.22
22 36 0.26
22 37 2.61
22 38 3.21
22 39 7.62
22 40 8.24
22 41 3.74
22 42 9.78
22 43 8.41
22 44 1.10
22 45 9.69
22 46 4.73
22 47 6.81
22 48 5.56
22 49 0.64
22 50 1.84
22 51 2.09
22 52 0.71
22 53 8.98
22 54 8.92
22 55 3.71
22 56 3.31
22 57 4.91
22 58 6.12
22 59 6.45
22 60 0.67
22 61 7.37
22 62 4.85
22 63 2.03
22 64 3.27
22 65 5.49
22 66 1.31
22 67 2.79
22 68 3.77
22 69 2.26
22 70 9.99
22 71 8.48
22 72 7.68
22 73 0.06
22 74 3.03
22 75 8.26
22 76 9.75
22 77 5.07
22 78 0.39
22 79 3.15
22 80 0.61
22 81 2.59
22 82 6.69
22 83 9.70
22 84 3.38
22 85 2.68
22 86 1.87
22 87 1.57
22 88 5.92
22 89 6.79
22 90 5.14
22 91 1.53
22 92 9.73
22 93 5.43
22 94 3.16
22 95 5.84
22 96 4.79
22 97 8.64
22 98 0.08
22 99 4.19
23 24 7.42
23 25 0.14
23 26 3.25
23 27 0.42
23 28 1.71
23 29 9.27
23 30 0.13
23 31 3.87
23 32 7.18
23 33 8.07
23 34 3.31
23 35 1.94
23 36 0.52
23 37 6.19
23 38 9.96
23 39 2.99
23 40 8.45
23 41 6.34
23 42 7.04
23 43 0.21
23 44 9.93
23 45 0.39
23 46 8.60
23 47 8.05
23 48 6.31
23 49 7.91
23 50 7.45
23 51 6.49
23 52 5.20
23 53 6.29
23 54 9.81
23 55 6.45
23 56 4.80
23 57 9.39
23 58 8.48
23 59 1.95
23 60 8.59
23 61 1.66
23 62 5.09
23 63 3.76
23 64 1.20
23 65 8.36
23 66 3.73
23 67 6.10
23 68 9.46
23 69 3.50
23 70 2.98
23 71 0.09
23 72 9.15
23 73 4.03
23 74 8.16
23 75 6.72
23 76 1.08
23 77 1.86
23 78 2.51
23 79 8.21
23 80 0.67
23 81 6.96
23 82 2.09
23 83 7.09
23 84 1.17
23 85 8.47
23 86 8.82
23 87 3.26
23 88 5.40
23 89 7.94
23 90 7.62
23 91 8.87
23 92 2.11
23 93 2.47
23 94 8.17
23 95 0.01
23 96 7.91
23 97 2.09
23 98 3.64
23 99 9.22
24 25 6.06
24 26 3.13
24 27 9.48
24 28 9.51
24 29 7.75
24 30 8.12
24 31 5.45
24 32 6.57
24 33 2.24
24 34 4.14
24 35 3.03
24 36 7.56
24 37 4.46
24 38 8.08
24 39 8.23
24 40 3.78
24 41 0.84
24 42 3.54
24 43 8.82
24 44 8.45
24 45 3.43
24 46 9.10
24 47 4.25
24 48 8.09
24 49 2.34
24 50 2.93
24 51 1.18
24 52 5.63
24 53 5.63
24 54 4.18
24 55 8.22
24 56 1.13
24 57 0.46
24 58 8.74
24 59 9.65
24 60 0.41
24 61 1.91
24 62 9.61
24 63 0.38
24 64 5.20
24 65 6.73
24 66 4.73
24 67 4.34
24 68 8.97
24 69 0.54
24 70 2.80
24 71 6.48
24 72 8.45
24 73 6.21
24 74 9.46
24 75 1.18
24 76 4.15
24 77 2.49
24 78 6.11
24 79 0.12
24 80 9.68
24 81 5.84
24 82 6.72
24 83 3.14
24 84 3.48
24 85 5.91
24 86 6.27
24 87 6.81
24 88 6.74
24 89 0.22
24 90 2.21
24 91 8.48
24 92 0.69
24 93 7.76
24 94 0.96
24 95 7.31
24 96 6.81
24 97 5.55
24 98 3.33
24 99 1.39
25 26 2.09
25 27 9.27
25 28 2.34
25 29 7.68
25 30 8.22
25 31 6.39
25 32 2.32
25 33 0.42
25 34 2.94
25 35 1.67
25 36 0.17
25 37 2.44
25 38 2.65
25 39 8.37
25 40 8.63
25 41 1.69
25 42 0.67
25 43 4.36
25 44 7.54
25 45 8.23
25 46 2.71
25 47 2.65
25 48 3.67
25 49 7.73
25 50 5.52
25 51 4.44
25 52 0.96
25 53 0.40
25 54 8.95
25 55 4.97
25 56 5.84
25 57 0.80
25 58 1.67
25 59 1.64
25 60 0.76
25 61 6.26
25 62 2.91
25 63 6.85
25 64 8.76
25 65 7.24
25 66 7.18
25 67 1.09
25 68 9.21
25 69 7.73
25 70 6.52
25 71 7.28
25 72 5.06
25 73 4.68
25 74 8.19
25 75 5.28
25 76 9.41
25 77 6.69
25 78 6.10
25 79 9.76
25 80 3.53
25 81 4.48
25 82 1.25
25 83 9.54
25 84 6.31
25 85 3.83
25 86 7.14
25 87 5.95
25 88 0.83
25 89 2.34
25 90 3.59
25 91 3.43
25 92 8.47
25 93 0.12
25 94 5.83
25 95 0.17
25 96 7.29
25 97 4.28
25 98 2.59
25 99 2.08
26 27 6.67
26 28 9.16
26 29 1.59
26 30 5.67
26 31 2.42
26 32 5.37
26 33 0.03
26 34 5.99
26 35 7.50
26 36 2.17
26 37 6.10
26 38 8.79
26 39 5.96
26 40 6.17
26 41 2.16
26 42 4.88
26 43 5.37
26 44 2.90
26 45 5.97
26 46 5.79
26 47 5.34
26 48 9.16
26 49 1.21
26 50 8.05
26 51 7.01
26 52 7.37
26 53 9.51
26 54 6.07
26 55 5.91
26 56 3.69
26 57 2.10
26 58 9.85
26 59 8.09
26 60 5.89
26 61 1.66
26 62 3.58
26 63 6.47
26 64 1.87
26 65 5.08
26 66 5.67
26 67 4.17
26 68 8.37
26 69 5.37
26 70 9.09
26 71 5.09
26 72 1.97
26 73 2.46
26 74 1.82
26 75 2.64
26 76 2.93
26 77 8.42
26 78 2.77
26 79 4.31
26 80 1.51
26 81 3.84
26 82 5.69
26 83 3.69
26 84 9.68
26 85 7.72
26 86 2.32
26 87 4.42
26 88 1.18
26 89 0.17
26 90 8.63
26 91 2.25
26 92 1.64
26 93 4.75
26 94 0.92
26 95 0.55
26 96 9.49
26 97 1.44
26 98 8.16
26 99 6.28
27 28 4.15
27 29 9.02
27 30 4.09
27 31 9.04
27 32 1.42
27 33 2.93
27 34 5.61
27 35 0.31
27 36 5.85
27 37 8.68
27 38 0.47
27 39 9.21
27 40 7.85
27 41 8.23
27 42 4.65
27 43 8.85
27 44 7.52
27 45 6.53
27 46 3.79
27 47 9.98
27 48 2.86
27 49 2.38
27 50 2.18
27 51 4.59
27 52 6.04
27 53 5.54
27 54 0.06
27 55 4.25
27 56 7.75
27 57 9.26
27 58 9.15
27 59 9.06
27 60 2.47
27 61 3.80
27 62 0.13
27 63 9.32
27 64 1.10
27 65 4.21
27 66 7.38
27 67 4.60
27 68 6.00
27 69 3.32
27 70 9.34
27 71 1.29
27 72 7.66
27 73 0.09
27 74 8.19
27 75 0.91
27 76 5.76
27 77 0.83
27 78 2.23
27 79 1.99
27 80 6.49
27 81 0.07
27 82 9.94
27 83 9.85
27 84 6.69
27 85 3.03
27 86 6.90
27 87 4.85
27 88 9.25
27 89 1.45
27 90 8.37
27 91 1.70
27 92 2.41
27 93 3.07
27 94 3.40
27 95 4.90
27 96 2.62
27 97 0.47
27 98 8.46
27 99 4.02
28 29 2.73
28 30 5.41
28 31 3.06
28 32 7.20
28 33 0.51
28 34 0.54
28 35 8.72
28 36 7.19
28 37 9.58
28 38 6.03
28 39 7.20
28 40 4.99
28 41 8.55
28 42 8.64
28 43 8.03
28 44 2.23
28 45 1.06
28 46 0.97
28 47 4.34
28 48 1.56
28 49 1.85
28 50 2.18
28 51 1.21
28 52 6.81
28 53 6.08
28 54 6.15
28 55 3.17
28 56 9.56
28 57 2.21
28 58 3.23
28 59 4.72
28 60 2.84
28 61 8.36
28 62 1.08
28 63 0.57
28 64 2.59
28 65 8.80
28 66 6.47
28 67 5.21
28 68 3.80
28 69 7.67
28 70 2.85
28 71 5.71
28 72 6.68
28 73 7.72
28 74 5.11
28 75 7.12
28 76 1.41
28 77 4.00
28 78 3.51
28 79 9.23
28 80 9.13
28 81 0.84
28 82 1.89
28 83 5.14
28 84 8.17
28 85 6.17
28 86 8.92
28 87 3.61
28 88 9.92
28 89 8.01
28 90 0.51
28 91 6.27
28 92 8.68
28 93 0.09
28 94 4.03
28 95 2.48
28 96 0.88
28 97 2.25
28 98 5.56
28 99 1.78
29 30 3.94
29 31 1.55
29 32 2.52
29 33 0.60
29 34 5.93
29 35 1.02
29 36 0.12
29 37 3.40
29 38 6.96
29 39 3.42
29 40 1.97
29 41 3.52
29 42 7.59
29 43 3.71
29 44 4.44
29 45 6.93
29 46 9.94
29 47 9.57
29 48 6.78
29 49 4.73
29 50 5.67
29 51 9.28
29 52 6.39
29 53 9.19
29 54 0.53
29 55 2.26
29 56 0.99
29 57 8.77
29 58 1.10
29 59 2.94
29 60 9.16
29 61 2.43
29 62 7.64
29 63 8.55
29 64 6.74
29 65 2.58
29 66 8.21
29 67 4.60
29 68 0.73
29 69 5.34
29 70 9.84
29 71 5.05
29 72 7.40
29 73 4.75
29 74 6.42
29 75 5.83
29 76 8.54
29 77 1.94
29 78 0.77
29 79 6.62
29 80 7.35
29 81 0.03
29 82 5.72
29 83 5.56
29 84 2.02
29 85 5.42
29 86 1.77
29 87 7.01
29 88 1.23
29 89 9.66
29 90 9.81
29 91 7.92
29 92 7.97
29 93 9.52
29 94 0.33
29 95 6.43
29 96 0.99
29 97 1.55
29 98 1.58
29 99 9.62
30 31 0.10
30 32 0.91
30 33 6.00
30 34 6.30
30 35 9.85
30 36 8.96
30 37 7.40
30 38 4.64
30 39 1.35
30 40 5.26
30 41 3.31
30 42 0.07
30 43 3.36
30 44 3.72
30 45 6.33
30 46 6.05
30 47 5.46
30 48 6.03
30 49 9.73
30 50 5.17
30 51 3.62
30 52 7.43
30 53 7.66
30 54 6.46
30 55 3.01
30 56 5.81
30 57 4.66
30 58 8.72
30 59 1.47
30 60 1.72
30 61 5.30
30 62 9.40
30 63 9.06
30 64 6.06
30 65 7.02
30 66 5.18
30 67 5.85
30 68 7.12
30 69 7.79
30 70 7.93
30 71 8.83
30 72 6.89
30 73 0.11
30 74 5.43
30 75 9.89
30 76 3.06
30 77 9.14
30 78 6.02
30 79 8.62
30 80 5.31
30 81 0.83
30 82 4.06
30 83 0.03
30 84 0.86
30 85 5.64
30 86 1.07
30 87 0.62
30 88 2.15
30 89 5.52
30 90 5.22
30 91 1.91
30 92 7.98
30 93 5.89
30 94 1.19
30 95 2.70
30 96 2.48
30 97 5.34
30 98 8.33
30 99 6.36
31 32 5.65
31 33 5.43
31 34 7.77
31 35 0.38
31 36 9.74
31 37 6.73
31 38 0.61
31 39 0.28
31 40 2.68
31 41 8.96
31 42 7.71
31 43 5.22
31 44 0.90
31 45 0.14
31 46 2.66
31 47 8.32
31 48 2.07
31 49 3.16
31 50 2.54
31 51 2.88
31 52 1.66
31 53 6.66
31 54 6.87
31 55 0.79
31 56 6.31
31 57 4.77
31 58 2.57
31 59 4.41
31 60 7.39
31 61 9.18
31 62 9.43
31 63 1.47
31 64 4.81
31 65 7.17
31 66 1.23
31 67 0.11
31 68 4.97
31 69 6.17
31 70 4.40
31 71 0.35
31 72 5.29
31 73 1.94
31 74 2.07
31 75 3.69
31 76 8.85
31 77 7.30
31 78 6.24
31 79 8.54
31 80 2.83
31 81 3.27
31 82 3.29
31 83 6.97
31 84 2.14
31 85 1.77
31 86 9.05
31 87 7.03
31 88 5.93
31 89 8.17
31 90 8.03
31 91 6.17
31 92 8.19
31 93 1.34
31 94 0.75
31 95 4.27
31 96 9.11
31 97 6.03
31 98 6.83
31 99 4.88
32 33 7.98
32 34 8.22
32 35 2.30
32 36 2.93
32 37 8.23
32 38 1.10
32 39 3.22
32 40 3.06
32 41 0.00
32 42 1.47
32 43 1.66
32 44 0.00
32 45 8.14
32 46 5.64
32 47 8.51
32 48 5.56
32 49 0.85
32 50 7.87
32 51 3.85
32 52 1.78
32 53 8.72
32 54 7.57
32 55 9.75
32 56 4.36
32 57 1.92
32 58 5.10
32 59 3.21
32 60 3.10
32 61 5.61
32 62 1.08
32 63 0.07
32 64 4.41
32 65 4.90
32 66 4.07
32 67 4.94
32 68 0.23
32 69 6.65
32 70 0.10
32 71 9.35
32 72 1.45
32 73 9.13
32 74 3.86
32 75 8.08
32 76 9.21
32 77 0.60
32 78 4.49
32 79 3.05
32 80 5.51
32 81 9.44
32 82 6.72
32 83 3.20
32 84 2.80
32 85 9.44
32 86 5.31
32 87 2.25
32 88 8.43
32 89 7.95
32 90 4.06
32 91 4.71
32 92 1.97
32 93 6.91
32 94 1.96
32 95 0.00
32 96 9.16
32 97 0.26
32 98 2.40
32 99 1.61
33 34 8.98
33 35 6.95
33 36 7.45
33 37 2.80
33 38 5.31
33 39 3.62
33 40 2.13
33 41 4.42
33 42 9.94
33 43 3.13
33 44 0.29
33 45 4.20
33 46 5.31
33 47 9.33
33 48 9.94
33 49 5.72
33 50 9.40
33 51 5.44
33 52 4.18
33 53 9.26
33 54 3.73
33 55 2.89
33 56 6.96
33 57 3.35
33 58 8.39
33 59 8.49
33 60 9.46
33 61 1.12
33 62 9.81
33 63 1.05
33 64 3.85
33 65 5.61
33 66 5.43
33 67 9.44
33 68 5.38
33 69 2.84
33 70 6.79
33 71 7.30
33 72 8.65
33 73 4.52
33 74 6.19
33 75 3.82
33 76 3.63
33 77 7.12
33 78 1.17
33 79 5.05
33 80 6.09
33 81 7.06
33 82 1.69
33 83 8.59
33 84 1.43
33 85 3.09
33 86 8.03
33 87 9.78
33 88 9.59
33 89 5.82
33 90 7.07
33 91 0.53
33 92 9.00
33 93 1.33
33 94 3.67
33 95 7.47
33 96 1.04
33 97 9.35
33 98 0.17
33 99 9.37
34 35 3.90
34 36 9.46
34 37 6.48
34 38 8.83
34 39 9.45
34 40 0.37
34 41 3.30
34 42 9.31
34 43 0.25
34 44 7.72
34 45 8.64
34 46 6.76
34 47 9.04
34 48 1.28
34 49 7.98
34 50 8.03
34 51 2.30
34 52 0.88
34 53 7.77
34 54 5.73
34 55 9.04
34 56 7.79
34 57 8.60
34 58 1.29
34 59 2.47
34 60 0.67
34 61 9.10
34 62 0.06
34 63 7.66
34 64 9.09
34 65 9.97
34 66 7.54
34 67 1.86
34 68 0.56
34 69 7.07
34 70 9.13
34 71 9.62
34 72 0.57
34 73 9.74
34 74 0.96
34 75 8.49
34 76 1.94
34 77 3.42
34 78 8.80
34 79 7.37
34 80 5.86
34 81 9.66
34 82 8.08
34 83 0.90
34 84 3.35
34 85 3.08
34 86 3.78
34 87 3.34
34 88 5.30
34 89 7.81
34 90 4.08
34 91 9.19
34 92 8.99
34 93 8.01
34 94 4.43
34 95 5.78
34 96 4.70
34 97 2.76
34 98 6.38
34 99 0.63
35 36 1.86
35 37 0.17
35 38 0.06
35 39 5.86
35 40 5.71
35 41 8.71
35 42 4.99
35 43 3.80
35 44 6.52
35 45 3.17
35 46 1.45
35 47 3.68
35 48 1.46
35 49 3.88
35 50 6.76
35 51 5.83
35 52 1.67
35 53 3.93
35 54 6.65
35 55 7.08
35 56 3.15
35 57 0.98
35 58 4.18
35 59 9.84
35 60 1.50
35 61 5.23
35 62 3.01
35 63 3.31
35 64 9.58
35 65 6.87
35 66 0.65
35 67 6.19
35 68 3.75
35 69 2.52
35 70 7.84
35 71 9.65
35 72 3.16
35 73 2.11
35 74 1.58
35 75 4.35
35 76 0.31
35 77 7.48
35 78 8.36
35 79 5.52
35 80 8.82
35 81 7.48
35 82 2.90
35 83 5.61
35 84 4.34
35 85 8.70
35 86 5.43
35 87 3.62
35 88 9.84
35 89 4.64
35 90 5.69
35 91 6.62
35 92 6.57
35 93 7.47
35 94 9.88
35 95 1.24
35 96 2.52
35 97 2.34
35 98 0.97
35 99 5.13
36 37 8.12
36 38 5.93
36 39 4.11
36 40 4.75
36 41 6.81
36 42 8.69
36 43 0.10
36 44 3.54
36 45 8.09
36 46 5.48
36 47 6.37
36 48 9.71
36 49 8.26
36 50 9.49
36 51 5.88
36 52 1.42
36 53 3.11
36 54 5.31
36 55 0.70
36 56 6.91
36 57 1.22
36 58 3.73
36 59 1.30
36 60 9.41
36 61 2.40
36 62 4.69
36 63 3.50
36 64 0.69
36 65 9.90
36 66 0.32
36 67 2.68
36 68 8.09
36 69 5.13
36 70 7.34
36 71 8.25
36 72 0.27
36 73 4.60
36 74 7.72
36 75 1.29
36 76 9.05
36 77 2.01
36 78 5.39
36 79 7.04
36 80 9.29
36 81 0.87
36 82 6.79
36 83 7.43
36 84 9.77
36 85 4.92
36 86 9.53
36 87 1.77
36 88 9.72
36 89 7.70
36 90 4.68
36 91 4.68
36 92 3.45
36 93 4.60
36 94 8.37
36 95 9.61
36 96 4.49
36 97 0.99
36 98 7.06
36 99 7.36
37 38 8.14
37 39 2.62
37 40 0.29
37 41 9.72
37 42 7.81
37 43 7.99
37 44 7.72
37 45 3.64
37 46 9.73
37 47 7.11
37 48 8.76
37 49 1.80
37 50 9.79
37 51 7.35
37 52 9.66
37 53 0.85
37 54 4.88
37 55 3.58
37 56 6.55
37 57 0.89
37 58 7.03
37 59 1.49
37 60 2.69
37 61 6.18
37 62 5.15
37 63 6.63
37 64 9.68
37 65 3.39
37 66 5.93
37 67 7.70
37 68 8.66
37 69 1.36
37 70 2.95
37 71 7.78
37 72 7.65
37 73 5.19
37 74 4.30
37 75 8.31
37 76 3.35
37 77 5.77
37 78 9.47
37 79 3.17
37 80 3.70
37 81 0.95
37 82 7.72
37 83 0.37
37 84 2.92
37 85 4.21
37 86 8.56
37 87 1.33
37 88 6.99
37 89 8.86
37 90 3.93
37 91 2.36
37 92 4.61
37 93 1.93
37 94 0.82
37 95 4.73
37 96 8.72
37 97 3.64
37 98 5.95
37 99 5.24
38 39 5.54
38 40 3.73
38 41 7.94
38 42 1.39
38 43 2.28
38 44 7.68
38 45 7.36
38 46 0.40
38 47 9.34
38 48 4.81
38 49 6.64
38 50 1.97
38 51 1.77
38 52 2.25
38 53 6.51
38 54 3.60
38 55 0.19
38 56 9.21
38 57 8.38
38 58 5.28
38 59 1.84
38 60 8.31
38 61 5.36
38 62 5.08
38 63 2.01
38 64 1.10
38 65 6.87
38 66 6.65
38 67 2.11
38 68 5.27
38 69 1.33
38 70 9.04
38 71 8.31
38 72 8.90
38 73 2.55
38 74 8.72
38 75 2.09
38 76 2.53
38 77 1.66
38 78 5.81
38 79 1.21
38 80 8.19
38 81 1.53
38 82 5.62
38 83 7.42
38 84 3.90
38 85 0.04
38 86 2.32
38 87 1.45
38 88 3.20
38 89 4.81
38 90 7.74
38 91 6.39
38 92 3.46
38 93 4.63
38 94 1.31
38 95 7.04
38 96 0.06
38 97 6.39
38 98 3.45
38 99 2.62
39 40 3.74
39 41 7.46
39 42 1.71
39 43 8.63
39 44 8.74
39 45 4.85
39 46 6.17
39 47 8.32
39 48 0.42
39 49 7.68
39 50 9.55
39 51 1.96
39 52 4.83
39 53 4.73
39 54 7.20
39 55 9.32
39 56 0.17
39 57 2.21
39 58 0.29
39 59 8.68
39 60 8.92
39 61 8.96
39 62 6.06
39 63 1.96
39 64 9.56
39 65 3.92
39 66 6.63
39 67 9.01
39 68 9.33
39 69 0.55
39 70 5.72
39 71 4.94
39 72 7.65
39 73 6.66
39 74 5.92
39 75 3.57
39 76 2.32
39 77 1.21
39 78 4.63
39 79 0.03
39 80 1.58
39 81 10.00
39 82 7.74
39 83 3.10
39 84 6.33
39 85 6.88
39 86 7.55
39 87 8.52
39 88 1.59
39 89 9.06
39 90 2.45
39 91 3.78
39 92 1.46
39 93 5.88
39 94 0.44
39 95 0.02
39 96 8.33
39 97 5.44
39 98 5.98
39 99 4.24
40 41 7.69
40 42 2.27
40 43 1.85
40 44 5.59
40 45 7.03
40 46 7.08
40 47 8.86
40 48 0.65
40 49 9.96
40 50 7.88
40 51 4.38
40 52 9.60
40 53 8.45
40 54 5.75
40 55 4.87
40 56 0.39
40 57 8.58
40 58 7.07
40 59 6.95
40 60 1.50
40 61 9.78
40 62 4.07
40 63 7.74
40 64 4.55
40 65 0.68
40 66 8.63
40 67 2.15
40 68 8.73
40 69 0.32
40 70 4.33
40 71 3.17
40 72 3.10
40 73 7.23
40 74 9.47
40 75 0.64
40 76 9.84
40 77 4.91
40 78 4.73
40 79 2.19
40 80 3.57
40 81 5.25
40 82 5.89
40 83 2.44
40 84 7.02
40 85 9.78
40 86 0.79
40 87 4.70
40 88 5.41
40 89 4.43
40 90 6.78
40 91 1.04
40 92 5.87
40 93 4.29
40 94 9.75
40 95 3.30
40 96 7.73
40 97 5.83
40 98 4.02
40 99 7.52
41 42 4.55
41 43 9.34
41 44 0.26
41 45 5.71
41 46 3.13
41 47 9.28
41 48 9.07
41 49 5.25
41 50 0.50
41 51 1.97
41 52 8.61
41 53 2.70
41 54 7.04
41 55 7.72
41 56 5.44
41 57 4.22
41 58 4.32
41 59 8.51
41 60 3.10
41 61 3.12
41 62 2.41
41 63 7.11
41 64 6.80
41 65 4.05
41 66 2.54
41 67 7.44
41 68 6.09
41 69 8.38
41 70 1.70
41 71 8.09
41 72 2.18
41 73 5.35
41 74 6.90
41 75 0.40
41 76 6.95
41 77 7.27
41 78 4.33
41 79 7.56
41 80 2.43
41 81 5.75
41 82 1.73
41 83 7.36
41 84 5.72
41 85 7.60
41 86 3.22
41 87 8.19
41 88 2.90
41 89 4.28
41 90 9.64
41 91 5.84
41 92 6.08
41 93 3.70
41 94 5.84
41 95 2.28
41 96 4.80
41 97 3.14
41 98 6.91
41 99 2.01
42 43 9.29
42 44 5.56
42 45 3.75
42 46 1.32
42 47 7.97
42 48 6.27
42 49 2.90
42 50 10.00
42 51 0.50
42 52 2.16
42 53 6.80
42 54 7.88
42 55 6.90
42 56 6.13
42 57 4.13
42 58 5.31
42 59 7.77
42 60 5.81
42 61 2.06
42 62 5.16
42 63 1.50
42 64 7.31
42 65 9.39
42 66 0.73
42 67 0.10
42 68 3.71
42 69 2.55
42 70 4.70
42 71 8.51
42 72 3.58
42 73 0.14
42 74 1.41
42 75 8.80
42 76 8.60
42 77 3.35
42 78 2.49
42 79 0.22
42 80 4.73
42 81 4.54
42 82 4.03
42 83 9.72
42 84 0.92
42 85 6.13
42 86 5.14
42 87 0.59
42 88 0.82
42 89 3.79
42 90 2.24
42 91 3.77
42 92 0.30
42 93 5.47
42 94 0.61
42 95 4.22
42 96 3.80
42 97 2.07
42 98 9.29
42 99 0.22
43 44 1.48
43 45 9.24
43 46 1.94
43 47 0.34
43 48 8.41
43 49 1.02
43 50 6.78
43 51 5.60
43 52 5.33
43 53 1.65
43 54 3.01
43 55 6.06
43 56 9.64
43 57 5.30
43 58 6.62
43 59 5.83
43 60 4.61
43 61 5.77
43 62 2.03
43 63 9.23
43 64 0.49
43 65 1.96
43 66 6.89
43 67 0.93
43 68 0.95
43 69 0.02
43 70 3.85
43 71 9.22
43 72 2.72
43 73 5.21
43 74 2.77
43 75 7.38
43 76 1.10
43 77 1.03
43 78 9.37
43 79 5.82
43 80 7.32
43 81 8.19
43 82 3.47
43 83 7.70
43 84 1.10
43 85 0.42
43 86 4.46
43 87 9.36
43 88 2.56
43 89 7.58
43 90 7.95
43 91 2.53
43 92 6.41
43 93 3.84
43 94 3.71
43 95 0.79
43 96 1.74
43 97 3.00
43 98 0.13
43 99 6.31
44 45 9.09
44 46 4.68
44 47 6.71
44 48 6.69
44 49 6.01
44 50 4.24
44 51 6.48
44 52 7.99
44 53 7.60
44 54 5.12
44 55 6.73
44 56 1.56
44 57 9.84
44 58 4.24
44 59 8.62
44 60 0.95
44 61 5.26
44 62 0.82
44 63 2.71
44 64 2.60
44 65 2.23
44 66 7.97
44 67 5.97
44 68 4.81
44 69 8.84
44 70 2.60
44 71 9.78
44 72 3.90
44 73 7.22
44 74 8.52
44 75 1.52
44 76 8.36
44 77 1.33
44 78 7.97
44 79 6.55
44 80 5.57
44 81 3.06
44 82 5.38
44 83 4.69
44 84 6.89
44 85 0.98
44 86 2.42
44 87 7.36
44 88 1.79
44 89 7.65
44 90 7.68
44 91 7.11
44 92 0.19
44 93 5.41
44 94 3.32
44 95 6.85
44 96 0.89
44 97 6.68
44 98 4.58
44 99 8.77
45 46 3.23
45 47 8.94
45 48 4.05
45 49 6.24
45 50 0.10
45 51 5.47
45 52 2.84
45 53 0.82
45 54 4.63
45 55 3.20
45 56 9.53
45 57 4.92
45 58 2.17
45 59 1.42
45 60 3.01
45 61 9.32
45 62 7.34
45 63 6.49
45 64 4.86
45 65 0.87
45 66 5.29
45 67 7.45
45 68 3.52
45 69 7.93
45 70 9.93
45 71 9.14
45 72 8.25
45 73 9.66
45 74 2.56
45 75 2.76
45 76 8.50
45 77 4.34
45 78 9.22
45 79 4.25
45 80 8.34
45 81 0.58
45 82 6.93
45 83 7.12
45 84 3.83
45 85 0.49
45 86 8.86
45 87 3.07
45 88 0.12
45 89 1.45
45 90 8.01
45 91 1.25
45 92 9.82
45 93 0.84
45 94 0.36
45 95 7.59
45 96 6.06
45 97 3.16
45 98 8.63
45 99 3.54
46 47 2.48
46 48 1.64
46 49 5.95
46 50 5.96
46 51 0.17
46 52 6.58
46 53 1.57
46 54 7.02
46 55 3.05
46 56 8.10
46 57 5.10
46 58 0.41
46 59 1.33
46 60 1.34
46 61 7.08
46 62 8.69
46 63 5.94
46 64 5.53
46 65 4.56
46 66 6.99
46 67 4.22
46 68 5.68
46 69 0.14
46 70 0.75
46 71 7.95
46 72 0.43
46 73 4.52
46 74 5.10
46 75 4.36
46 76 2.35
46 77 7.87
46 78 5.56
46 79 9.10
46 80 4.59
46 81 3.69
46 82 5.98
46 83 1.92
46 84 1.99
46 85 9.71
46 86 4.26
46 87 0.11
46 88 3.66
46 89 8.43
46 90 0.31
46 91 8.10
46 92 1.37
46 93 0.17
46 94 1.03
46 95 6.46
46 96 4.27
46 97 6.23
46 98 6.80
46 99 3.54
47 48 8.39
47 49 6.61
47 50 0.00
47 51 3.00
47 52 0.25
47 53 2.59
47 54 1.46
47 55 9.75
47 56 0.16
47 57 1.00
47 58 8.30
47 59 1.97
47 60 7.99
47 61 7.16
47 62 6.08
47 63 6.99
47 64 9.67
47 65 6.21
47 66 7.77
47 67 4.05
47 68 2.83
47 69 6.36
47 70 3.00
47 71 9.27
47 72 7.74
47 73 5.21
47 74 6.39
47 75 0.38
47 76 5.94
47 77 8.81
47 78 8.05
47 79 4.55
47 80 6.92
47 81 2.86
47 82 0.53
47 83 1.20
47 84 8.67
47 85 2.55
47 86 5.79
47 87 0.19
47 88 1.81
47 89 5.36
47 90 9.93
47 91 0.36
47 92 1.95
47 93 6.81
47 94 2.00
47 95 6.99
47 96 6.12
47 97 9.41
47 98 3.24
47 99 4.62
48 49 4.56
48 50 9.77
48 51 4.96
48 52 0.99
48 53 6.40
48 54 8.68
48 55 3.53
48 56 8.49
48 57 4.59
48 58 6.40
48 59 3.61
48 60 7.34
48 61 6.13
48 62 2.48
48 63 6.08
48 64 1.36
48 65 1.05
48 66 1.69
48 67 3.19
48 68 0.04
48 69 2.96
48 70 4.00
48 71 1.90
48 72 5.97
48 73 0.26
48 74 2.95
48 75 4.54
48 76 3.31
48 77 1.56
48 78 8.14
48 79 4.18
48 80 4.54
48 81 6.56
48 82 9.88
48 83 8.84
48 84 9.83
48 85 3.19
48 86 4.96
48 87 6.76
48 88 6.29
48 89 7.60
48 90 9.69
48 91 4.55
48 92 8.87
48 93 2.83
48 94 3.66
48 95 1.51
48 96 0.32
48 97 5.89
48 98 3.01
48 99 0.59
49 50 3.61
49 51 7.03
49 52 7.10
49 53 8.29
49 54 5.59
49 55 7.65
49 56 4.95
49 57 9.88
49 58 0.13
49 59 4.52
49 60 2.46
49 61 6.91
49 62 0.62
49 63 8.86
49 64 5.20
49 65 4.34
49 66 5.45
49 67 5.61
49 68 3.96
49 69 0.40
49 70 1.48
49 71 3.94
49 72 5.49
49 73 9.29
49 74 2.52
49 75 9.65
49 76 9.23
49 77 7.62
49 78 7.34
49 79 7.10
49 80 0.70
49 81 9.73
49 82 2.41
49 83 4.90
49 84 8.06
49 85 6.30
49 86 6.73
49 87 5.48
49 88 1.55
49 89 7.97
49 90 6.06
49 91 7.30
49 92 0.65
49 93 3.29
49 94 8.24
49 95 0.08
49 96 0.73
49 97 7.57
49 98 5.33
49 99 7.18
50 51 4.70
50 52 4.15
50 53 0.54
50 54 9.03
50 55 8.77
50 56 3.44
50 57 8.83
50 58 9.98
50 59 5.58
50 60 7.57
50 61 1.33
50 62 5.88
50 63 5.14
50 64 0.88
50 65 1.22
50 66 9.61
50 67 0.67
50 68 9.15
50 69 7.02
50 70 8.11
50 71 8.44
50 72 3.69
50 73 6.03
50 74 1.66
50 75 3.22
50 76 9.78
50 77 3.51
50 78 1.45
50 79 3.52
50 80 2.38
50 81 7.68
50 82 6.89
50 83 8.06
50 84 7.48
50 85 7.89
50 86 6.30
50 87 3.74
50 88 4.04
50 89 0.72
50 90 4.03
50 91 6.98
50 92 6.79
50 93 6.31
50 94 8.28
50 95 1.90
50 96 1.13
50 97 9.41
50 98 8.80
50 99 4.45
51 52 6.04
51 53 3.39
51 54 0.67
51 55 4.43
51 56 0.29
51 57 5.45
51 58 8.04
51 59 0.14
51 60 4.38
51 61 0.98
51 62 7.91
51 63 5.30
51 64 7.18
51 65 1.17
51 66 3.41
51 67 3.96
51 68 5.93
51 69 9.05
51 70 2.55
51 71 6.49
51 72 8.02
51 73 5.16
51 74 6.38
51 75 3.85
51 76 3.55
51 77 6.51
51 78 7.73
51 79 8.76
51 80 4.21
51 81 8.90
51 82 6.98
51 83 4.49
51 84 5.03
51 85 9.54
51 86 5.41
51 87 8.63
51 88 6.02
51 89 3.36
51 90 8.49
51 91 6.10
51 92 7.17
51 93 4.65
51 94 8.07
51 95 7.12
51 96 6.41
51 97 0.35
51 98 0.18
51 99 1.06
52 53 2.01
52 54 9.62
52 55 3.67
52 56 5.17
52 57 8.72
52 58 3.30
52 59 4.66
52 60 8.38
52 61 8.78
52 62 3.74
52 63 3.55
52 64 1.59
52 65 9.62
52 66 0.28
52 67 2.22
52 68 6.22
52 69 7.34
52 70 9.87
52 71 1.77
52 72 5.50
52 73 8.64
52 74 8.82
52 75 6.76
52 76 0.59
52 77 7.18
52 78 0.23
52 79 8.74
52 80 5.33
52 81 7.94
52 82 8.13
52 83 5.09
52 84 8.69
52 85 7.31
52 86 8.25
52 87 0.28
52 88 8.99
52 89 0.22
52 90 9.49
52 91 6.80
52 92 2.89
52 93 8.43
52 94 0.83
52 95 5.19
52 96 7.12
52 97 0.97
52 98 9.48
52 99 5.35
53 54 8.29
53 55 0.80
53 56 5.10
53 57 6.42
53 58 9.47
53 59 5.76
53 60 6.45
53 61 1.15
53 62 6.45
53 63 4.41
53 64 2.80
53 65 1.17
53 66 5.35
53 67 7.72
53 68 1.40
53 69 8.72
53 70 9.48
53 71 0.02
53 72 0.49
53 73 2.57
53 74 8.16
53 75 2.67
53 76 5.25
53 77 9.43
53 78 0.19
53 79 0.98
53 80 6.23
53 81 8.91
53 82 2.83
53 83 0.27
53 84 7.05
53 85 0.71
53 86 6.27
53 87 8.25
53 88 1.26
53 89 9.63
53 90 2.21
53 91 1.12
53 92 1.24
53 93 9.42
53 94 4.44
53 95 4.24
53 96 1.29
53 97 9.90
53 98 4.97
53 99 0.94
54 55 8.65
54 56 2.25
54 57 4.23
54 58 3.77
54 59 9.65
54 60 6.32
54 61 1.66
54 62 8.89
54 63 7.13
54 64 1.99
54 65 9.90
54 66 4.20
54 67 6.33
54 68 3.38
54 69 5.66
54 70 2.76
54 71 0.87
54 72 5.21
54 73 3.27
54 74 3.91
54 75 0.59
54 76 2.94
54 77 9.92
54 78 8.26
54 79 8.55
54 80 3.83
54 81 8.83
54 82 5.21
54 83 0.32
54 84 1.64
54 85 5.68
54 86 6.16
54 87 3.77
54 88 2.00
54 89 2.44
54 90 0.02
54 91 9.11
54 92 7.03
54 93 5.06
54 94 4.68
54 95 1.23
54 96 7.01
54 97 2.23
54 98 6.82
54 99 8.96
55 56 7.69
55 57 9.56
55 58 9.15
55 59 5.78
55 60 2.95
55 61 1.20
55 62 7.57
55 63 3.25
55 64 6.38
55 65 9.40
55 66 6.06
55 67 6.22
55 68 3.42
55 69 1.53
55 70 4.02
55 71 8.29
55 72 5.66
55 73 6.04
55 74 4.04
55 75 0.28
55 76 5.29
55 77 5.63
55 78 4.70
55 79 2.87
55 80 9.55
55 81 4.27
55 82 0.99
55 83 5.50
55 84 5.71
55 85 5.10
55 86 0.37
55 87 8.64
55 88 3.34
55 89 3.91
55 90 5.92
55 91 6.38
55 92 7.12
55 93 5.98
55 94 6.61
55 95 3.87
55 96 4.21
55 97 9.76
55 98 7.10
55 99 7.29
56 57 1.07
56 58 9.14
56 59 3.66
56 60 8.92
56 61 4.14
56 62 2.03
56 63 2.59
56 64 10.00
56 65 9.54
56 66 8.01
56 67 7.48
56 68 7.76
56 69 5.47
56 70 0.74
56 71 8.67
56 72 6.78
56 73 9.03
56 74 1.05
56 75 3.38
56 76 9.92
56 77 8.90
56 78 0.09
56 79 0.37
56 80 8.94
56 81 1.20
56 82 5.03
56 83 8.21
56 84 3.62
56 85 0.01
56 86 3.95
56 87 4.19
56 88 7.57
56 89 6.76
56 90 1.69
56 91 7.16
56 92 6.81
56 93 5.55
56 94 1.06
56 95 1.84
56 96 1.46
56 97 4.91
56 98 2.38
56 99 2.20
57 58 2.97
57 59 5.72
57 60 2.09
57 61 6.41
57 62 3.47
57 63 4.23
57 64 0.60
57 65 6.79
57 66 7.26
57 67 6.18
57 68 0.78
57 69 2.11
57 70 9.23
57 71 3.86
57 72 9.58
57 73 4.79
57 74 4.16
57 75 5.89
57 76 6.69
57 77 7.16
57 78 0.72
57 79 5.36
57 80 4.19
57 81 6.83
57 82 7.06
57 83 0.16
57 84 1.97
57 85 1.30
57 86 0.01
57 87 5.98
57 88 5.44
57 89 3.16
57 90 8.45
57 91 8.18
57 92 3.66
57 93 3.52
57 94 9.72
57 95 7.70
57 96 0.39
57 97 6.70
57 98 8.12
57 99 7.89
58 59 3.34
58 60 5.28
58 61 3.37
58 62 0.56
58 63 1.36
58 64 1.74
58 65 2.97
58 66 3.57
58 67 0.13
58 68 4.36
58 69 0.56
58 70 1.21
58 71 1.13
58 72 1.25
58 73 7.03
58 74 1.68
58 75 8.98
58 76 9.62
58 77 2.92
58 78 6.30
58 79 8.60
58 80 3.10
58 81 1.99
58 82 9.79
58 83 4.75
58 84 6.71
58 85 4.43
58 86 5.58
58 87 3.38
58 88 0.58
58 89 2.52
58 90 5.24
58 91 1.24
58 92 7.60
58 93 8.33
58 94 7.48
58 95 5.89
58 96 6.44
58 97 0.94
58 98 9.66
58 99 2.64
59 60 4.32
59 61 1.44
59 62 4.85
59 63 7.15
59 64 7.92
59 65 1.15
59 66 4.57
59 67 1.55
59 68 0.33
59 69 6.15
59 70 6.43
59 71 2.95
59 72 4.29
59 73 2.99
59 74 4.67
59 75 9.44
59 76 3.39
59 77 2.05
59 78 8.76
59 79 4.08
59 80 1.97
59 81 4.63
59 82 0.26
59 83 7.31
59 84 4.75
59 85 0.44
59 86 2.96
59 87 8.13
59 88 0.34
59 89 3.57
59 90 6.79
59 91 8.44
59 92 9.80
59 93 6.07
59 94 5.94
59 95 8.86
59 96 2.94
59 97 2.04
59 98 7.19
59 99 5.43
60 61 9.95
60 62 4.41
60 63 6.09
60 64 5.69
60 65 4.48
60 66 7.63
60 67 7.58
60 68 7.04
60 69 0.73
60 70 6.46
60 71 1.43
60 72 8.14
60 73 5.59
60 74 8.06
60 75 0.71
60 76 2.76
60 77 2.88
60 78 6.40
60 79 2.89
60 80 6.01
60 81 0.22
60 82 2.46
60 83 1.84
60 84 8.03
60 85 2.86
60 86 9.73
60 87 7.36
60 88 3.56
60 89 9.89
60 90 4.31
60 91 8.91
60 92 2.25
60 93 4.84
60 94 9.92
60 95 0.30
60 96 2.16
60 97 7.88
60 98 9.08
60 99 2.86
61 62 5.76
61 63 5.29
61 64 3.85
61 65 3.28
61 66 1.53
61 67 4.26
61 68 1.24
61 69 0.57
61 70 1.48
61 71 1.61
61 72 0.86
61 73 3.58
61 74 4.04
61 75 9.78
61 76 2.05
61 77 3.50
61 78 3.46
61 79 2.35
61 80 8.71
61 81 1.80
61 82 1.40
61 83 7.69
61 84 1.43
61 85 9.07
61 86 1.56
61 87 5.69
61 88 3.00
61 89 0.00
61 90 8.98
61 91 3.90
61 92 9.79
61 93 0.65
61 94 9.80
61 95 5.57
61 96 6.92
61 97 4.50
61 98 2.20
61 99 8.36
62 63 6.12
62 64 1.77
62 65 3.49
62 66 0.59
62 67 3.08
62 68 3.74
62 69 5.10
62 70 6.18
62 71 6.96
62 72 1.70
62 73 8.53
62 74 2.20
62 75 8.91
62 76 6.68
62 77 4.96
62 78 3.68
62 79 2.36
62 80 6.10
62 81 6.36
62 82 8.14
62 83 5.57
62 84 4.55
62 85 4.99
62 86 2.71
62 87 1.35
62 88 4.31
62 89 2.83
62 90 7.25
62 91 0.04
62 92 7.06
62 93 0.98
62 94 4.09
62 95 5.65
62 96 1.59
62 97 5.77
62 98 0.84
62 99 4.72
63 64 4.40
63 65 2.58
63 66 8.89
63 67 3.63
63 68 5.77
63 69 6.45
63 70 5.05
63 71 6.27
63 72 4.31
63 73 9.50
63 74 9.71
63 75 2.38
63 76 8.51
63 77 1.67
63 78 6.29
63 79 2.56
63 80 1.09
63 81 4.83
63 82 1.54
63 83 6.72
63 84 2.82
63 85 2.31
63 86 5.80
63 87 6.46
63 88 5.94
63 89 6.55
63 90 9.21
63 91 4.61
63 92 0.59
63 93 5.80
63 94 8.19
63 95 8.58
63 96 9.07
63 97 7.39
63 98 3.81
63 99 5.99
64 65 5.76
64 66 2.08
64 67 8.70
64 68 0.05
64 69 5.43
64 70 0.91
64 71 9.54
64 72 9.28
64 73 6.07
64 74 4.37
64 75 4.07
64 76 2.89
64 77 0.94
64 78 6.85
64 79 6.57
64 80 5.16
64 81 0.45
64 82 8.64
64 83 9.62
64 84 6.01
64 85 1.90
64 86 9.25
64 87 3.05
64 88 3.86
64 89 7.70
64 90 7.87
64 91 3.35
64 92 8.81
64 93 5.46
64 94 0.32
64 95 8.00
64 96 8.34
64 97 7.24
64 98 3.63
64 99 9.21
65 66 1.06
65 67 1.48
65 68 2.75
65 69 3.80
65 70 5.60
65 71 5.48
65 72 9.56
65 73 3.15
65 74 3.55
65 75 2.15
65 76 5.36
65 77 7.94
65 78 7.83
65 79 4.89
65 80 4.38
65 81 8.94
65 82 6.75
65 83 4.60
65 84 7.74
65 85 2.08
65 86 7.42
65 87 3.10
65 88 2.87
65 89 1.03
65 90 2.61
65 91 7.63
65 92 4.49
65 93 5.38
65 94 2.63
65 95 7.81
65 96 5.46
65 97 6.86
65 98 3.01
65 99 2.21
66 67 7.88
66 68 2.90
66 69 1.00
66 70 2.77
66 71 7.49
66 72 6.43
66 73 0.93
66 74 1.05
66 75 7.04
66 76 7.57
66 77 7.97
66 78 7.63
66 79 5.68
66 80 6.76
66 81 4.91
66 82 4.86
66 83 4.02
66 84 0.06
66 85 9.75
66 86 3.92
66 87 7.28
66 88 7.27
66 89 7.46
66 90 0.70
66 91 7.48
66 92 1.48
66 93 0.72
66 94 1.46
66 95 6.99
66 96 6.00
66 97 5.20
66 98 3.29
66 99 6.91
67 68 9.92
67 69 4.64
67 70 9.00
67 71 7.67
67 72 5.77
67 73 5.46
67 74 7.97
67 75 2.82
67 76 8.83
67 77 1.29
67 78 8.77
67 79 1.09
67 80 4.58
67 81 4.43
67 82 4.19
67 83 0.27
67 84 3.49
67 85 7.31
67 86 2.33
67 87 6.87
67 88 0.10
67 89 9.24
67 90 7.47
67 91 9.96
67 92 0.40
67 93 6.96
67 94 9.04
67 95 5.10
67 96 1.43
67 97 6.04
67 98 3.86
67 99 0.43
68 69 2.90
68 70 5.64
68 71 6.27
68 72 7.49
68 73 6.16
68 74 6.63
68 75 9.73
68 76 7.20
68 77 1.26
68 78 5.79
68 79 1.89
68 80 5.38
68 81 8.83
68 82 3.84
68 83 3.89
68 84 1.95
68 85 3.54
68 86 8.87
68 87 7.46
68 88 0.47
68 89 2.74
68 90 0.12
68 91 9.61
68 92 6.58
68 93 2.81
68 94 6.26
68 95 9.77
68 96 1.14
68 97 2.89
68 98 0.50
68 99 3.15
69 70 3.93
69 71 5.21
69 72 4.78
69 73 6.37
69 74 1.78
69 75 6.76
69 76 5.04
69 77 4.36
69 78 7.85
69 79 9.12
69 80 9.12
69 81 5.37
69 82 6.99
69 83 3.75
69 84 5.32
69 85 4.30
69 86 3.12
69 87 0.67
69 88 3.48
69 89 4.43
69 90 8.46
69 91 6.83
69 92 3.40
69 93 9.25
69 94 6.49
69 95 0.73
69 96 5.82
69 97 7.06
69 98 9.45
69 99 0.69
70 71 4.84
70 72 5.39
70 73 4.12
70 74 4.42
70 75 5.24
70 76 0.66
70 77 1.10
70 78 5.66
70 79 8.75
70 80 8.36
70 81 0.90
70 82 7.63
70 83 5.31
70 84 4.20
70 85 6.42
70 86 8.47
70 87 2.60
70 88 5.93
70 89 9.59
70 90 5.85
70 91 0.95
70 92 9.60
70 93 8.69
70 94 3.46
70 95 4.96
70 96 5.58
70 97 3.40
70 98 8.10
70 99 2.86
71 72 6.00
71 73 2.63
71 74 0.81
71 75 2.09
71 76 0.91
71 77 9.49
71 78 2.01
71 79 1.01
71 80 3.13
71 81 5.52
71 82 1.32
71 83 4.98
71 84 9.39
71 85 7.51
71 86 6.55
71 87 1.54
71 88 7.72
71 89 9.29
71 90 9.66
71 91 7.83
71 92 4.10
71 93 2.98
71 94 4.82
71 95 9.89
71 96 6.79
71 97 4.47
71 98 5.13
71 99 5.28
72 73 3.16
72 74 4.61
72 75 2.08
72 76 4.77
72 77 1.55
72 78 2.22
72 79 7.81
72 80 4.29
72 81 3.82
72 82 8.18
72 83 4.72
72 84 1.77
72 85 0.53
72 86 8.38
72 87 5.78
72 88 7.40
72 89 8.90
72 90 7.17
72 91 6.48
72 92 7.57
72 93 5.03
72 94 0.54
72 95 7.07
72 96 3.95
72 97 2.39
72 98 9.71
72 99 7.74
73 74 1.26
73 75 7.20
73 76 6.32
73 77 6.71
73 78 5.94
73 79 0.80
73 80 7.16
73 81 6.55
73 82 3.49
73 83 5.24
73 84 8.76
73 85 9.73
73 86 6.93
73 87 8.16
73 88 8.50
73 89 8.56
73 90 8.90
73 91 7.99
73 92 6.71
73 93 8.78
73 94 5.13
73 95 8.68
73 96 3.47
73 97 0.28
73 98 5.91
73 99 7.75
74 75 1.27
74 76 2.67
74 77 2.59
74 78 3.51
74 79 3.08
74 80 0.00
74 81 7.53
74 82 8.27
74 83 6.20
74 84 2.50
74 85 9.86
74 86 0.60
74 87 0.93
74 88 9.88
74 89 9.74
74 90 2.51
74 91 2.51
74 92 4.27
74 93 1.92
74 94 6.94
74 95 6.13
74 96 7.50
74 97 9.51
74 98 1.23
74 99 3.01
75 76 3.95
75 77 6.55
75 78 5.87
75 79 3.28
75 80 5.91
75 81 8.91
75 82 1.87
75 83 1.30
75 84 0.82
75 85 7.21
75 86 5.40
75 87 0.19
75 88 8.35
75 89 6.12
75 90 9.15
75 91 2.51
75 92 8.40
75 93 0.87
75 94 4.06
75 95 2.24
75 96 0.03
75 97 2.69
75 98 8.52
75 99 2.93
76 77 8.51
76 78 1.76
76 79 8.84
76 80 8.57
76 81 6.02
76 82 9.66
76 83 2.59
76 84 6.66
76 85 1.28
76 86 1.93
76 87 7.16
76 88 1.20
76 89 7.26
76 90 6.02
76 91 3.91
76 92 6.25
76 93 0.55
76 94 6.61
76 95 1.32
76 96 9.96
76 97 8.34
76 98 2.90
76 99 6.80
77 78 7.93
77 79 5.85
77 80 7.35
77 81 7.09
77 82 7.92
77 83 1.72
77 84 6.42
77 85 3.21
77 86 5.97
77 87 2.07
77 88 9.79
77 89 3.05
77 90 0.24
77 91 5.49
77 92 9.59
77 93 5.06
77 94 3.10
77 95 3.52
77 96 7.50
77 97 1.92
77 98 0.73
77 99 3.14
78 79 9.47
78 80 4.22
78 81 4.46
78 82 8.41
78 83 9.45
78 84 4.82
78 85 7.05
78 86 0.19
78 87 0.00
78 88 8.89
78 89 4.37
78 90 2.72
78 91 7.79
78 92 9.92
78 93 3.22
78 94 2.10
78 95 5.80
78 96 5.11
78 97 0.57
78 98 9.78
78 99 7.62
79 80 8.23
79 81 9.34
79 82 3.33
79 83 6.40
79 84 0.09
79 85 0.08
79 86 4.18
79 87 2.23
79 88 7.74
79 89 2.46
79 90 0.80
79 91 8.11
79 92 5.45
79 93 1.16
79 94 1.90
79 95 9.11
79 96 9.47
79 97 1.70
79 98 8.09
79 99 1.80
80 81 7.91
80 82 6.49
80 83 0.47
80 84 9.82
80 85 3.86
80 86 4.56
80 87 5.24
80 88 6.66
80 89 1.74
80 90 5.33
80 91 3.71
80 92 2.20
80 93 9.94
80 94 6.03
80 95 5.32
80 96 4.84
80 97 1.66
80 98 5.77
80 99 0.63
81 82 6.31
81 83 8.62
81 84 0.61
81 85 6.72
81 86 4.51
81 87 9.42
81 88 6.57
81 89 0.92
81 90 4.09
81 91 0.52
81 92 4.95
81 93 8.10
81 94 6.82
81 95 2.78
81 96 2.21
81 97 8.98
81 98 6.82
81 99 9.89
82 83 8.00
82 84 3.33
82 85 4.72
82 86 4.47
82 87 8.30
82 88 2.43
82 89 5.09
82 90 7.10
82 91 5.34
82 92 4.15
82 93 0.84
82 94 5.87
82 95 1.94
82 96 5.89
82 97 1.08
82 98 6.02
82 99 1.96
83 84 6.30
83 85 4.26
83 86 6.27
83 87 7.87
83 88 5.04
83 89 7.55
83 90 7.42
83 91 9.92
83 92 0.56
83 93 6.34
83 94 8.51
83 95 3.27
83 96 6.53
83 97 8.83
83 98 1.39
83 99 6.41
84 85 8.55
84 86 4.06
84 87 8.03
84 88 0.63
84 89 3.92
84 90 9.33
84 91 6.02
84 92 1.53
84 93 7.89
84 94 8.59
84 95 4.95
84 96 8.12
84 97 4.10
84 98 2.73
84 99 6.10
85 86 5.96
85 87 3.00
85 88 7.08
85 89 1.82
85 90 4.23
85 91 3.17
85 92 3.87
85 93 0.43
85 94 8.31
85 95 8.99
85 96 4.88
85 97 6.80
85 98 8.09
85 99 6.17
86 87 1.21
86 88 2.42
86 89 7.74
86 90 6.06
86 91 1.68
86 92 8.87
86 93 3.08
86 94 5.78
86 95 3.99
86 96 9.83
86 97 0.64
86 98 7.46
86 99 4.21
87 88 7.91
87 89 8.29
87 90 7.17
87 91 1.65
87 92 1.40
87 93 6.29
87 94 3.19
87 95 6.08
87 96 7.47
87 97 3.06
87 98 0.56
87 99 2.21
88 89 5.72
88 90 0.41
88 91 0.89
88 92 7.11
88 93 2.41
88 94 9.22
88 95 5.05
88 96 1.50
88 97 8.17
88 98 6.41
88 99 1.93
89 90 7.44
89 91 5.53
89 92 5.19
89 93 4.68
89 94 7.77
89 95 0.17
89 96 0.94
89 97 1.10
89 98 6.66
89 99 0.62
90 91 2.45
90 92 2.54
90 93 9.07
90 94 3.34
90 95 1.62
90 96 7.39
90 97 5.33
90 98 0.69
90 99 0.34
91 92 5.80
91 93 8.24
91 94 1.04
91 95 7.01
91 96 6.12
91 97 2.67
91 98 8.20
91 99 6.19
92 93 1.57
92 94 9.41
92 95 4.73
92 96 3.28
92 97 1.00
92 98 0.75
92 99 1.11
93 94 5.93
93 95 6.56
93 96 0.31
93 97 7.80
93 98 9.70
93 99 5.75
94 95 3.68
94 96 2.04
94 97 3.53
94 98 3.68
94 99 3.76
95 96 1.89
95 97 8.51
95 98 0.70
95 99 7.99
96 97 8.24
96 98 2.30
96 99 0.02
97 98 6.06
97 99 3.02
98 99 1.98
