100 10
0 1 6.22
0 2 6.71
0 3 2.94
0 4 5.96
0 5 1.48
0 6 4.75
0 7 6.42
0 8 0.35
0 9 7.33
0 10 2.46
0 11 1.82
0 12 2.86
0 13 9.40
0 14 2.62
0 15 7.05
0 16 4.38
0 17 6.63
0 18 8.05
0 19 5.30
0 20 1.44
0 21 1.77
0 22 0.60
0 23 8.57
0 24 3.81
0 25 8.36
0 26 9.88
0 27 0.85
0 28 3.48
0 29 4.37
0 30 6.49
0 31 0.23
0 32 8.14
0 33 8.14
0 34 10.00
0 35 4.43
0 36 9.66
0 37 2.84
0 38 0.10
0 39 4.99
0 40 1.32
0 41 6.54
0 42 8.09
0 43 9.39
0 44 4.83
0 45 1.96
0 46 4.64
0 47 0.95
0 48 2.70
0 49 1.41
0 50 8.89
0 51 0.29
0 52 5.43
0 53 9.03
0 54 6.08
0 55 9.29
0 56 3.48
0 57 6.63
0 58 6.63
0 59 0.19
0 60 3.02
0 61 5.33
0 62 0.28
0 63 6.32
0 64 1.48
0 65 3.60
0 66 4.89
0 67 1.02
0 68 2.63
0 69 8.72
0 70 4.73
0 71 8.43
0 72 0.33
0 73 4.00
0 74 1.63
0 75 0.24
0 76 3.14
0 77 0.54
0 78 8.80
0 79 1.62
0 80 6.53
0 81 2.13
0 82 5.36
0 83 3.81
0 84 7.57
0 85 9.76
0 86 0.04
0 87 5.61
0 88 3.01
0 89 1.34
0 90 4.85
0 91 1.33
0 92 8.47
0 93 6.82
0 94 8.43
0 95 3.45
0 96 0.37
0 97 4.66
0 98 0.07
0 99 8.69
1 2 9.40
1 3 1.98
1 4 5.89
1 5 1.36
1 6 5.17
1 7 0.50
1 8 5.01
1 9 0.72
1 10 8.06
1 11 9.83
1 12 5.70
1 13 2.74
1 14 9.63
1 15 8.96
1 16 8.68
1 17 0.33
1 18 4.18
1 19 2.84
1 20 5.45
1 21 2.25
1 22 4.65
1 23 9.96
1 24 7.23
1 25 0.41
1 26 9.19
1 27 5.09
1 28 6.37
1 29 6.50
1 30 7.76
1 31 6.91
1 32 8.60
1 33 7.95
1 34 4.62
1 35 5.83
1 36 7.48
1 37 2.06
1 38 8.02
1 39 1.18
1 40 1.36
1 41 5.21
1 42 2.65
1 43 7.16
1 44 1.63
1 45 3.96
1 46 2.65
1 47 5.63
1 48 0.42
1 49 1.66
1 50 3.45
1 51 3.18
1 52 7.27
1 53 2.86
1 54 5.33
1 55 1.79
1 56 1.72
1 57 8.76
1 58 8.01
1 59 7.07
1 60 0.39
1 61 4.37
1 62 7.05
1 63 7.67
1 64 5.55
1 65 4.71
1 66 2.47
1 67 6.24
1 68 1.11
1 69 3.06
1 70 7.51
1 71 4.95
1 72 9.93
1 73 4.29
1 74 9.34
1 75 7.65
1 76 9.38
1 77 6.99
1 78 4.28
1 79 4.95
1 80 8.52
1 81 2.51
1 82 9.42
1 83 1.56
1 84 4.86
1 85 1.48
1 86 2.42
1 87 5.05
1 88 3.27
1 89 3.39
1 90 4.96
1 91 1.69
1 92 5.93
1 93 4.37
1 94 3.83
1 95 2.90
1 96 7.86
1 97 0.61
1 98 4.96
1 99 5.07
2 3 7.82
2 4 3.02
2 5 1.76
2 6 2.15
2 7 3.83
2 8 2.54
2 9 1.73
2 10 5.50
2 11 1.36
2 12 8.62
2 13 7.95
2 14 0.30
2 15 6.64
2 16 2.96
2 17 7.88
2 18 4.66
2 19 0.15
2 20 7.45
2 21 9.56
2 22 0.29
2 23 9.13
2 24 2.52
2 25 2.90
2 26 0.60
2 27 5.05
2 28 3.46
2 29 3.90
2 30 3.29
2 31 3.43
2 32 6.30
2 33 7.35
2 34 3.88
2 35 4.93
2 36 6.13
2 37 4.65
2 38 2.37
2 39 3.96
2 40 6.25
2 41 9.31
2 42 3.12
2 43 1.67
2 44 9.30
2 45 2.88
2 46 0.02
2 47 8.38
2 48 4.55
2 49 7.50
2 50 4.21
2 51 6.18
2 52 2.72
2 53 9.42
2 54 7.69
2 55 8.03
2 56 1.22
2 57 7.46
2 58 0.94
2 59 6.83
2 60 2.12
2 61 6.17
2 62 9.56
2 63 6.45
2 64 2.13
2 65 6.72
2 66 0.72
2 67 2.00
2 68 5.03
2 69 9.22
2 70 7.82
2 71 1.48
2 72 2.05
2 73 8.53
2 74 1.30
2 75 3.52
2 76 7.10
2 77 9.29
2 78 4.88
2 79 7.36
2 80 1.54
2 81 4.51
2 82 9.90
2 83 5.41
2 84 2.87
2 85 9.55
2 86 1.49
2 87 6.90
2 88 5.11
2 89 8.10
2 90 3.49
2 91 7.06
2 92 5.75
2 93 0.98
2 94 3.31
2 95 1.37
2 96 7.26
2 97 0.29
2 98 2.87
2 99 0.92
3 4 9.01
3 5 5.38
3 6 8.20
3 7 7.61
3 8 1.15
3 9 5.14
3 10 6.50
3 11 8.17
3 12 5.18
3 13 5.98
3 14 7.14
3 15 1.38
3 16 1.97
3 17 2.03
3 18 7.84
3 19 4.39
3 20 3.19
3 21 3.18
3 22 0.09
3 23 3.13
3 24 0.97
3 25 0.87
3 26 4.28
3 27 1.98
3 28 4.12
3 29 4.47
3 30 6.45
3 31 5.88
3 32 1.37
3 33 9.86
3 34 5.05
3 35 3.39
3 36 6.24
3 37 1.79
3 38 3.98
3 39 1.36
3 40 6.89
3 41 5.87
3 42 5.01
3 43 1.51
3 44 8.60
3 45 0.26
3 46 1.99
3 47 6.85
3 48 5.66
3 49 6.07
3 50 8.09
3 51 4.74
3 52 8.60
3 53 0.79
3 54 7.40
3 55 6.76
3 56 2.25
3 57 4.33
3 58 2.13
3 59 5.37
3 60 9.00
3 61 2.24
3 62 1.07
3 63 2.49
3 64 5.86
3 65 1.41
3 66 2.68
3 67 5.38
3 68 1.03
3 69 3.73
3 70 9.56
3 71 9.83
3 72 2.68
3 73 6.58
3 74 2.83
3 75 5.63
3 76 0.94
3 77 9.67
3 78 4.58
3 79 5.56
3 80 3.80
3 81 7.27
3 82 8.64
3 83 2.70
3 84 4.08
3 85 2.84
3 86 8.40
3 87 8.89
3 88 2.18
3 89 2.61
3 90 6.79
3 91 2.47
3 92 1.76
3 93 5.73
3 94 1.60
3 95 1.85
3 96 9.80
3 97 8.24
3 98 3.08
3 99 1.24
4 5 4.93
4 6 1.95
4 7 3.40
4 8 1.93
4 9 9.02
4 10 5.89
4 11 6.09
4 12 9.48
4 13 6.88
4 14 0.60
4 15 7.25
4 16 2.55
4 17 7.12
4 18 5.98
4 19 0.33
4 20 8.52
4 21 6.90
4 22 3.86
4 23 7.94
4 24 8.63
4 25 9.44
4 26 2.59
4 27 6.36
4 28 2.04
4 29 6.80
4 30 4.25
4 31 0.38
4 32 9.31
4 33 0.57
4 34 8.19
4 35 4.63
4 36 5.27
4 37 6.69
4 38 9.61
4 39 3.10
4 40 1.07
4 41 5.41
4 42 0.70
4 43 4.29
4 44 6.82
4 45 6.30
4 46 3.60
4 47 7.32
4 48 8.73
4 49 2.10
4 50 6.45
4 51 6.75
4 52 5.41
4 53 3.49
4 54 0.21
4 55 1.78
4 56 8.93
4 57 8.04
4 58 4.10
4 59 0.28
4 60 4.96
4 61 0.35
4 62 9.59
4 63 4.30
4 64 1.88
4 65 6.33
4 66 1.75
4 67 2.64
4 68 1.34
4 69 4.20
4 70 1.81
4 71 9.61
4 72 0.40
4 73 3.40
4 74 5.09
4 75 2.86
4 76 7.26
4 77 2.74
4 78 1.43
4 79 3.50
4 80 8.11
4 81 1.48
4 82 5.80
4 83 1.30
4 84 0.66
4 85 0.13
4 86 1.66
4 87 5.31
4 88 1.48
4 89 5.75
4 90 8.72
4 91 8.01
4 92 3.01
4 93 0.83
4 94 1.05
4 95 5.87
4 96 7.63
4 97 7.15
4 98 0.71
4 99 8.78
5 6 4.33
5 7 5.81
5 8 7.01
5 9 6.00
5 10 8.86
5 11 6.35
5 12 4.86
5 13 0.75
5 14 0.88
5 15 9.41
5 16 1.32
5 17 8.46
5 18 5.61
5 19 3.13
5 20 7.53
5 21 3.40
5 22 6.53
5 23 1.71
5 24 0.96
5 25 4.86
5 26 8.33
5 27 8.95
5 28 4.17
5 29 8.02
5 30 3.00
5 31 2.13
5 32 2.04
5 33 4.02
5 34 5.61
5 35 2.46
5 36 9.60
5 37 2.16
5 38 1.41
5 39 3.29
5 40 9.35
5 41 7.04
5 42 2.58
5 43 4.69
5 44 0.82
5 45 4.12
5 46 6.56
5 47 9.37
5 48 4.85
5 49 2.33
5 50 9.79
5 51 6.09
5 52 8.51
5 53 1.98
5 54 5.94
5 55 5.55
5 56 5.86
5 57 9.02
5 58 2.01
5 59 3.90
5 60 7.90
5 61 2.81
5 62 7.96
5 63 9.09
5 64 8.87
5 65 1.90
5 66 1.57
5 67 8.32
5 68 9.12
5 69 9.62
5 70 2.32
5 71 8.23
5 72 0.59
5 73 7.15
5 74 8.02
5 75 8.46
5 76 9.28
5 77 4.75
5 78 4.51
5 79 3.29
5 80 9.41
5 81 6.81
5 82 0.59
5 83 3.01
5 84 5.65
5 85 8.88
5 86 5.04
5 87 9.48
5 88 4.92
5 89 7.18
5 90 6.90
5 91 8.67
5 92 9.09
5 93 0.41
5 94 4.52
5 95 1.48
5 96 9.60
5 97 4.85
5 98 6.22
5 99 0.03
6 7 7.69
6 8 4.20
6 9 9.50
6 10 7.41
6 11 1.91
6 12 2.65
6 13 8.45
6 14 0.42
6 15 3.07
6 16 7.92
6 17 4.79
6 18 5.37
6 19 9.85
6 20 9.49
6 21 9.32
6 22 7.14
6 23 3.89
6 24 2.56
6 25 7.64
6 26 6.17
6 27 8.37
6 28 3.85
6 29 1.49
6 30 7.46
6 31 7.71
6 32 7.52
6 33 1.23
6 34 8.66
6 35 4.20
6 36 8.85
6 37 7.22
6 38 8.45
6 39 1.09
6 40 2.61
6 41 8.78
6 42 8.74
6 43 3.40
6 44 1.94
6 45 5.37
6 46 7.08
6 47 1.06
6 48 4.82
6 49 2.44
6 50 5.41
6 51 9.77
6 52 5.87
6 53 1.29
6 54 5.57
6 55 9.48
6 56 9.47
6 57 4.96
6 58 1.02
6 59 0.81
6 60 9.36
6 61 1.76
6 62 2.64
6 63 7.79
6 64 6.38
6 65 1.02
6 66 9.92
6 67 0.24
6 68 7.16
6 69 4.98
6 70 3.26
6 71 5.80
6 72 4.90
6 73 7.10
6 74 9.97
6 75 3.60
6 76 2.94
6 77 3.37
6 78 4.50
6 79 4.21
6 80 1.82
6 81 7.08
6 82 0.14
6 83 5.44
6 84 7.80
6 85 4.68
6 86 9.76
6 87 1.07
6 88 2.95
6 89 3.34
6 90 1.92
6 91 1.84
6 92 8.26
6 93 9.69
6 94 5.17
6 95 4.00
6 96 2.72
6 97 3.71
6 98 7.33
6 99 10.00
7 8 6.65
7 9 4.97
7 10 9.84
7 11 3.62
7 12 3.80
7 13 8.56
7 14 5.01
7 15 2.80
7 16 6.09
7 17 7.81
7 18 9.48
7 19 7.24
7 20 4.98
7 21 3.23
7 22 5.83
7 23 9.41
7 24 7.74
7 25 6.91
7 26 6.41
7 27 9.45
7 28 9.71
7 29 8.24
7 30 8.06
7 31 9.68
7 32 1.70
7 33 8.76
7 34 3.28
7 35 3.34
7 36 9.26
7 37 1.32
7 38 5.13
7 39 4.66
7 40 4.88
7 41 4.52
7 42 6.38
7 43 4.40
7 44 9.94
7 45 8.13
7 46 5.47
7 47 1.81
7 48 8.48
7 49 9.89
7 50 7.91
7 51 2.97
7 52 4.75
7 53 1.06
7 54 1.45
7 55 0.48
7 56 6.30
7 57 6.19
7 58 6.85
7 59 0.42
7 60 7.94
7 61 0.16
7 62 6.07
7 63 6.08
7 64 6.99
7 65 9.67
7 66 5.97
7 67 3.33
7 68 9.35
7 69 7.24
7 70 1.58
7 71 1.75
7 72 2.75
7 73 8.65
7 74 6.37
7 75 7.23
7 76 4.52
7 77 7.99
7 78 1.91
7 79 7.17
7 80 9.30
7 81 3.44
7 82 0.93
7 83 9.69
7 84 6.88
7 85 3.13
7 86 5.34
7 87 6.28
7 88 7.21
7 89 5.62
7 90 8.79
7 91 7.37
7 92 4.56
7 93 8.47
7 94 4.76
7 95 7.87
7 96 2.34
7 97 0.03
7 98 3.62
7 99 9.21
8 9 2.85
8 10 6.90
8 11 3.53
8 12 4.35
8 13 6.95
8 14 1.55
8 15 1.73
8 16 2.02
8 17 1.70
8 18 4.14
8 19 2.37
8 20 9.54
8 21 5.62
8 22 4.11
8 23 5.21
8 24 1.45
8 25 0.10
8 26 4.93
8 27 5.83
8 28 3.48
8 29 8.00
8 30 3.24
8 31 6.92
8 32 6.17
8 33 3.19
8 34 8.52
8 35 3.05
8 36 3.53
8 37 8.68
8 38 3.33
8 39 7.32
8 40 9.47
8 41 9.19
8 42 2.59
8 43 5.92
8 44 7.20
8 45 8.11
8 46 4.00
8 47 3.07
8 48 9.27
8 49 3.15
8 50 1.19
8 51 2.26
8 52 0.24
8 53 5.15
8 54 1.19
8 55 6.37
8 56 2.51
8 57 0.94
8 58 2.51
8 59 7.99
8 60 5.98
8 61 1.45
8 62 1.38
8 63 4.86
8 64 2.82
8 65 4.90
8 66 2.56
8 67 8.88
8 68 6.90
8 69 9.24
8 70 5.89
8 71 7.64
8 72 9.43
8 73 4.71
8 74 7.07
8 75 7.09
8 76 1.72
8 77 8.91
8 78 5.36
8 79 8.85
8 80 0.91
8 81 8.16
8 82 0.65
8 83 2.03
8 84 9.57
8 85 3.86
8 86 5.53
8 87 5.50
8 88 7.65
8 89 8.26
8 90 6.22
8 91 5.79
8 92 0.41
8 93 4.86
8 94 1.27
8 95 2.02
8 96 8.34
8 97 6.88
8 98 9.25
8 99 3.21
9 10 7.42
9 11 9.37
9 12 2.22
9 13 5.85
9 14 6.69
9 15 3.24
9 16 9.20
9 17 1.04
9 18 8.36
9 19 9.57
9 20 0.85
9 21 1.81
9 22 9.21
9 23 6.84
9 24 0.67
9 25 8.02
9 26 4.65
9 27 8.01
9 28 2.28
9 29 5.06
9 30 8.16
9 31 0.89
9 32 5.12
9 33 3.33
9 34 5.21
9 35 5.19
9 36 1.87
9 37 2.52
9 38 2.62
9 39 5.80
9 40 1.70
9 41 0.25
9 42 3.00
9 43 10.00
9 44 8.67
9 45 6.08
9 46 5.19
9 47 0.32
9 48 7.20
9 49 3.00
9 50 3.45
9 51 8.03
9 52 7.03
9 53 0.33
9 54 8.30
9 55 7.49
9 56 6.38
9 57 8.61
9 58 8.00
9 59 1.85
9 60 2.15
9 61 2.35
9 62 0.08
9 63 4.09
9 64 3.93
9 65 6.00
9 66 4.56
9 67 7.59
9 68 0.39
9 69 9.57
9 70 1.17
9 71 9.36
9 72 1.23
9 73 2.75
9 74 6.63
9 75 3.18
9 76 8.79
9 77 0.64
9 78 9.84
9 79 4.68
9 80 8.81
9 81 5.11
9 82 4.16
9 83 4.72
9 84 6.38
9 85 2.23
9 86 4.69
9 87 6.69
9 88 4.62
9 89 3.96
9 90 5.53
9 91 5.48
9 92 2.37
9 93 9.92
9 94 4.89
9 95 9.49
9 96 6.82
9 97 1.57
9 98 1.27
9 99 0.07
10 11 1.44
10 12 8.35
10 13 9.01
10 14 6.97
10 15 0.24
10 16 5.79
10 17 8.06
10 18 5.82
10 19 8.30
10 20 1.01
10 21 0.02
10 22 8.98
10 23 5.76
10 24 6.99
10 25 4.40
10 26 6.04
10 27 0.13
10 28 8.86
10 29 4.83
10 30 1.16
10 31 3.23
10 32 9.43
10 33 9.94
10 34 7.13
10 35 1.62
10 36 9.80
10 37 5.10
10 38 6.77
10 39 9.83
10 40 1.38
10 41 2.39
10 42 3.73
10 43 5.71
10 44 7.79
10 45 7.55
10 46 9.75
10 47 8.22
10 48 7.21
10 49 6.48
10 50 2.75
10 51 5.12
10 52 8.91
10 53 1.91
10 54 9.48
10 55 9.64
10 56 5.28
10 57 6.44
10 58 4.25
10 59 3.08
10 60 7.55
10 61 4.46
10 62 4.49
10 63 0.73
10 64 0.98
10 65 2.18
10 66 3.74
10 67 9.75
10 68 0.91
10 69 2.04
10 70 0.26
10 71 9.91
10 72 6.51
10 73 6.58
10 74 9.32
10 75 5.97
10 76 1.24
10 77 4.66
10 78 0.05
10 79 9.33
10 80 2.35
10 81 9.63
10 82 2.64
10 83 8.21
10 84 9.51
10 85 7.05
10 86 0.24
10 87 6.54
10 88 3.27
10 89 6.74
10 90 2.13
10 91 3.11
10 92 5.57
10 93 6.14
10 94 6.21
10 95 9.62
10 96 7.62
10 97 1.58
10 98 6.09
10 99 9.28
11 12 2.23
11 13 5.88
11 14 9.86
11 15 9.98
11 16 6.02
11 17 1.59
11 18 8.81
11 19 8.83
11 20 9.73
11 21 0.49
11 22 7.75
11 23 6.43
11 24 5.72
11 25 4.42
11 26 0.98
11 27 7.84
11 28 1.88
11 29 2.90
11 30 0.62
11 31 1.22
11 32 2.32
11 33 6.08
11 34 2.88
11 35 9.00
11 36 2.90
11 37 9.89
11 38 5.19
11 39 1.75
11 40 7.29
11 41 5.51
11 42 4.74
11 43 4.68
11 44 2.56
11 45 2.97
11 46 5.41
11 47 8.44
11 48 0.82
11 49 2.49
11 50 8.63
11 51 7.74
11 52 8.90
11 53 0.32
11 54 8.17
11 55 5.65
11 56 2.72
11 57 4.72
11 58 5.79
11 59 0.97
11 60 9.66
11 61 9.12
11 62 8.39
11 63 4.50
11 64 7.68
11 65 0.35
11 66 6.38
11 67 8.10
11 68 8.70
11 69 3.03
11 70 9.83
11 71 3.75
11 72 0.72
11 73 9.93
11 74 7.89
11 75 9.85
11 76 7.72
11 77 7.84
11 78 9.93
11 79 7.29
11 80 9.29
11 81 4.52
11 82 0.47
11 83 2.63
11 84 6.58
11 85 0.46
11 86 0.64
11 87 6.82
11 88 9.80
11 89 6.66
11 90 5.23
11 91 9.19
11 92 6.09
11 93 5.72
11 94 9.69
11 95 4.01
11 96 8.94
11 97 9.00
11 98 7.88
11 99 1.01
12 13 7.12
12 14 9.83
12 15 0.70
12 16 3.61
12 17 2.46
12 18 9.87
12 19 0.43
12 20 3.16
12 21 6.38
12 22 4.39
12 23 4.50
12 24 7.83
12 25 4.77
12 26 8.85
12 27 3.84
12 28 2.09
12 29 0.75
12 30 7.77
12 31 6.59
12 32 5.88
12 33 4.66
12 34 4.49
12 35 6.02
12 36 2.62
12 37 4.71
12 38 5.12
12 39 7.61
12 40 1.02
12 41 7.51
12 42 8.25
12 43 0.65
12 44 1.36
12 45 2.25
12 46 1.99
12 47 1.01
12 48 4.44
12 49 7.66
12 50 0.45
12 51 9.95
12 52 9.86
12 53 1.98
12 54 5.11
12 55 2.97
12 56 2.64
12 57 1.77
12 58 9.07
12 59 6.67
12 60 7.33
12 61 0.00
12 62 4.08
12 63 7.71
12 64 9.72
12 65 6.10
12 66 0.90
12 67 0.11
12 68 3.72
12 69 3.35
12 70 2.12
12 71 6.41
12 72 8.13
12 73 8.55
12 74 0.59
12 75 3.57
12 76 2.90
12 77 5.54
12 78 8.56
12 79 1.89
12 80 3.71
12 81 2.41
12 82 6.51
12 83 6.90
12 84 3.91
12 85 1.72
12 86 3.82
12 87 2.76
12 88 9.72
12 89 8.50
12 90 5.41
12 91 3.25
12 92 7.99
12 93 1.59
12 94 1.46
12 95 6.88
12 96 6.77
12 97 2.71
12 98 4.82
12 99 5.73
13 14 0.28
13 15 2.16
13 16 4.01
13 17 6.95
13 18 1.40
13 19 4.82
13 20 5.96
13 21 6.11
13 22 6.48
13 23 5.32
13 24 8.11
13 25 7.10
13 26 1.01
13 27 6.02
13 28 1.67
13 29 0.16
13 30 6.90
13 31 1.17
13 32 6.68
13 33 1.86
13 34 7.30
13 35 1.89
13 36 5.22
13 37 7.64
13 38 8.43
13 39 0.75
13 40 8.04
13 41 1.88
13 42 3.22
13 43 2.83
13 44 9.45
13 45 3.41
13 46 7.59
13 47 3.27
13 48 0.89
13 49 4.94
13 50 4.27
13 51 4.06
13 52 1.54
13 53 6.15
13 54 0.48
13 55 1.67
13 56 5.28
13 57 2.80
13 58 5.28
13 59 1.70
13 60 5.15
13 61 1.84
13 62 8.70
13 63 7.21
13 64 8.23
13 65 6.23
13 66 7.09
13 67 7.50
13 68 2.95
13 69 9.03
13 70 4.40
13 71 0.28
13 72 2.55
13 73 4.46
13 74 8.65
13 75 1.49
13 76 0.01
13 77 1.21
13 78 2.12
13 79 5.16
13 80 4.49
13 81 0.52
13 82 9.34
13 83 8.35
13 84 1.51
13 85 7.18
13 86 1.99
13 87 0.52
13 88 9.26
13 89 3.17
13 90 3.02
13 91 8.38
13 92 4.14
13 93 8.04
13 94 2.77
13 95 3.46
13 96 2.09
13 97 5.24
13 98 2.19
13 99 5.71
14 15 9.66
14 16 0.86
14 17 1.52
14 18 5.37
14 19 7.30
14 20 7.74
14 21 6.58
14 22 1.92
14 23 0.60
14 24 4.46
14 25 7.02
14 26 3.51
14 27 0.30
14 28 8.37
14 29 8.48
14 30 1.67
14 31 6.86
14 32 2.37
14 33 6.95
14 34 1.51
14 35 6.17
14 36 3.88
14 37 6.91
14 38 6.87
14 39 8.08
14 40 5.03
14 41 7.81
14 42 3.45
14 43 9.24
14 44 3.31
14 45 7.08
14 46 0.41
14 47 9.65
14 48 2.15
14 49 1.89
14 50 2.84
14 51 4.54
14 52 8.54
14 53 9.38
14 54 5.99
14 55 3.75
14 56 0.11
14 57 7.60
14 58 0.36
14 59 6.50
14 60 8.45
14 61 3.76
14 62 2.08
14 63 9.73
14 64 8.93
14 65 6.16
14 66 5.55
14 67 3.41
14 68 3.41
14 69 0.50
14 70 6.09
14 71 9.81
14 72 8.03
14 73 1.61
14 74 3.56
14 75 4.74
14 76 9.42
14 77 7.11
14 78 2.56
14 79 1.89
14 80 9.46
14 81 5.92
14 82 0.40
14 83 4.94
14 84 7.97
14 85 5.46
14 86 4.82
14 87 3.51
14 88 8.88
14 89 3.12
14 90 3.39
14 91 1.97
14 92 6.71
14 93 1.23
14 94 0.44
14 95 0.60
14 96 5.91
14 97 6.30
14 98 9.43
14 99 1.13
15 16 5.47
15 17 9.89
15 18 6.12
15 19 0.04
15 20 4.14
15 21 4.39
15 22 4.71
15 23 6.45
15 24 9.45
15 25 0.61
15 26 6.54
15 27 7.95
15 28 2.21
15 29 8.69
15 30 6.96
15 31 6.81
15 32 4.91
15 33 4.65
15 34 7.42
15 35 1.65
15 36 5.80
15 37 8.64
15 38 6.73
15 39 6.06
15 40 9.54
15 41 0.58
15 42 6.00
15 43 7.61
15 44 5.62
15 45 4.24
15 46 1.29
15 47 1.44
15 48 5.04
15 49 5.76
15 50 2.58
15 51 7.69
15 52 2.13
15 53 4.72
15 54 6.81
15 55 1.62
15 56 9.87
15 57 7.55
15 58 2.74
15 59 9.67
15 60 4.48
15 61 2.29
15 62 3.25
15 63 9.19
15 64 0.89
15 65 5.69
15 66 2.96
15 67 1.52
15 68 2.19
15 69 9.84
15 70 5.85
15 71 8.19
15 72 2.40
15 73 6.95
15 74 8.77
15 75 8.79
15 76 9.59
15 77 7.76
15 78 5.29
15 79 5.89
15 80 1.63
15 81 7.42
15 82 3.86
15 83 2.74
15 84 1.79
15 85 4.38
15 86 6.39
15 87 3.22
15 88 7.85
15 89 5.99
15 90 6.33
15 91 6.10
15 92 1.58
15 93 5.74
15 94 8.26
15 95 6.12
15 96 7.83
15 97 0.37
15 98 4.50
15 99 0.01
16 17 1.98
16 18 4.02
16 19 4.50
16 20 3.57
16 21 8.38
16 22 7.33
16 23 0.89
16 24 3.09
16 25 9.06
16 26 4.00
16 27 1.55
16 28 4.40
16 29 3.11
16 30 9.74
16 31 0.68
16 32 3.50
16 33 5.24
16 34 4.15
16 35 4.04
16 36 9.56
16 37 5.87
16 38 0.49
16 39 2.99
16 40 0.27
16 41 4.74
16 42 4.67
16 43 3.18
16 44 2.85
16 45 9.88
16 46 2.65
16 47 7.58
16 48 6.42
16 49 6.08
16 50 7.92
16 51 0.64
16 52 8.93
16 53 6.57
16 54 7.76
16 55 8.18
16 56 7.00
16 57 1.67
16 58 6.67
16 59 0.68
16 60 6.36
16 61 9.71
16 62 6.29
16 63 0.95
16 64 2.19
16 65 6.61
16 66 0.10
16 67 6.15
16 68 4.66
16 69 9.19
16 70 1.88
16 71 7.19
16 72 6.32
16 73 8.82
16 74 9.97
16 75 7.60
16 76 5.50
16 77 1.85
16 78 8.73
16 79 3.75
16 80 8.59
16 81 4.89
16 82 1.17
16 83 5.20
16 84 3.60
16 85 1.48
16 86 4.00
16 87 3.51
16 88 2.54
16 89 0.78
16 90 5.55
16 91 7.48
16 92 6.52
16 93 8.80
16 94 7.09
16 95 9.16
16 96 8.09
16 97 3.02
16 98 9.81
16 99 0.43
17 18 9.58
17 19 4.70
17 20 5.09
17 21 6.56
17 22 0.49
17 23 9.94
17 24 8.32
17 25 9.32
17 26 2.00
17 27 1.51
17 28 3.81
17 29 6.69
17 30 8.86
17 31 3.55
17 32 5.51
17 33 0.91
17 34 6.97
17 35 7.08
17 36 2.18
17 37 0.50
17 38 5.99
17 39 2.43
17 40 0.88
17 41 5.42
17 42 0.23
17 43 0.65
17 44 2.63
17 45 9.65
17 46 6.83
17 47 2.26
17 48 2.67
17 49 5.11
17 50 0.86
17 51 9.19
17 52 6.82
17 53 0.90
17 54 1.05
17 55 3.65
17 56 7.95
17 57 7.01
17 58 8.43
17 59 8.12
17 60 1.22
17 61 3.85
17 62 5.60
17 63 6.02
17 64 6.07
17 65 9.57
17 66 0.20
17 67 5.86
17 68 3.76
17 69 6.81
17 70 2.76
17 71 0.30
17 72 5.93
17 73 9.99
17 74 2.48
17 75 7.42
17 76 5.57
17 77 7.84
17 78 5.42
17 79 2.34
17 80 2.12
17 81 5.29
17 82 5.65
17 83 6.83
17 84 3.66
17 85 2.19
17 86 7.43
17 87 9.50
17 88 4.67
17 89 0.74
17 90 2.20
17 91 1.27
17 92 6.91
17 93 1.85
17 94 5.36
17 95 9.12
17 96 4.65
17 97 1.54
17 98 2.65
17 99 9.54
18 19 4.96
18 20 7.51
18 21 5.01
18 22 2.71
18 23 3.07
18 24 9.92
18 25 8.05
18 26 6.01
18 27 9.72
18 28 5.91
18 29 4.24
18 30 7.17
18 31 3.99
18 32 9.08
18 33 2.30
18 34 2.57
18 35 1.70
18 36 0.24
18 37 0.73
18 38 3.24
18 39 1.91
18 40 8.83
18 41 9.36
18 42 0.63
18 43 6.61
18 44 3.09
18 45 0.64
18 46 9.92
18 47 6.59
18 48 6.99
18 49 9.94
18 50 3.77
18 51 6.79
18 52 7.30
18 53 8.41
18 54 9.65
18 55 1.37
18 56 4.44
18 57 9.69
18 58 9.08
18 59 2.72
18 60 6.22
18 61 9.76
18 62 8.70
18 63 6.94
18 64 5.28
18 65 2.72
18 66 7.24
18 67 7.11
18 68 5.85
18 69 9.08
18 70 9.56
18 71 5.09
18 72 3.78
18 73 7.17
18 74 2.96
18 75 8.28
18 76 4.64
18 77 7.38
18 78 8.01
18 79 1.89
18 80 9.06
18 81 4.61
18 82 9.91
18 83 2.25
18 84 4.59
18 85 3.54
18 86 1.81
18 87 5.07
18 88 1.04
18 89 7.17
18 90 0.56
18 91 3.00
18 92 2.69
18 93 2.75
18 94 8.07
18 95 6.19
18 96 1.26
18 97 7.27
18 98 1.77
18 99 6.54
19 20 2.08
19 21 6.88
19 22 3.90
19 23 1.19
19 24 8.11
19 25 9.79
19 26 7.22
19 27 2.92
19 28 6.80
19 29 1.06
19 30 6.20
19 31 8.27
19 32 9.80
19 33 4.34
19 34 3.29
19 35 3.92
19 36 7.72
19 37 7.68
19 38 7.94
19 39 4.91
19 40 0.64
19 41 4.57
19 42 3.45
19 43 3.68
19 44 8.96
19 45 1.06
19 46 4.79
19 47 3.13
19 48 3.25
19 49 8.16
19 50 1.15
19 51 8.72
19 52 4.12
19 53 1.71
19 54 2.08
19 55 3.83
19 56 0.13
19 57 2.52
19 58 9.68
19 59 7.50
19 60 4.21
19 61 7.66
19 62 2.26
19 63 5.53
19 64 1.53
19 65 1.25
19 66 4.93
19 67 0.38
19 68 1.59
19 69 5.43
19 70 3.50
19 71 9.04
19 72 1.08
19 73 9.49
19 74 7.18
19 75 3.94
19 76 0.88
19 77 7.46
19 78 8.76
19 79 6.35
19 80 0.11
19 81 6.38
19 82 5.15
19 83 1.60
19 84 8.88
19 85 3.76
19 86 3.57
19 87 2.89
19 88 3.00
19 89 2.15
19 90 8.37
19 91 7.19
19 92 2.59
19 93 3.42
19 94 5.00
19 95 9.43
19 96 8.79
19 97 3.90
19 98 0.04
19 99 1.33
20 21 1.73
20 22 0.51
20 23 8.45
20 24 0.86
20 25 8.60
20 26 1.04
20 27 0.89
20 28 2.75
20 29 8.34
20 30 2.98
20 31 8.67
20 32 9.34
20 33 6.00
20 34 4.91
20 35 9.37
20 36 2.97
20 37 2.48
20 38 6.52
20 39 8.47
20 40 7.41
20 41 4.10
20 42 4.62
20 43 1.59
20 44 1.83
20 45 7.12
20 46 3.50
20 47 6.91
20 48 4.62
20 49 1.58
20 50 3.98
20 51 3.45
20 52 4.78
20 53 9.03
20 54 9.14
20 55 6.27
20 56 4.11
20 57 2.74
20 58 3.91
20 59 8.52
20 60 0.88
20 61 1.86
20 62 0.84
20 63 3.12
20 64 0.28
20 65 7.39
20 66 8.58
20 67 9.32
20 68 1.26
20 69 4.14
20 70 9.43
20 71 3.55
20 72 7.08
20 73 1.45
20 74 6.05
20 75 4.47
20 76 3.30
20 77 3.45
20 78 0.17
20 79 9.77
20 80 5.32
20 81 0.74
20 82 0.68
20 83 0.06
20 84 2.38
20 85 9.23
20 86 7.19
20 87 5.34
20 88 0.52
20 89 6.43
20 90 5.73
20 91 7.86
20 92 6.24
20 93 8.21
20 94 9.31
20 95 5.14
20 96 6.18
20 97 2.46
20 98 5.81
20 99 5.79
21 22 3.91
21 23 6.43
21 24 5.74
21 25 2.05
21 26 8.31
21 27 9.88
21 28 0.24
21 29 1.87
21 30 8.18
21 31 9.50
21 32 6.76
21 33 1.23
21 34 1.92
21 35 1.95
21 36 7.58
21 37 8.44
21 38 4.98
21 39 0.66
21 40 9.60
21 41 9.68
21 42 9.47
21 43 4.12
21 44 8.64
21 45 3.71
21 46 4.69
21 47 2.88
21 48 3.23
21 49 2.30
21 50 3.37
21 51 1.90
21 52 5.31
21 53 6.55
21 54 9.28
21 55 7.69
21 56 0.67
21 57 3.26
21 58 1.61
21 59 2.91
21 60 5.57
21 61 7.42
21 62 2.06
21 63 1.33
21 64 6.39
21 65 6.58
21 66 0.26
21 67 8.52
21 68 9.62
21 69 9.28
21 70 5.68
21 71 0.72
21 72 1.74
21 73 8.91
21 74 2.83
21 75 2.92
21 76 0.75
21 77 0.89
21 78 5.46
21 79 4.96
21 80 9.56
21 81 3.08
21 82 7.34
21 83 6.63
21 84 4.83
21 85 2.50
21 86 2.54
21 87 4.97
21 88 5.04
21 89 7.79
21 90 9.59
21 91 1.62
21 92 0.51
21 93 7.09
21 94 8.20
21 95 4.38
21 96 1.25
21 97 4.81
21 98 0.41
21 99 1.05
22 23 2.06
22 24 6.61
22 25 4.42
22 26 7.09
22 27 3.39
22 28 0.44
22 29 9.49
22 30 7.73
22 31 8.97
22 32 0.62
22 33 6.59
22 34 7.59
22 35 7.27
22 36 9.65
22 37 2.05
22 38 9.50
22 39 1.62
22 40 3.30
22 41 2.78
22 42 7.17
22 43 8.71
22 44 6.90
22 45 7.54
22 46 4.92
22 47 7.88
22 48 5.23
22 49 0.04
22 50 7.66
22 51 9.92
22 52 6.32
22 53 0.19
22 54 9.53
22 55 2.31
22 56 4.64
22 57 1.04
22 58 8.01
22 59 6.29
22 60 2.98
22 61 2.15
22 62 0.10
22 63 7.63
22 64 2.16
22 65 1.66
22 66 1.07
22 67 4.66
22 68 5.06
22 69 4.86
22 70 5.02
22 71 9.66
22 72 0.96
22 73 9.78
22 74 2.88
22 75 3.54
22 76 6.13
22 77 3.52
22 78 5.49
22 79 7.62
22 80 5.54
22 81 0.99
22 82 1.29
22 83 5.91
22 84 5.99
22 85 8.92
22 86 0.64
22 87 2.99
22 88 4.31
22 89 7.99
22 90 9.70
22 91 1.44
22 92 2.32
22 93 5.41
22 94 5.61
22 95 3.42
22 96 5.75
22 97 6.46
22 98 8.66
22 99 8.31
23 24 8.58
23 25 3.21
23 26 2.79
23 27 0.17
23 28 5.72
23 29 5.57
23 30 5.18
23 31 8.74
23 32 5.09
23 33 5.78
23 34 7.76
23 35 1.30
23 36 6.58
23 37 4.84
23 38 8.49
23 39 6.67
23 40 9.93
23 41 9.64
23 42 6.76
23 43 1.14
23 44 9.40
23 45 8.89
23 46 9.82
23 47 7.14
23 48 7.83
23 49 9.24
23 50 2.34
23 51 8.38
23 52 4.65
23 53 6.62
23 54 4.41
23 55 4.26
23 56 6.16
23 57 1.84
23 58 6.64
23 59 0.23
23 60 9.74
23 61 7.34
23 62 7.88
23 63 9.71
23 64 2.97
23 65 8.18
23 66 9.66
23 67 0.03
23 68 0.61
23 69 3.71
23 70 4.67
23 71 9.03
23 72 7.22
23 73 3.36
23 74 0.61
23 75 4.18
23 76 1.12
23 77 8.10
23 78 5.25
23 79 0.56
23 80 4.43
23 81 8.35
23 82 9.78
23 83 5.33
23 84 0.90
23 85 6.29
23 86 2.63
23 87 5.04
23 88 7.91
23 89 3.64
23 90 2.68
23 91 5.30
23 92 8.95
23 93 3.41
23 94 3.48
23 95 4.49
23 96 8.85
23 97 5.12
23 98 8.92
23 99 7.13
24 25 5.66
24 26 9.84
24 27 0.61
24 28 5.19
24 29 5.27
24 30 4.27
24 31 3.00
24 32 8.83
24 33 6.36
24 34 2.74
24 35 4.59
24 36 0.71
24 37 9.46
24 38 5.15
24 39 9.49
24 40 1.14
24 41 1.40
24 42 9.13
24 43 3.04
24 44 7.48
24 45 3.05
24 46 2.77
24 47 2.23
24 48 8.10
24 49 3.99
24 50 0.13
24 51 5.53
24 52 0.80
24 53 1.43
24 54 5.30
24 55 1.47
24 56 0.90
24 57 8.61
24 58 0.62
24 59 6.06
24 60 4.49
24 61 9.82
24 62 8.04
24 63 8.42
24 64 8.00
24 65 3.68
24 66 8.63
24 67 5.56
24 68 3.61
24 69 1.98
24 70 7.85
24 71 0.51
24 72 8.88
24 73 3.13
24 74 7.57
24 75 2.38
24 76 6.00
24 77 3.93
24 78 6.35
24 79 8.87
24 80 8.91
24 81 2.67
24 82 6.52
24 83 7.83
24 84 1.54
24 85 6.64
24 86 8.11
24 87 1.83
24 88 6.65
24 89 8.20
24 90 0.84
24 91 3.25
24 92 4.08
24 93 7.64
24 94 0.84
24 95 4.40
24 96 6.08
24 97 5.84
24 98 0.84
24 99 7.46
25 26 9.72
25 27 8.72
25 28 8.33
25 29 3.93
25 30 0.67
25 31 4.94
25 32 5.69
25 33 1.73
25 34 6.50
25 35 1.37
25 36 1.16
25 37 7.34
25 38 1.66
25 39 4.71
25 40 6.58
25 41 9.35
25 42 1.61
25 43 8.53
25 44 4.00
25 45 2.47
25 46 1.56
25 47 0.81
25 48 8.99
25 49 7.95
25 50 4.60
25 51 5.65
25 52 2.85
25 53 0.74
25 54 7.37
25 55 5.50
25 56 1.54
25 57 3.27
25 58 6.14
25 59 3.48
25 60 7.27
25 61 5.10
25 62 0.43
25 63 5.19
25 64 7.46
25 65 9.45
25 66 7.57
25 67 6.98
25 68 6.00
25 69 0.72
25 70 1.17
25 71 8.42
25 72 0.33
25 73 4.05
25 74 4.47
25 75 9.19
25 76 8.56
25 77 3.94
25 78 0.15
25 79 3.27
25 80 7.23
25 81 7.88
25 82 7.63
25 83 8.97
25 84 9.90
25 85 9.18
25 86 4.68
25 87 3.13
25 88 2.94
25 89 4.15
25 90 7.86
25 91 5.30
25 92 4.96
25 93 9.05
25 94 9.23
25 95 7.45
25 96 0.62
25 97 1.08
25 98 8.18
25 99 9.27
26 27 3.07
26 28 7.25
26 29 6.82
26 30 1.36
26 31 4.00
26 32 6.01
26 33 9.69
26 34 7.05
26 35 6.62
26 36 9.17
26 37 2.59
26 38 1.12
26 39 2.13
26 40 3.35
26 41 4.63
26 42 6.63
26 43 7.51
26 44 7.27
26 45 2.91
26 46 0.32
26 47 1.22
26 48 7.27
26 49 5.73
26 50 5.29
26 51 1.92
26 52 0.17
26 53 6.79
26 54 8.32
26 55 4.32
26 56 7.63
26 57 6.04
26 58 3.78
26 59 5.62
26 60 1.24
26 61 9.43
26 62 8.77
26 63 7.94
26 64 4.06
26 65 8.51
26 66 4.04
26 67 4.28
26 68 5.74
26 69 1.43
26 70 7.62
26 71 1.61
26 72 0.36
26 73 7.33
26 74 4.98
26 75 0.08
26 76 1.84
26 77 4.39
26 78 0.88
26 79 5.77
26 80 3.49
26 81 6.30
26 82 1.64
26 83 1.36
26 84 0.26
26 85 1.52
26 86 2.95
26 87 2.51
26 88 1.56
26 89 3.20
26 90 1.60
26 91 7.82
26 92 7.09
26 93 9.31
26 94 1.86
26 95 0.00
26 96 9.81
26 97 0.56
26 98 0.32
26 99 3.03
27 28 6.67
27 29 8.74
27 30 8.02
27 31 6.91
27 32 0.66
27 33 8.17
27 34 8.80
27 35 1.45
27 36 2.86
27 37 6.53
27 38 6.92
27 39 7.63
27 40 4.61
27 41 8.48
27 42 1.57
27 43 4.48
27 44 4.18
27 45 7.53
27 46 7.78
27 47 1.08
27 48 8.85
27 49 0.75
27 50 2.79
27 51 9.32
27 52 5.87
27 53 3.89
27 54 5.29
27 55 2.25
27 56 2.88
27 57 8.95
27 58 5.06
27 59 0.63
27 60 1.84
27 61 9.07
27 62 5.43
27 63 3.08
27 64 8.17
27 65 1.93
27 66 1.91
27 67 9.71
27 68 8.86
27 69 3.14
27 70 9.10
27 71 7.69
27 72 7.62
27 73 5.21
27 74 8.05
27 75 9.64
27 76 0.21
27 77 7.81
27 78 3.19
27 79 5.42
27 80 9.82
27 81 1.23
27 82 1.17
27 83 9.42
27 84 7.61
27 85 2.95
27 86 8.75
27 87 1.28
27 88 3.05
27 89 4.81
27 90 2.19
27 91 5.14
27 92 7.27
27 93 6.89
27 94 9.36
27 95 2.07
27 96 0.75
27 97 4.41
27 98 3.72
27 99 8.64
28 29 3.56
28 30 0.82
28 31 6.23
28 32 5.36
28 33 4.10
28 34 5.30
28 35 5.76
28 36 0.36
28 37 4.36
28 38 3.59
28 39 4.76
28 40 8.49
28 41 0.94
28 42 4.01
28 43 2.88
28 44 3.43
28 45 6.94
28 46 9.97
28 47 3.85
28 48 2.00
28 49 6.46
28 50 0.43
28 51 3.99
28 52 9.68
28 53 1.29
28 54 1.77
28 55 8.24
28 56 6.92
28 57 3.87
28 58 5.51
28 59 3.44
28 60 3.00
28 61 4.35
28 62 8.70
28 63 8.23
28 64 6.51
28 65 5.60
28 66 2.51
28 67 2.83
28 68 7.60
28 69 5.29
28 70 6.94
28 71 4.55
28 72 1.68
28 73 5.34
28 74 7.84
28 75 1.16
28 76 3.18
28 77 0.61
28 78 2.39
28 79 7.70
28 80 3.22
28 81 7.06
28 82 4.95
28 83 7.65
28 84 6.90
28 85 9.06
28 86 7.21
28 87 1.60
28 88 3.38
28 89 1.68
28 90 8.43
28 91 9.64
28 92 5.27
28 93 2.52
28 94 1.99
28 95 4.66
28 96 0.31
28 97 1.64
28 98 4.98
28 99 9.03
29 30 7.35
29 31 2.53
29 32 7.99
29 33 1.33
29 34 6.05
29 35 3.50
29 36 9.25
29 37 6.62
29 38 2.86
29 39 1.67
29 40 9.14
29 41 9.77
29 42 1.69
29 43 9.61
29 44 6.35
29 45 9.51
29 46 0.92
29 47 6.37
29 48 3.84
29 49 8.23
29 50 7.87
29 51 8.92
29 52 6.91
29 53 5.61
29 54 2.63
29 55 8.61
29 56 8.22
29 57 5.71
29 58 9.49
29 59 2.55
29 60 8.54
29 61 5.54
29 62 3.29
29 63 0.88
29 64 3.23
29 65 3.16
29 66 3.03
29 67 4.69
29 68 0.62
29 69 9.65
29 70 6.10
29 71 6.35
29 72 8.72
29 73 1.96
29 74 3.72
29 75 9.08
29 76 7.46
29 77 7.62
29 78 7.15
29 79 3.96
29 80 7.80
29 81 1.40
29 82 7.84
29 83 6.84
29 84 9.82
29 85 8.40
29 86 4.78
29 87 3.38
29 88 5.85
29 89 6.97
29 90 6.02
29 91 1.00
29 92 4.25
29 93 8.54
29 94 8.52
29 95 0.39
29 96 2.36
29 97 9.39
29 98 2.40
29 99 5.82
30 31 0.24
30 32 1.21
30 33 7.73
30 34 4.53
30 35 4.99
30 36 4.43
30 37 1.13
30 38 0.87
30 39 4.82
30 40 4.37
30 41 5.03
30 42 0.22
30 43 9.83
30 44 6.34
30 45 8.02
30 46 3.70
30 47 9.83
30 48 0.36
30 49 2.14
30 50 4.92
30 51 4.62
30 52 9.91
30 53 4.99
30 54 0.20
30 55 2.47
30 56 8.05
30 57 8.88
30 58 8.58
30 59 4.98
30 60 3.20
30 61 6.02
30 62 3.17
30 63 9.26
30 64 9.88
30 65 8.53
30 66 4.44
30 67 7.58
30 68 3.88
30 69 2.64
30 70 7.03
30 71 3.90
30 72 0.66
30 73 4.02
30 74 9.00
30 75 5.19
30 76 1.94
30 77 1.17
30 78 2.08
30 79 4.86
30 80 8.23
30 81 7.37
30 82 0.19
30 83 2.48
30 84 7.73
30 85 6.04
30 86 8.53
30 87 7.08
30 88 7.62
30 89 7.99
30 90 8.86
30 91 2.58
30 92 8.84
30 93 2.90
30 94 2.87
30 95 0.81
30 96 0.53
30 97 6.79
30 98 7.08
30 99 9.47
31 32 2.49
31 33 9.96
31 34 9.54
31 35 8.03
31 36 5.53
31 37 6.91
31 38 3.00
31 39 1.86
31 40 7.68
31 41 3.28
31 42 2.97
31 43 8.79
31 44 3.62
31 45 7.19
31 46 3.04
31 47 9.95
31 48 3.40
31 49 4.88
31 50 9.10
31 51 6.67
31 52 7.52
31 53 4.26
31 54 3.52
31 55 1.41
31 56 4.92
31 57 1.82
31 58 7.72
31 59 5.06
31 60 8.78
31 61 0.66
31 62 6.84
31 63 3.12
31 64 3.51
31 65 7.02
31 66 4.79
31 67 0.06
31 68 3.62
31 69 0.74
31 70 5.01
31 71 0.74
31 72 9.93
31 73 3.33
31 74 3.62
31 75 6.91
31 76 6.03
31 77 6.36
31 78 6.03
31 79 6.66
31 80 5.31
31 81 2.91
31 82 3.12
31 83 7.78
31 84 9.43
31 85 4.84
31 86 6.05
31 87 5.51
31 88 8.32
31 89 8.14
31 90 0.81
31 91 5.01
31 92 6.41
31 93 7.54
31 94 3.48
31 95 9.38
31 96 9.76
31 97 2.76
31 98 1.47
31 99 8.78
32 33 2.84
32 34 4.00
32 35 3.90
32 36 5.77
32 37 7.75
32 38 0.24
32 39 2.76
32 40 2.85
32 41 3.52
32 42 0.40
32 43 4.29
32 44 1.63
32 45 2.57
32 46 3.63
32 47 6.35
32 48 4.60
32 49 4.55
32 50 3.07
32 51 9.63
32 52 5.84
32 53 4.40
32 54 2.92
32 55 7.11
32 56 0.22
32 57 3.23
32 58 7.59
32 59 1.46
32 60 8.55
32 61 7.88
32 62 8.61
32 63 8.76
32 64 9.20
32 65 5.04
32 66 1.69
32 67 2.32
32 68 5.64
32 69 1.81
32 70 4.49
32 71 4.61
32 72 4.56
32 73 3.97
32 74 7.35
32 75 7.20
32 76 3.27
32 77 5.69
32 78 1.86
32 79 0.26
32 80 4.68
32 81 2.69
32 82 8.41
32 83 1.63
32 84 1.05
32 85 8.75
32 86 5.96
32 87 0.00
32 88 0.80
32 89 3.29
32 90 0.04
32 91 9.61
32 92 1.76
32 93 5.38
32 94 4.37
32 95 4.83
32 96 5.98
32 97 8.23
32 98 2.58
32 99 3.33
33 34 9.92
33 35 3.24
33 36 0.94
33 37 3.98
33 38 9.75
33 39 7.63
33 40 9.81
33 41 8.55
33 42 7.15
33 43 8.40
33 44 9.03
33 45 2.54
33 46 8.53
33 47 9.52
33 48 8.07
33 49 2.17
33 50 5.20
33 51 9.93
33 52 3.24
33 53 4.32
33 54 1.88
33 55 0.90
33 56 8.50
33 57 9.38
33 58 8.40
33 59 8.88
33 60 0.72
33 61 2.84
33 62 0.75
33 63 3.51
33 64 0.30
33 65 3.54
33 66 6.26
33 67 4.93
33 68 0.28
33 69 5.40
33 70 5.32
33 71 2.17
33 72 3.28
33 73 7.51
33 74 6.11
33 75 7.79
33 76 4.10
33 77 3.92
33 78 7.33
33 79 5.25
33 80 1.92
33 81 3.11
33 82 7.33
33 83 7.72
33 84 9.51
33 85 1.43
33 86 6.49
33 87 8.18
33 88 6.26
33 89 2.45
33 90 1.04
33 91 2.82
33 92 9.55
33 93 5.36
33 94 4.46
33 95 0.02
33 96 7.27
33 97 0.15
33 98 1.78
33 99 7.70
34 35 8.70
34 36 2.95
34 37 0.99
34 38 0.69
34 39 6.89
34 40 4.42
34 41 3.29
34 42 4.36
34 43 2.62
34 44 7.84
34 45 2.87
34 46 0.62
34 47 7.30
34 48 7.27
34 49 4.18
34 50 2.64
34 51 1.78
34 52 0.23
34 53 7.32
34 54 8.15
34 55 6.25
34 56 5.68
34 57 2.73
34 58 0.52
34 59 2.02
34 60 3.71
34 61 4.20
34 62 8.10
34 63 5.09
34 64 9.16
34 65 5.67
34 66 3.07
34 67 7.18
34 68 6.47
34 69 2.97
34 70 2.41
34 71 5.63
34 72 7.70
34 73 8.62
34 74 5.24
34 75 3.61
34 76 3.59
34 77 9.81
34 78 1.71
34 79 5.46
34 80 3.87
34 81 8.38
34 82 7.14
34 83 1.37
34 84 0.01
34 85 9.48
34 86 0.28
34 87 0.19
34 88 4.77
34 89 3.87
34 90 5.85
34 91 3.52
34 92 9.24
34 93 4.30
34 94 0.62
34 95 9.83
34 96 5.33
34 97 3.70
34 98 8.92
34 99 1.69
35 36 8.38
35 37 6.53
35 38 9.73
35 39 4.16
35 40 3.31
35 41 5.01
35 42 4.01
35 43 2.62
35 44 2.64
35 45 6.36
35 46 6.12
35 47 3.04
35 48 1.85
35 49 8.14
35 50 5.51
35 51 5.10
35 52 1.99
35 53 0.66
35 54 7.39
35 55 5.31
35 56 6.57
35 57 3.82
35 58 5.59
35 59 2.13
35 60 2.11
35 61 8.00
35 62 3.89
35 63 5.67
35 64 7.33
35 65 9.00
35 66 1.60
35 67 9.56
35 68 8.43
35 69 0.52
35 70 1.58
35 71 9.13
35 72 9.84
35 73 9.22
35 74 1.19
35 75 2.98
35 76 4.64
35 77 7.86
35 78 3.96
35 79 7.83
35 80 2.44
35 81 8.86
35 82 3.08
35 83 5.46
35 84 8.09
35 85 7.79
35 86 3.67
35 87 6.89
35 88 6.76
35 89 0.84
35 90 4.36
35 91 7.89
35 92 5.04
35 93 2.40
35 94 5.49
35 95 8.96
35 96 0.97
35 97 1.58
35 98 9.01
35 99 5.01
36 37 3.15
36 38 7.97
36 39 4.58
36 40 0.41
36 41 4.72
36 42 1.31
36 43 5.40
36 44 3.18
36 45 2.71
36 46 7.15
36 47 5.29
36 48 1.53
36 49 7.41
36 50 9.62
36 51 9.73
36 52 6.50
36 53 0.67
36 54 7.37
36 55 6.89
36 56 7.64
36 57 8.38
36 58 6.73
36 59 4.82
36 60 0.29
36 61 3.17
36 62 8.14
36 63 6.70
36 64 0.31
36 65 8.37
36 66 2.53
36 67 4.88
36 68 6.14
36 69 7.26
36 70 7.97
36 71 9.13
36 72 1.18
36 73 0.40
36 74 0.88
36 75 7.02
36 76 3.49
36 77 7.26
36 78 9.37
36 79 1.89
36 80 4.66
36 81 3.31
36 82 0.91
36 83 0.51
36 84 5.88
36 85 1.61
36 86 9.19
36 87 4.55
36 88 0.55
36 89 8.96
36 90 3.04
36 91 4.92
36 92 0.09
36 93 2.83
36 94 9.42
36 95 5.18
36 96 1.87
36 97 5.05
36 98 2.30
36 99 3.32
37 38 9.79
37 39 0.77
37 40 7.44
37 41 9.31
37 42 7.61
37 43 6.47
37 44 5.67
37 45 8.86
37 46 5.16
37 47 1.47
37 48 5.02
37 49 8.82
37 50 7.85
37 51 3.98
37 52 7.93
37 53 9.42
37 54 8.91
37 55 4.48
37 56 8.19
37 57 0.67
37 58 8.39
37 59 2.36
37 60 1.37
37 61 3.59
37 62 8.99
37 63 6.25
37 64 7.60
37 65 7.74
37 66 7.80
37 67 8.74
37 68 3.73
37 69 3.97
37 70 8.32
37 71 4.92
37 72 8.55
37 73 9.55
37 74 9.33
37 75 8.12
37 76 5.21
37 77 4.56
37 78 4.93
37 79 0.43
37 80 4.58
37 81 7.74
37 82 6.54
37 83 3.85
37 84 1.16
37 85 4.21
37 86 9.77
37 87 6.35
37 88 4.77
37 89 7.16
37 90 2.58
37 91 7.56
37 92 8.21
37 93 7.39
37 94 9.90
37 95 5.80
37 96 6.16
37 97 4.71
37 98 1.39
37 99 6.42
38 39 8.66
38 40 0.90
38 41 7.65
38 42 0.44
38 43 9.83
38 44 1.68
38 45 7.20
38 46 8.80
38 47 4.45
38 48 4.80
38 49 4.44
38 50 9.60
38 51 0.79
38 52 0.27
38 53 0.08
38 54 2.53
38 55 8.88
38 56 1.05
38 57 9.48
38 58 0.41
38 59 3.84
38 60 2.77
38 61 7.73
38 62 5.29
38 63 3.95
38 64 4.60
38 65 5.73
38 66 9.03
38 67 6.21
38 68 7.60
38 69 5.08
38 70 6.17
38 71 6.97
38 72 9.14
38 73 5.04
38 74 1.58
38 75 3.79
38 76 4.72
38 77 2.98
38 78 1.61
38 79 7.42
38 80 1.78
38 81 4.74
38 82 8.87
38 83 1.00
38 84 1.52
38 85 2.45
38 86 0.43
38 87 0.05
38 88 0.88
38 89 8.05
38 90 8.98
38 91 5.73
38 92 2.44
38 93 1.66
38 94 1.56
38 95 3.94
38 96 0.91
38 97 0.23
38 98 1.87
38 99 5.07
39 40 8.75
39 41 6.74
39 42 1.13
39 43 6.43
39 44 0.37
39 45 9.16
39 46 7.96
39 47 8.82
39 48 2.48
39 49 4.58
39 50 7.00
39 51 6.34
39 52 1.30
39 53 3.78
39 54 3.40
39 55 8.36
39 56 0.33
39 57 9.12
39 58 5.23
39 59 2.23
39 60 5.97
39 61 3.09
39 62 9.47
39 63 6.25
39 64 7.38
39 65 5.54
39 66 2.88
39 67 0.87
39 68 6.79
39 69 1.09
39 70 9.11
39 71 2.63
39 72 0.84
39 73 7.40
39 74 5.19
39 75 9.13
39 76 6.69
39 77 9.96
39 78 7.71
39 79 4.16
39 80 6.35
39 81 4.35
39 82 4.28
39 83 8.52
39 84 5.49
39 85 8.30
39 86 8.84
39 87 5.87
39 88 9.02
39 89 2.75
39 90 8.76
39 91 6.67
39 92 9.50
39 93 1.79
39 94 2.51
39 95 10.00
39 96 9.74
39 97 7.92
39 98 4.99
39 99 3.84
40 41 1.98
40 42 2.62
40 43 1.87
40 44 2.49
40 45 0.33
40 46 2.84
40 47 3.97
40 48 2.20
40 49 2.87
40 50 5.35
40 51 0.25
40 52 3.05
40 53 7.73
40 54 2.29
40 55 8.50
40 56 5.43
40 57 9.62
40 58 2.60
40 59 9.56
40 60 3.11
40 61 0.46
40 62 7.73
40 63 8.48
40 64 0.46
40 65 5.16
40 66 3.59
40 67 0.82
40 68 7.29
40 69 5.98
40 70 6.51
40 71 5.05
40 72 6.05
40 73 0.32
40 74 5.07
40 75 9.41
40 76 5.35
40 77 7.13
40 78 8.17
40 79 4.53
40 80 9.56
40 81 4.05
40 82 2.10
40 83 5.89
40 84 0.67
40 85 8.10
40 86 6.03
40 87 4.24
40 88 7.50
40 89 5.37
40 90 4.72
40 91 5.32
40 92 0.29
40 93 6.96
40 94 9.00
40 95 1.49
40 96 8.86
40 97 3.56
40 98 6.08
40 99 3.83
41 42 1.78
41 43 5.94
41 44 2.96
41 45 3.10
41 46 4.91
41 47 1.22
41 48 7.73
41 49 5.08
41 50 7.44
41 51 0.19
41 52 2.94
41 53 0.98
41 54 0.59
41 55 5.06
41 56 0.81
41 57 4.74
41 58 4.05
41 59 9.42
41 60 9.71
41 61 3.10
41 62 7.46
41 63 3.55
41 64 3.83
41 65 5.35
41 66 3.20
41 67 2.03
41 68 1.73
41 69 5.53
41 70 4.25
41 71 0.89
41 72 8.28
41 73 2.87
41 74 4.47
41 75 5.63
41 76 7.03
41 77 7.91
41 78 0.55
41 79 9.05
41 80 3.79
41 81 2.97
41 82 8.22
41 83 4.24
41 84 2.53
41 85 1.01
41 86 7.79
41 87 3.40
41 88 5.18
41 89 3.84
41 90 8.45
41 91 9.43
41 92 7.66
41 93 5.43
41 94 1.04
41 95 0.46
41 96 4.14
41 97 5.77
41 98 0.65
41 99 5.31
42 43 7.20
42 44 3.78
42 45 5.77
42 46 7.87
42 47 7.44
42 48 9.69
42 49 0.12
42 50 9.11
42 51 9.20
42 52 2.85
42 53 2.32
42 54 7.11
42 55 1.87
42 56 5.27
42 57 9.88
42 58 5.94
42 59 7.78
42 60 2.09
42 61 3.59
42 62 1.29
42 63 4.15
42 64 4.40
42 65 1.25
42 66 3.85
42 67 4.96
42 68 3.17
42 69 3.62
42 70 9.94
42 71 3.18
42 72 1.65
42 73 1.91
42 74 7.69
42 75 6.15
42 76 1.82
42 77 6.96
42 78 2.26
42 79 8.81
42 80 2.36
42 81 9.29
42 82 1.38
42 83 9.04
42 84 0.71
42 85 7.48
42 86 1.09
42 87 6.60
42 88 0.51
42 89 8.34
42 90 4.59
42 91 2.86
42 92 4.32
42 93 5.79
42 94 0.55
42 95 9.74
42 96 9.47
42 97 6.67
42 98 2.09
42 99 8.76
43 44 2.47
43 45 1.84
43 46 7.26
43 47 0.22
43 48 3.35
43 49 9.87
43 50 0.02
43 51 7.85
43 52 2.83
43 53 1.02
43 54 0.66
43 55 7.09
43 56 2.58
43 57 7.33
43 58 8.19
43 59 1.46
43 60 6.63
43 61 1.55
43 62 5.63
43 63 7.06
43 64 9.96
43 65 3.30
43 66 7.55
43 67 7.77
43 68 0.61
43 69 8.36
43 70 8.14
43 71 3.10
43 72 3.20
43 73 0.12
43 74 0.24
43 75 5.15
43 76 5.48
43 77 3.80
43 78 1.73
43 79 5.45
43 80 6.04
43 81 3.95
43 82 7.49
43 83 5.50
43 84 5.19
43 85 7.71
43 86 9.77
43 87 5.83
43 88 1.72
43 89 4.93
43 90 3.52
43 91 4.16
43 92 7.73
43 93 1.63
43 94 7.44
43 95 2.30
43 96 3.41
43 97 7.23
43 98 1.96
43 99 3.55
44 45 4.45
44 46 4.51
44 47 2.01
44 48 9.43
44 49 5.58
44 50 5.94
44 51 0.87
44 52 1.35
44 53 2.33
44 54 0.68
44 55 4.04
44 56 9.93
44 57 1.86
44 58 0.05
44 59 4.82
44 60 9.20
44 61 4.81
44 62 0.48
44 63 0.34
44 64 8.66
44 65 4.39
44 66 3.45
44 67 5.90
44 68 4.15
44 69 4.79
44 70 9.62
44 71 4.58
44 72 7.73
44 73 6.88
44 74 0.97
44 75 0.17
44 76 6.81
44 77 6.61
44 78 4.16
44 79 7.35
44 80 0.93
44 81 3.19
44 82 5.25
44 83 3.30
44 84 4.79
44 85 1.64
44 86 1.34
44 87 5.22
44 88 2.62
44 89 3.06
44 90 9.82
44 91 5.17
44 92 8.90
44 93 3.72
44 94 6.52
44 95 7.39
44 96 7.86
44 97 4.78
44 98 6.20
44 99 8.53
45 46 9.37
45 47 4.60
45 48 7.89
45 49 9.71
45 50 4.58
45 51 8.92
45 52 7.53
45 53 1.33
45 54 7.12
45 55 9.88
45 56 8.85
45 57 2.29
45 58 3.27
45 59 6.26
45 60 6.27
45 61 0.81
45 62 9.74
45 63 6.39
45 64 0.14
45 65 5.64
45 66 6.87
45 67 5.63
45 68 0.51
45 69 2.55
45 70 0.13
45 71 6.75
45 72 4.86
45 73 3.49
45 74 7.67
45 75 3.12
45 76 1.37
45 77 3.06
45 78 9.05
45 79 4.53
45 80 5.42
45 81 3.09
45 82 1.03
45 83 2.86
45 84 4.04
45 85 9.20
45 86 0.05
45 87 1.46
45 88 2.65
45 89 2.67
45 90 1.04
45 91 8.81
45 92 6.85
45 93 4.66
45 94 0.69
45 95 5.41
45 96 3.66
45 97 1.17
45 98 8.22
45 99 0.18
46 47 8.25
46 48 3.03
46 49 7.98
46 50 4.26
46 51 6.48
46 52 4.01
46 53 3.55
46 54 9.62
46 55 7.14
46 56 5.85
46 57 8.51
46 58 1.49
46 59 3.73
46 60 1.22
46 61 7.59
46 62 4.41
46 63 5.54
46 64 7.02
46 65 9.33
46 66 4.61
46 67 0.23
46 68 1.89
46 69 0.55
46 70 9.67
46 71 1.64
46 72 2.01
46 73 2.47
46 74 5.02
46 75 6.48
46 76 8.34
46 77 9.16
46 78 8.97
46 79 6.18
46 80 2.18
46 81 1.35
46 82 4.94
46 83 7.53
46 84 8.26
46 85 5.83
46 86 7.67
46 87 0.53
46 88 3.46
46 89 3.30
46 90 2.61
46 91 6.73
46 92 2.32
46 93 1.92
46 94 7.29
46 95 4.77
46 96 2.35
46 97 1.64
46 98 8.11
46 99 4.86
47 48 6.12
47 49 3.44
47 50 5.77
47 51 9.69
47 52 2.69
47 53 1.10
47 54 4.23
47 55 2.96
47 56 6.39
47 57 0.72
47 58 6.81
47 59 4.05
47 60 0.48
47 61 7.77
47 62 0.62
47 63 4.90
47 64 1.81
47 65 6.32
47 66 7.50
47 67 7.70
47 68 1.95
47 69 4.40
47 70 3.80
47 71 8.02
47 72 2.59
47 73 7.05
47 74 8.75
47 75 6.60
47 76 0.83
47 77 8.64
47 78 5.36
47 79 7.93
47 80 4.06
47 81 4.25
47 82 5.57
47 83 6.04
47 84 1.85
47 85 3.07
47 86 3.66
47 87 1.20
47 88 2.64
47 89 8.08
47 90 9.88
47 91 6.86
47 92 8.55
47 93 8.62
47 94 6.19
47 95 9.25
47 96 8.07
47 97 5.57
47 98 5.41
47 99 2.90
48 49 3.32
48 50 6.45
48 51 9.53
48 52 0.07
48 53 7.09
48 54 5.08
48 55 6.19
48 56 8.11
48 57 7.47
48 58 1.60
48 59 9.57
48 60 2.49
48 61 7.89
48 62 5.39
48 63 0.97
48 64 9.99
48 65 0.95
48 66 8.89
48 67 6.00
48 68 6.01
48 69 8.28
48 70 3.66
48 71 1.08
48 72 5.38
48 73 5.46
48 74 7.68
48 75 2.83
48 76 0.78
48 77 4.44
48 78 0.14
48 79 7.30
48 80 8.86
48 81 2.25
48 82 6.55
48 83 0.76
48 84 5.29
48 85 2.88
48 86 5.59
48 87 6.67
48 88 0.26
48 89 4.77
48 90 1.61
48 91 0.63
48 92 8.74
48 93 1.03
48 94 0.25
48 95 0.67
48 96 7.07
48 97 5.61
48 98 9.26
48 99 6.48
49 50 0.80
49 51 6.94
49 52 4.76
49 53 9.16
49 54 0.12
49 55 3.53
49 56 8.03
49 57 5.87
49 58 8.84
49 59 6.73
49 60 9.37
49 61 1.11
49 62 6.55
49 63 6.68
49 64 1.75
49 65 5.92
49 66 4.03
49 67 7.50
49 68 2.67
49 69 2.51
49 70 6.88
49 71 6.22
49 72 4.14
49 73 9.46
49 74 3.32
49 75 4.50
49 76 1.90
49 77 2.94
49 78 3.61
49 79 9.11
49 80 4.34
49 81 1.24
49 82 4.63
49 83 9.39
49 84 0.00
49 85 6.57
49 86 5.54
49 87 4.08
49 88 1.41
49 89 0.82
49 90 7.59
49 91 9.53
49 92 6.51
49 93 3.73
49 94 8.23
49 95 9.48
49 96 7.99
49 97 8.52
49 98 3.18
49 99 7.65
50 51 6.37
50 52 1.84
50 53 1.03
50 54 1.53
50 55 2.91
50 56 1.60
50 57 8.84
50 58 4.91
50 59 8.35
50 60 4.36
50 61 5.42
50 62 7.94
50 63 1.49
50 64 7.24
50 65 0.61
50 66 9.51
50 67 9.50
50 68 9.20
50 69 8.08
50 70 0.07
50 71 9.49
50 72 9.82
50 73 4.16
50 74 9.74
50 75 8.76
50 76 4.28
50 77 5.38
50 78 6.26
50 79 1.03
50 80 7.35
50 81 1.45
50 82 1.33
50 83 6.66
50 84 9.20
50 85 7.40
50 86 2.92
50 87 4.10
50 88 5.12
50 89 5.28
50 90 2.69
50 91 1.00
50 92 9.99
50 93 5.61
50 94 2.45
50 95 2.35
50 96 1.96
50 97 8.41
50 98 8.17
50 99 4.38
51 52 8.44
51 53 1.05
51 54 1.69
51 55 6.82
51 56 6.32
51 57 1.75
51 58 8.48
51 59 3.02
51 60 5.63
51 61 7.36
51 62 4.18
51 63 5.77
51 64 7.10
51 65 5.64
51 66 3.41
51 67 7.05
51 68 4.54
51 69 4.65
51 70 0.88
51 71 9.51
51 72 6.57
51 73 0.07
51 74 1.77
51 75 3.58
51 76 4.57
51 77 6.80
51 78 5.25
51 79 1.65
51 80 7.02
51 81 4.43
51 82 3.70
51 83 4.54
51 84 5.42
51 85 4.53
51 86 4.04
51 87 6.93
51 88 7.97
51 89 9.81
51 90 5.52
51 91 8.30
51 92 3.19
51 93 1.87
51 94 8.64
51 95 8.43
51 96 5.04
51 97 7.78
51 98 3.61
51 99 0.38
52 53 2.69
52 54 5.19
52 55 5.44
52 56 3.00
52 57 4.97
52 58 1.65
52 59 0.53
52 60 2.22
52 61 7.41
52 62 6.05
52 63 7.36
52 64 9.05
52 65 4.82
52 66 2.19
52 67 4.03
52 68 6.91
52 69 7.74
52 70 0.21
52 71 5.56
52 72 8.03
52 73 9.69
52 74 7.82
52 75 1.66
52 76 5.26
52 77 9.73
52 78 6.85
52 79 0.60
52 80 0.97
52 81 6.82
52 82 3.31
52 83 6.40
52 84 5.33
52 85 6.16
52 86 9.62
52 87 1.71
52 88 0.98
52 89 1.70
52 90 2.73
52 91 2.79
52 92 9.58
52 93 9.14
52 94 7.17
52 95 7.20
52 96 9.70
52 97 3.59
52 98 6.86
52 99 3.31
53 54 0.26
53 55 6.47
53 56 0.37
53 57 9.30
53 58 2.68
53 59 3.96
53 60 9.30
53 61 8.11
53 62 2.89
53 63 8.11
53 64 4.86
53 65 2.21
53 66 9.22
53 67 6.28
53 68 4.48
53 69 8.93
53 70 7.32
53 71 7.69
53 72 0.58
53 73 1.77
53 74 4.29
53 75 5.97
53 76 7.51
53 77 8.32
53 78 3.61
53 79 9.05
53 80 8.42
53 81 5.34
53 82 4.19
53 83 9.45
53 84 0.14
53 85 7.41
53 86 8.44
53 87 9.14
53 88 3.33
53 89 7.51
53 90 1.33
53 91 3.20
53 92 2.57
53 93 9.69
53 94 5.45
53 95 9.22
53 96 5.18
53 97 9.49
53 98 4.81
53 99 4.96
54 55 1.21
54 56 8.29
54 57 9.74
54 58 6.14
54 59 4.48
54 60 5.29
54 61 5.96
54 62 9.45
54 63 7.59
54 64 7.80
54 65 1.42
54 66 3.79
54 67 0.49
54 68 7.73
54 69 9.44
54 70 6.14
54 71 2.26
54 72 5.50
54 73 6.39
54 74 3.91
54 75 6.91
54 76 5.07
54 77 9.97
54 78 6.26
54 79 4.30
54 80 1.33
54 81 8.20
54 82 9.94
54 83 4.61
54 84 0.27
54 85 6.78
54 86 5.20
54 87 5.35
54 88 7.01
54 89 6.58
54 90 5.37
54 91 6.43
54 92 2.57
54 93 2.71
54 94 8.83
54 95 3.92
54 96 9.77
54 97 2.47
54 98 1.32
54 99 2.85
55 56 4.52
55 57 2.40
55 58 0.46
55 59 7.33
55 60 7.72
55 61 4.13
55 62 1.46
55 63 0.18
55 64 9.21
55 65 0.59
55 66 9.95
55 67 1.62
55 68 9.78
55 69 2.06
55 70 0.16
55 71 7.64
55 72 0.70
55 73 0.88
55 74 1.76
55 75 1.46
55 76 5.30
55 77 7.67
55 78 1.31
55 79 7.66
55 80 7.03
55 81 9.48
55 82 3.01
55 83 8.35
55 84 8.81
55 85 9.52
55 86 1.80
55 87 8.33
55 88 3.76
55 89 4.26
55 90 9.47
55 91 2.87
55 92 6.03
55 93 5.28
55 94 3.26
55 95 3.93
55 96 0.58
55 97 3.52
55 98 9.84
55 99 0.19
56 57 3.71
56 58 3.55
56 59 2.01
56 60 2.41
56 61 8.14
56 62 4.83
56 63 6.00
56 64 7.68
56 65 9.83
56 66 1.10
56 67 1.91
56 68 1.69
56 69 4.12
56 70 8.10
56 71 8.21
56 72 9.84
56 73 6.86
56 74 5.38
56 75 3.91
56 76 2.36
56 77 6.16
56 78 2.47
56 79 3.01
56 80 8.25
56 81 4.28
56 82 9.17
56 83 9.68
56 84 9.26
56 85 6.39
56 86 5.10
56 87 4.61
56 88 7.92
56 89 3.75
56 90 2.54
56 91 9.48
56 92 2.62
56 93 1.49
56 94 2.29
56 95 8.42
56 96 3.95
56 97 6.23
56 98 2.02
56 99 7.97
57 58 8.32
57 59 9.26
57 60 6.39
57 61 3.98
57 62 4.76
57 63 6.88
57 64 6.07
57 65 5.66
57 66 5.24
57 67 5.73
57 68 9.17
57 69 8.76
57 70 0.08
57 71 2.31
57 72 3.00
57 73 8.65
57 74 3.98
57 75 2.78
57 76 0.31
57 77 3.17
57 78 9.82
57 79 4.08
57 80 1.76
57 81 9.96
57 82 4.92
57 83 2.51
57 84 3.45
57 85 7.58
57 86 5.88
57 87 9.63
57 88 4.43
57 89 2.62
57 90 9.50
57 91 6.99
57 92 9.89
57 93 2.43
57 94 7.20
57 95 3.26
57 96 7.66
57 97 2.07
57 98 2.25
57 99 7.99
58 59 9.12
58 60 4.54
58 61 7.99
58 62 2.39
58 63 5.90
58 64 6.30
58 65 6.78
58 66 7.44
58 67 9.17
58 68 5.92
58 69 5.05
58 70 2.94
58 71 4.15
58 72 4.19
58 73 4.79
58 74 3.81
58 75 8.60
58 76 3.87
58 77 8.54
58 78 9.87
58 79 0.13
58 80 2.41
58 81 2.79
58 82 5.41
58 83 9.35
58 84 1.26
58 85 0.50
58 86 6.21
58 87 8.96
58 88 7.63
58 89 6.68
58 90 2.70
58 91 3.25
58 92 2.85
58 93 1.07
58 94 9.84
58 95 9.58
58 96 3.36
58 97 6.16
58 98 1.93
58 99 8.70
59 60 7.65
59 61 8.03
59 62 4.25
59 63 3.22
59 64 1.45
59 65 1.69
59 66 3.16
59 67 8.46
59 68 0.45
59 69 4.79
59 70 2.91
59 71 8.19
59 72 2.46
59 73 9.21
59 74 6.85
59 75 4.04
59 76 0.32
59 77 5.85
59 78 1.93
59 79 1.92
59 80 1.70
59 81 1.42
59 82 2.61
59 83 0.40
59 84 4.76
59 85 5.22
59 86 8.02
59 87 7.60
59 88 9.18
59 89 8.18
59 90 1.30
59 91 2.11
59 92 3.67
59 93 2.05
59 94 7.55
59 95 2.56
59 96 7.89
59 97 2.85
59 98 9.64
59 99 2.84
60 61 5.52
60 62 6.13
60 63 0.39
60 64 2.21
60 65 6.49
60 66 2.93
60 67 3.11
60 68 0.38
60 69 9.81
60 70 9.79
60 71 8.51
60 72 5.40
60 73 2.54
60 74 1.11
60 75 7.66
60 76 9.06
60 77 4.88
60 78 7.14
60 79 1.07
60 80 6.30
60 81 1.16
60 82 3.45
60 83 1.94
60 84 2.73
60 85 4.29
60 86 6.69
60 87 3.48
60 88 6.99
60 89 1.08
60 90 1.85
60 91 1.64
60 92 6.82
60 93 2.49
60 94 9.76
60 95 5.50
60 96 4.34
60 97 6.96
60 98 8.55
60 99 1.50
61 62 6.42
61 63 5.31
61 64 1.44
61 65 0.47
61 66 4.11
61 67 5.26
61 68 10.00
61 69 6.59
61 70 8.93
61 71 5.34
61 72 8.70
61 73 7.20
61 74 8.61
61 75 2.45
61 76 1.34
61 77 9.23
61 78 7.78
61 79 9.27
61 80 9.20
61 81 5.36
61 82 2.46
61 83 0.53
61 84 6.82
61 85 6.32
61 86 3.36
61 87 4.11
61 88 8.34
61 89 9.67
61 90 8.13
61 91 6.18
61 92 4.39
61 93 2.69
61 94 1.10
61 95 4.85
61 96 1.50
61 97 1.75
61 98 8.71
61 99 2.95
62 63 6.44
62 64 0.36
62 65 3.25
62 66 0.68
62 67 6.18
62 68 8.03
62 69 1.38
62 70 8.16
62 71 6.27
62 72 4.87
62 73 0.50
62 74 9.56
62 75 1.22
62 76 9.61
62 77 9.91
62 78 9.39
62 79 3.21
62 80 7.02
62 81 9.18
62 82 3.28
62 83 2.17
62 84 5.21
62 85 3.93
62 86 1.36
62 87 3.29
62 88 3.05
62 89 4.50
62 90 0.12
62 91 0.24
62 92 0.24
62 93 7.07
62 94 9.75
62 95 3.90
62 96 7.14
62 97 0.87
62 98 3.30
62 99 0.13
63 64 7.42
63 65 3.99
63 66 9.28
63 67 3.69
63 68 3.53
63 69 8.96
63 70 9.44
63 71 1.96
63 72 3.87
63 73 7.95
63 74 5.17
63 75 2.95
63 76 0.76
63 77 5.50
63 78 7.39
63 79 2.10
63 80 9.50
63 81 2.54
63 82 7.94
63 83 8.43
63 84 9.45
63 85 4.94
63 86 3.32
63 87 4.78
63 88 4.86
63 89 7.98
63 90 4.41
63 91 6.56
63 92 9.98
63 93 0.68
63 94 5.02
63 95 4.86
63 96 6.88
63 97 2.34
63 98 4.39
63 99 0.28
64 65 8.42
64 66 9.21
64 67 7.39
64 68 7.16
64 69 1.08
64 70 0.37
64 71 0.85
64 72 0.47
64 73 4.31
64 74 7.90
64 75 4.72
64 76 2.50
64 77 2.26
64 78 7.65
64 79 3.25
64 80 6.80
64 81 9.26
64 82 0.54
64 83 9.27
64 84 2.87
64 85 4.58
64 86 9.78
64 87 1.83
64 88 9.14
64 89 1.03
64 90 9.34
64 91 5.51
64 92 6.49
64 93 8.75
64 94 5.87
64 95 8.80
64 96 3.73
64 97 2.51
64 98 8.22
64 99 9.92
65 66 0.50
65 67 0.74
65 68 5.22
65 69 5.33
65 70 0.73
65 71 2.74
65 72 3.80
65 73 2.63
65 74 4.37
65 75 2.16
65 76 3.66
65 77 9.05
65 78 8.40
65 79 8.55
65 80 5.88
65 81 2.49
65 82 3.90
65 83 4.90
65 84 8.80
65 85 6.62
65 86 6.67
65 87 1.16
65 88 0.33
65 89 3.18
65 90 2.02
65 91 9.99
65 92 7.30
65 93 5.84
65 94 5.36
65 95 3.02
65 96 1.94
65 97 2.33
65 98 3.66
65 99 0.43
66 67 6.19
66 68 8.22
66 69 1.77
66 70 3.04
66 71 7.32
66 72 3.34
66 73 4.10
66 74 5.86
66 75 1.05
66 76 2.25
66 77 4.42
66 78 7.90
66 79 0.05
66 80 1.87
66 81 4.23
66 82 6.27
66 83 9.75
66 84 1.79
66 85 0.28
66 86 5.01
66 87 9.00
66 88 6.47
66 89 4.58
66 90 3.90
66 91 9.72
66 92 1.47
66 93 4.96
66 94 1.84
66 95 8.09
66 96 5.89
66 97 4.70
66 98 0.62
66 99 5.95
67 68 2.43
67 69 6.56
67 70 7.55
67 71 1.93
67 72 7.93
67 73 3.73
67 74 2.85
67 75 0.53
67 76 0.27
67 77 1.63
67 78 6.87
67 79 7.91
67 80 9.99
67 81 6.71
67 82 7.44
67 83 2.47
67 84 5.58
67 85 5.29
67 86 1.96
67 87 1.11
67 88 3.74
67 89 7.42
67 90 7.98
67 91 9.78
67 92 6.23
67 93 8.59
67 94 3.78
67 95 5.28
67 96 5.28
67 97 6.97
67 98 7.16
67 99 1.14
68 69 8.51
68 70 8.48
68 71 3.28
68 72 0.21
68 73 3.58
68 74 9.65
68 75 5.39
68 76 0.97
68 77 5.57
68 78 6.07
68 79 3.57
68 80 5.50
68 81 0.11
68 82 9.07
68 83 5.54
68 84 1.20
68 85 4.40
68 86 4.96
68 87 6.40
68 88 2.11
68 89 0.22
68 90 7.91
68 91 3.34
68 92 8.83
68 93 2.45
68 94 7.98
68 95 9.44
68 96 4.27
68 97 0.88
68 98 2.37
68 99 9.74
69 70 1.87
69 71 6.63
69 72 4.73
69 73 8.83
69 74 8.90
69 75 7.29
69 76 9.66
69 77 4.61
69 78 0.52
69 79 7.76
69 80 0.01
69 81 2.95
69 82 3.29
69 83 3.48
69 84 9.29
69 85 1.58
69 86 7.47
69 87 0.03
69 88 5.36
69 89 8.95
69 90 2.69
69 91 0.83
69 92 4.23
69 93 7.29
69 94 2.42
69 95 0.69
69 96 9.22
69 97 6.23
69 98 6.05
69 99 4.34
70 71 3.04
70 72 6.38
70 73 7.56
70 74 9.82
70 75 2.73
70 76 0.76
70 77 5.28
70 78 9.77
70 79 1.82
70 80 8.87
70 81 6.46
70 82 2.14
70 83 5.30
70 84 3.10
70 85 9.77
70 86 0.98
70 87 2.76
70 88 0.40
70 89 9.11
70 90 4.54
70 91 8.45
70 92 0.61
70 93 6.17
70 94 3.95
70 95 2.01
70 96 6.15
70 97 9.86
70 98 9.62
70 99 1.55
71 72 8.58
71 73 0.65
71 74 1.37
71 75 1.00
71 76 4.75
71 77 9.82
71 78 8.44
71 79 0.72
71 80 8.62
71 81 5.40
71 82 6.60
71 83 6.89
71 84 1.82
71 85 5.67
71 86 2.79
71 87 3.65
71 88 2.45
71 89 9.41
71 90 7.45
71 91 5.36
71 92 7.56
71 93 9.78
71 94 3.05
71 95 0.85
71 96 4.76
71 97 7.15
71 98 7.75
71 99 4.71
72 73 0.94
72 74 9.74
72 75 1.00
72 76 6.92
72 77 9.98
72 78 2.11
72 79 4.73
72 80 1.77
72 81 4.00
72 82 4.18
72 83 4.74
72 84 6.08
72 85 4.81
72 86 6.97
72 87 9.57
72 88 4.75
72 89 5.32
72 90 5.02
72 91 9.37
72 92 4.17
72 93 2.99
72 94 8.68
72 95 2.77
72 96 1.00
72 97 0.64
72 98 2.13
72 99 2.19
73 74 1.85
73 75 5.03
73 76 6.09
73 77 4.08
73 78 4.79
73 79 9.43
73 80 8.75
73 81 3.56
73 82 6.66
73 83 9.39
73 84 2.08
73 85 7.95
73 86 8.44
73 87 2.86
73 88 6.24
73 89 8.10
73 90 1.22
73 91 7.94
73 92 6.45
73 93 0.92
73 94 0.21
73 95 7.50
73 96 9.65
73 97 9.02
73 98 7.87
73 99 3.03
74 75 6.61
74 76 4.50
74 77 3.20
74 78 0.72
74 79 1.80
74 80 0.99
74 81 2.60
74 82 5.99
74 83 0.36
74 84 3.14
74 85 2.68
74 86 6.43
74 87 0.75
74 88 4.67
74 89 6.18
74 90 9.27
74 91 2.19
74 92 6.62
74 93 0.39
74 94 6.52
74 95 5.46
74 96 8.64
74 97 0.59
74 98 2.00
74 99 2.89
75 76 5.63
75 77 4.01
75 78 7.46
75 79 4.56
75 80 1.14
75 81 4.28
75 82 1.43
75 83 1.90
75 84 9.63
75 85 3.22
75 86 3.15
75 87 9.09
75 88 0.20
75 89 0.71
75 90 7.01
75 91 6.34
75 92 3.73
75 93 4.58
75 94 1.90
75 95 5.36
75 96 4.65
75 97 6.90
75 98 7.06
75 99 1.28
76 77 5.86
76 78 7.38
76 79 8.10
76 80 4.67
76 81 7.03
76 82 0.89
76 83 6.08
76 84 7.21
76 85 9.31
76 86 4.44
76 87 6.68
76 88 2.12
76 89 7.35
76 90 8.94
76 91 5.00
76 92 3.03
76 93 1.06
76 94 8.65
76 95 9.82
76 96 2.07
76 97 9.89
76 98 4.85
76 99 5.89
77 78 8.69
77 79 5.67
77 80 7.71
77 81 2.93
77 82 5.73
77 83 2.92
77 84 9.99
77 85 7.02
77 86 4.99
77 87 3.85
77 88 9.00
77 89 2.18
77 90 9.02
77 91 4.19
77 92 0.03
77 93 1.97
77 94 2.24
77 95 0.43
77 96 9.60
77 97 4.77
77 98 1.32
77 99 5.86
78 79 6.69
78 80 1.22
78 81 6.81
78 82 4.13
78 83 2.64
78 84 7.91
78 85 5.49
78 86 8.49
78 87 2.04
78 88 3.13
78 89 1.85
78 90 2.35
78 91 1.01
78 92 5.61
78 93 6.27
78 94 4.46
78 95 8.97
78 96 1.29
78 97 1.06
78 98 9.03
78 99 5.43
79 80 1.58
79 81 7.61
79 82 3.45
79 83 8.96
79 84 6.87
79 85 3.81
79 86 2.54
79 87 6.20
79 88 3.39
79 89 9.33
79 90 5.72
79 91 9.16
79 92 8.82
79 93 6.99
79 94 2.65
79 95 7.34
79 96 6.42
79 97 1.02
79 98 1.40
79 99 0.15
80 81 0.61
80 82 2.87
80 83 9.96
80 84 4.58
80 85 1.21
80 86 6.36
80 87 5.03
80 88 3.67
80 89 4.21
80 90 6.89
80 91 0.76
80 92 9.42
80 93 8.83
80 94 8.99
80 95 1.22
80 96 9.80
80 97 9.03
80 98 2.31
80 99 0.57
81 82 9.97
81 83 4.12
81 84 2.32
81 85 2.47
81 86 7.42
81 87 6.33
81 88 4.61
81 89 2.99
81 90 2.85
81 91 2.92
81 92 2.04
81 93 5.21
81 94 5.62
81 95 9.21
81 96 7.25
81 97 3.72
81 98 3.90
81 99 2.33
82 83 1.68
82 84 5.40
82 85 7.78
82 86 5.68
82 87 3.69
82 88 6.15
82 89 6.46
82 90 4.60
82 91 7.91
82 92 3.02
82 93 0.29
82 94 0.28
82 95 2.91
82 96 5.05
82 97 2.50
82 98 4.87
82 99 6.27
83 84 0.86
83 85 0.34
83 86 4.98
83 87 8.90
83 88 7.74
83 89 0.00
83 90 0.37
83 91 4.14
83 92 1.62
83 93 1.24
83 94 1.93
83 95 4.52
83 96 4.23
83 97 9.45
83 98 2.95
83 99 7.73
84 85 5.65
84 86 4.42
84 87 7.01
84 88 0.08
84 89 7.31
84 90 6.74
84 91 3.44
84 92 6.03
84 93 4.43
84 94 9.39
84 95 0.69
84 96 4.35
84 97 3.17
84 98 4.89
84 99 8.58
85 86 1.15
85 87 8.89
85 88 1.68
85 89 4.73
85 90 6.82
85 91 9.07
85 92 8.33
85 93 4.58
85 94 1.56
85 95 7.31
85 96 2.13
85 97 0.71
85 98 3.01
85 99 1.47
86 87 3.69
86 88 8.72
86 89 0.14
86 90 3.28
86 91 0.26
86 92 1.42
86 93 5.78
86 94 9.27
86 95 0.23
86 96 1.80
86 97 6.00
86 98 7.40
86 99 4.38
87 88 2.52
87 89 9.35
87 90 6.78
87 91 4.02
87 92 2.44
87 93 3.03
87 94 1.96
87 95 2.82
87 96 7.81
87 97 2.33
87 98 6.38
87 99 2.26
88 89 0.27
88 90 1.19
88 91 0.63
88 92 6.33
88 93 3.95
88 94 5.74
88 95 3.34
88 96 1.20
88 97 9.11
88 98 8.44
88 99 3.00
89 90 3.47
89 91 3.78
89 92 4.06
89 93 9.22
89 94 1.84
89 95 1.95
89 96 4.21
89 97 5.64
89 98 7.75
89 99 4.53
90 91 0.46
90 92 8.73
90 93 4.61
90 94 8.76
90 95 2.89
90 96 2.75
90 97 3.32
90 98 4.49
90 99 4.04
91 92 2.43
91 93 7.38
91 94 5.61
91 95 7.47
91 96 5.79
91 97 6.25
91 98 3.73
91 99 6.15
92 93 4.38
92 94 0.74
92 95 4.41
92 96 1.92
92 97 4.02
92 98 7.69
92 99 1.72
93 94 6.55
93 95 5.39
93 96 1.07
93 97 3.46
93 98 3.23
93 99 3.77
94 95 9.11
94 96 9.47
94 97 2.84
94 98 7.22
94 99 5.84
95 96 0.18
95 97 7.89
95 98 8.14
95 99 8.09
96 97 1.92
96 98 3.67
96 99 2.18
97 98 4.37
97 99 2.55
98 99 8.83
