100 10
0 1 8.00
0 2 3.29
0 3 5.14
0 4 3.16
0 5 0.57
0 6 5.73
0 7 4.15
0 8 1.71
0 9 6.17
0 10 0.82
0 11 0.47
0 12 9.13
0 13 1.24
0 14 2.77
0 15 7.57
0 16 7.33
0 17 2.05
0 18 5.74
0 19 2.07
0 20 8.54
0 21 7.87
0 22 6.47
0 23 3.20
0 24 4.34
0 25 8.60
0 26 4.02
0 27 1.84
0 28 8.70
0 29 5.12
0 30 0.44
0 31 3.65
0 32 2.68
0 33 1.88
0 34 4.12
0 35 1.90
0 36 8.78
0 37 2.36
0 38 7.56
0 39 0.37
0 40 5.71
0 41 6.57
0 42 4.19
0 43 7.34
0 44 4.97
0 45 8.57
0 46 0.09
0 47 3.27
0 48 2.69
0 49 8.57
0 50 7.64
0 51 0.55
0 52 7.24
0 53 7.89
0 54 5.72
0 55 7.23
0 56 2.71
0 57 4.18
0 58 4.95
0 59 9.62
0 60 5.11
0 61 3.88
0 62 5.29
0 63 8.94
0 64 6.17
0 65 8.22
0 66 5.81
0 67 2.69
0 68 6.64
0 69 4.42
0 70 2.12
0 71 4.29
0 72 8.72
0 73 1.02
0 74 5.95
0 75 7.17
0 76 0.99
0 77 0.53
0 78 2.34
0 79 6.98
0 80 4.56
0 81 9.18
0 82 1.86
0 83 1.86
0 84 6.47
0 85 5.97
0 86 9.30
0 87 1.33
0 88 7.84
0 89 7.70
0 90 7.33
0 91 4.78
0 92 5.04
0 93 6.13
0 94 4.03
0 95 6.94
0 96 5.86
0 97 7.19
0 98 7.13
0 99 6.15
1 2 0.90
1 3 5.22
1 4 5.77
1 5 0.61
1 6 1.68
1 7 7.69
1 8 0.27
1 9 1.78
1 10 8.26
1 11 1.88
1 12 7.80
1 13 6.54
1 14 9.38
1 15 1.21
1 16 2.07
1 17 1.34
1 18 7.43
1 19 1.91
1 20 4.38
1 21 3.81
1 22 6.66
1 23 3.89
1 24 8.46
1 25 7.14
1 26 7.92
1 27 7.90
1 28 0.17
1 29 5.29
1 30 0.62
1 31 9.55
1 32 7.92
1 33 3.67
1 34 9.24
1 35 9.76
1 36 5.39
1 37 0.20
1 38 3.15
1 39 5.22
1 40 9.95
1 41 7.22
1 42 0.08
1 43 6.37
1 44 9.03
1 45 6.36
1 46 7.23
1 47 1.65
1 48 0.20
1 49 9.87
1 50 0.12
1 51 8.86
1 52 3.25
1 53 3.47
1 54 3.27
1 55 1.76
1 56 5.37
1 57 5.47
1 58 3.10
1 59 1.69
1 60 2.74
1 61 5.39
1 62 6.02
1 63 6.66
1 64 1.12
1 65 3.01
1 66 0.00
1 67 6.25
1 68 6.04
1 69 9.39
1 70 5.84
1 71 5.18
1 72 3.18
1 73 9.42
1 74 7.13
1 75 6.18
1 76 8.57
1 77 1.54
1 78 7.84
1 79 5.91
1 80 6.67
1 81 4.77
1 82 4.79
1 83 8.57
1 84 1.26
1 85 4.73
1 86 1.60
1 87 2.04
1 88 4.09
1 89 8.05
1 90 0.87
1 91 2.51
1 92 8.28
1 93 4.67
1 94 0.75
1 95 6.76
1 96 2.59
1 97 7.46
1 98 7.94
1 99 1.56
2 3 9.52
2 4 5.94
2 5 3.09
2 6 9.91
2 7 8.71
2 8 1.40
2 9 8.22
2 10 7.51
2 11 8.76
2 12 4.13
2 13 8.59
2 14 2.07
2 15 6.26
2 16 8.93
2 17 8.38
2 18 0.25
2 19 7.28
2 20 7.38
2 21 1.69
2 22 4.68
2 23 2.44
2 24 2.26
2 25 6.79
2 26 6.54
2 27 0.78
2 28 8.30
2 29 9.13
2 30 6.44
2 31 5.30
2 32 3.02
2 33 4.66
2 34 9.37
2 35 0.06
2 36 1.54
2 37 0.38
2 38 6.80
2 39 1.43
2 40 4.68
2 41 8.30
2 42 5.57
2 43 9.47
2 44 6.31
2 45 3.27
2 46 3.94
2 47 7.82
2 48 7.19
2 49 9.77
2 50 6.08
2 51 1.03
2 52 3.46
2 53 9.32
2 54 3.35
2 55 9.64
2 56 7.03
2 57 3.52
2 58 1.60
2 59 8.82
2 60 8.60
2 61 8.07
2 62 9.63
2 63 4.85
2 64 5.68
2 65 0.41
2 66 6.98
2 67 7.61
2 68 9.88
2 69 1.75
2 70 8.02
2 71 7.79
2 72 6.47
2 73 2.00
2 74 4.50
2 75 4.77
2 76 5.36
2 77 3.69
2 78 7.77
2 79 1.76
2 80 9.14
2 81 8.10
2 82 3.76
2 83 1.73
2 84 6.55
2 85 8.10
2 86 9.62
2 87 6.40
2 88 7.05
2 89 2.82
2 90 1.41
2 91 1.23
2 92 8.84
2 93 1.92
2 94 5.68
2 95 2.40
2 96 3.35
2 97 5.96
2 98 1.81
2 99 6.25
3 4 7.97
3 5 4.74
3 6 9.01
3 7 1.99
3 8 8.54
3 9 7.00
3 10 0.59
3 11 8.78
3 12 5.41
3 13 9.40
3 14 7.58
3 15 8.25
3 16 3.36
3 17 4.55
3 18 4.84
3 19 0.23
3 20 2.08
3 21 9.32
3 22 4.89
3 23 4.91
3 24 4.96
3 25 9.88
3 26 9.72
3 27 5.03
3 28 6.62
3 29 6.03
3 30 6.34
3 31 6.69
3 32 1.11
3 33 8.32
3 34 9.83
3 35 8.77
3 36 1.74
3 37 3.16
3 38 5.94
3 39 1.29
3 40 8.85
3 41 1.77
3 42 0.10
3 43 9.91
3 44 6.94
3 45 3.24
3 46 1.95
3 47 2.05
3 48 0.93
3 49 4.54
3 50 3.41
3 51 9.10
3 52 2.00
3 53 5.72
3 54 2.46
3 55 5.59
3 56 4.02
3 57 7.18
3 58 1.27
3 59 8.58
3 60 5.93
3 61 8.00
3 62 3.55
3 63 6.99
3 64 7.02
3 65 0.65
3 66 9.88
3 67 7.51
3 68 7.95
3 69 9.41
3 70 2.56
3 71 6.81
3 72 6.48
3 73 3.69
3 74 5.67
3 75 1.51
3 76 3.62
3 77 4.43
3 78 4.12
3 79 5.92
3 80 1.11
3 81 2.33
3 82 9.92
3 83 3.62
3 84 4.11
3 85 3.21
3 86 8.57
3 87 8.93
3 88 3.22
3 89 2.67
3 90 8.56
3 91 1.39
3 92 2.49
3 93 5.02
3 94 3.51
3 95 2.69
3 96 1.46
3 97 6.10
3 98 9.29
3 99 8.55
4 5 8.18
4 6 0.95
4 7 9.64
4 8 8.69
4 9 6.26
4 10 4.23
4 11 7.71
4 12 6.76
4 13 2.67
4 14 5.92
4 15 0.56
4 16 8.03
4 17 2.44
4 18 9.19
4 19 3.68
4 20 4.94
4 21 5.03
4 22 4.11
4 23 3.57
4 24 3.80
4 25 5.47
4 26 3.92
4 27 7.06
4 28 4.75
4 29 2.40
4 30 3.46
4 31 1.40
4 32 0.30
4 33 7.95
4 34 5.50
4 35 3.78
4 36 2.63
4 37 2.83
4 38 6.83
4 39 9.19
4 40 7.91
4 41 3.42
4 42 8.91
4 43 4.91
4 44 8.19
4 45 2.77
4 46 6.78
4 47 4.66
4 48 9.92
4 49 3.44
4 50 9.59
4 51 2.19
4 52 5.18
4 53 3.33
4 54 1.65
4 55 0.22
4 56 7.41
4 57 3.12
4 58 7.22
4 59 6.71
4 60 6.91
4 61 3.63
4 62 0.46
4 63 1.75
4 64 5.34
4 65 3.42
4 66 4.78
4 67 4.85
4 68 5.55
4 69 4.57
4 70 5.18
4 71 2.30
4 72 5.47
4 73 7.05
4 74 6.90
4 75 2.13
4 76 9.68
4 77 3.56
4 78 7.26
4 79 2.48
4 80 8.73
4 81 2.42
4 82 5.47
4 83 1.29
4 84 9.51
4 85 2.26
4 86 2.50
4 87 2.75
4 88 1.25
4 89 3.47
4 90 7.25
4 91 5.50
4 92 4.04
4 93 6.29
4 94 4.89
4 95 5.61
4 96 8.08
4 97 4.59
4 98 2.04
4 99 4.15
5 6 6.55
5 7 5.70
5 8 2.33
5 9 1.54
5 10 6.30
5 11 0.96
5 12 5.00
5 13 7.66
5 14 5.60
5 15 1.37
5 16 3.48
5 17 7.14
5 18 2.35
5 19 0.80
5 20 0.42
5 21 4.94
5 22 4.23
5 23 4.97
5 24 0.32
5 25 1.28
5 26 5.01
5 27 2.87
5 28 6.82
5 29 7.38
5 30 3.56
5 31 5.19
5 32 8.53
5 33 1.88
5 34 9.15
5 35 1.51
5 36 9.41
5 37 7.27
5 38 9.69
5 39 6.37
5 40 9.96
5 41 7.96
5 42 5.87
5 43 2.02
5 44 1.30
5 45 0.73
5 46 3.99
5 47 4.43
5 48 7.67
5 49 5.44
5 50 6.11
5 51 7.38
5 52 8.11
5 53 0.07
5 54 4.65
5 55 8.08
5 56 8.86
5 57 3.42
5 58 9.55
5 59 7.46
5 60 0.59
5 61 6.30
5 62 4.66
5 63 6.79
5 64 6.92
5 65 2.14
5 66 7.70
5 67 0.40
5 68 4.02
5 69 8.75
5 70 4.57
5 71 5.36
5 72 8.42
5 73 7.27
5 74 2.67
5 75 3.39
5 76 4.24
5 77 2.54
5 78 0.47
5 79 5.63
5 80 1.18
5 81 9.52
5 82 9.33
5 83 2.15
5 84 8.55
5 85 6.96
5 86 8.15
5 87 1.27
5 88 0.53
5 89 6.19
5 90 2.01
5 91 9.36
5 92 3.56
5 93 6.59
5 94 0.27
5 95 6.14
5 96 5.04
5 97 1.02
5 98 0.54
5 99 5.06
6 7 6.38
6 8 0.82
6 9 3.29
6 10 4.67
6 11 5.05
6 12 7.38
6 13 1.31
6 14 7.72
6 15 1.55
6 16 6.80
6 17 7.81
6 18 7.74
6 19 7.11
6 20 0.17
6 21 2.14
6 22 3.49
6 23 2.55
6 24 3.29
6 25 1.41
6 26 5.88
6 27 1.53
6 28 1.35
6 29 7.58
6 30 7.90
6 31 8.82
6 32 1.04
6 33 1.78
6 34 8.12
6 35 9.83
6 36 1.24
6 37 0.97
6 38 8.61
6 39 9.51
6 40 2.31
6 41 7.06
6 42 6.60
6 43 3.26
6 44 4.28
6 45 2.00
6 46 2.93
6 47 1.36
6 48 9.28
6 49 1.95
6 50 0.24
6 51 2.57
6 52 2.14
6 53 7.60
6 54 3.83
6 55 3.51
6 56 8.46
6 57 7.50
6 58 7.43
6 59 2.46
6 60 0.68
6 61 6.85
6 62 1.33
6 63 8.64
6 64 3.17
6 65 0.55
6 66 6.05
6 67 7.04
6 68 2.04
6 69 0.59
6 70 1.78
6 71 1.92
6 72 2.39
6 73 1.56
6 74 8.14
6 75 9.63
6 76 0.42
6 77 9.45
6 78 3.38
6 79 9.49
6 80 9.84
6 81 5.95
6 82 0.67
6 83 7.96
6 84 0.80
6 85 7.40
6 86 8.93
6 87 1.79
6 88 5.90
6 89 7.32
6 90 0.76
6 91 7.83
6 92 8.97
6 93 4.21
6 94 2.81
6 95 7.07
6 96 0.66
6 97 1.10
6 98 5.79
6 99 0.94
7 8 8.69
7 9 3.87
7 10 1.78
7 11 4.66
7 12 8.91
7 13 5.45
7 14 5.26
7 15 4.38
7 16 1.11
7 17 9.80
7 18 0.93
7 19 4.24
7 20 6.43
7 21 3.93
7 22 5.07
7 23 9.84
7 24 2.50
7 25 6.42
7 26 9.26
7 27 7.59
7 28 2.82
7 29 0.35
7 30 0.98
7 31 4.65
7 32 7.74
7 33 6.25
7 34 3.28
7 35 0.66
7 36 4.49
7 37 4.37
7 38 1.57
7 39 5.22
7 40 6.37
7 41 8.66
7 42 4.38
7 43 8.26
7 44 2.44
7 45 2.69
7 46 2.09
7 47 3.19
7 48 9.94
7 49 0.92
7 50 6.55
7 51 6.57
7 52 5.86
7 53 3.82
7 54 6.17
7 55 4.80
7 56 0.52
7 57 8.34
7 58 5.53
7 59 6.80
7 60 5.00
7 61 0.47
7 62 7.90
7 63 9.59
7 64 8.35
7 65 9.16
7 66 4.00
7 67 0.72
7 68 4.71
7 69 9.99
7 70 5.52
7 71 3.83
7 72 5.30
7 73 6.50
7 74 2.06
7 75 1.68
7 76 5.31
7 77 9.85
7 78 0.24
7 79 2.24
7 80 0.31
7 81 9.96
7 82 3.03
7 83 2.46
7 84 8.66
7 85 0.17
7 86 8.29
7 87 7.54
7 88 5.46
7 89 3.59
7 90 1.88
7 91 6.98
7 92 7.86
7 93 6.76
7 94 1.96
7 95 4.71
7 96 9.75
7 97 9.68
7 98 6.86
7 99 3.94
8 9 5.13
8 10 1.54
8 11 1.89
8 12 5.08
8 13 4.47
8 14 7.42
8 15 3.20
8 16 2.29
8 17 9.70
8 18 6.06
8 19 1.99
8 20 2.57
8 21 8.90
8 22 2.11
8 23 2.57
8 24 6.71
8 25 9.86
8 26 4.50
8 27 9.31
8 28 3.44
8 29 9.74
8 30 2.18
8 31 9.75
8 32 2.24
8 33 0.03
8 34 7.21
8 35 5.09
8 36 9.84
8 37 6.65
8 38 2.30
8 39 1.74
8 40 3.76
8 41 7.95
8 42 3.49
8 43 7.54
8 44 9.59
8 45 0.51
8 46 5.97
8 47 1.17
8 48 3.75
8 49 0.00
8 50 9.64
8 51 9.72
8 52 7.95
8 53 8.93
8 54 9.01
8 55 3.02
8 56 7.89
8 57 6.54
8 58 5.95
8 59 9.33
8 60 5.61
8 61 6.93
8 62 5.91
8 63 5.75
8 64 5.77
8 65 1.14
8 66 3.23
8 67 2.82
8 68 2.49
8 69 3.44
8 70 1.17
8 71 9.91
8 72 8.84
8 73 5.15
8 74 3.01
8 75 3.95
8 76 8.03
8 77 1.40
8 78 3.50
8 79 6.51
8 80 8.47
8 81 8.60
8 82 4.43
8 83 9.97
8 84 2.32
8 85 1.72
8 86 4.67
8 87 3.49
8 88 6.71
8 89 3.54
8 90 8.52
8 91 4.49
8 92 4.65
8 93 6.82
8 94 0.05
8 95 1.14
8 96 6.47
8 97 0.72
8 98 2.37
8 99 5.78
9 10 4.13
9 11 7.35
9 12 7.40
9 13 8.25
9 14 3.60
9 15 6.64
9 16 0.23
9 17 6.67
9 18 3.83
9 19 4.06
9 20 9.82
9 21 4.48
9 22 9.96
9 23 1.42
9 24 6.74
9 25 4.21
9 26 4.24
9 27 2.58
9 28 1.53
9 29 0.77
9 30 4.34
9 31 6.19
9 32 0.10
9 33 8.97
9 34 5.75
9 35 8.18
9 36 0.05
9 37 1.99
9 38 3.79
9 39 0.66
9 40 1.67
9 41 1.57
9 42 7.79
9 43 6.26
9 44 8.06
9 45 1.52
9 46 6.78
9 47 3.31
9 48 2.56
9 49 5.45
9 50 0.69
9 51 5.10
9 52 2.16
9 53 5.40
9 54 1.57
9 55 5.54
9 56 1.75
9 57 5.49
9 58 2.86
9 59 3.10
9 60 1.11
9 61 6.05
9 62 8.01
9 63 9.66
9 64 2.35
9 65 0.29
9 66 8.32
9 67 0.75
9 68 0.43
9 69 0.34
9 70 7.32
9 71 8.66
9 72 9.85
9 73 4.72
9 74 1.22
9 75 6.60
9 76 0.49
9 77 2.11
9 78 7.14
9 79 0.71
9 80 4.04
9 81 2.70
9 82 8.93
9 83 9.61
9 84 6.83
9 85 4.29
9 86 9.58
9 87 0.72
9 88 4.33
9 89 8.29
9 90 0.72
9 91 2.93
9 92 3.00
9 93 0.37
9 94 3.07
9 95 5.18
9 96 4.85
9 97 3.99
9 98 5.67
9 99 9.87
10 11 6.71
10 12 6.33
10 13 8.18
10 14 3.76
10 15 3.01
10 16 1.39
10 17 9.56
10 18 5.61
10 19 7.99
10 20 7.90
10 21 1.31
10 22 6.39
10 23 8.69
10 24 1.23
10 25 3.83
10 26 3.35
10 27 0.71
10 28 7.22
10 29 9.22
10 30 4.96
10 31 3.04
10 32 8.32
10 33 5.11
10 34 0.13
10 35 5.67
10 36 0.80
10 37 1.00
10 38 3.60
10 39 7.10
10 40 6.94
10 41 4.47
10 42 4.93
10 43 7.46
10 44 3.32
10 45 4.52
10 46 8.40
10 47 3.16
10 48 4.81
10 49 7.90
10 50 6.62
10 51 0.71
10 52 5.64
10 53 1.98
10 54 0.82
10 55 3.38
10 56 6.20
10 57 3.12
10 58 5.16
10 59 8.08
10 60 5.02
10 61 6.91
10 62 2.24
10 63 9.05
10 64 3.14
10 65 8.58
10 66 3.89
10 67 0.19
10 68 8.27
10 69 6.59
10 70 3.61
10 71 8.78
10 72 0.21
10 73 1.40
10 74 9.74
10 75 7.54
10 76 1.59
10 77 3.19
10 78 2.08
10 79 2.71
10 80 7.09
10 81 7.95
10 82 7.95
10 83 8.90
10 84 4.46
10 85 8.16
10 86 2.29
10 87 2.52
10 88 8.94
10 89 5.39
10 90 0.77
10 91 0.00
10 92 9.71
10 93 2.64
10 94 6.11
10 95 0.67
10 96 5.83
10 97 2.15
10 98 7.21
10 99 4.03
11 12 2.62
11 13 9.54
11 14 0.62
11 15 7.44
11 16 7.05
11 17 3.47
11 18 8.65
11 19 3.52
11 20 6.56
11 21 8.55
11 22 3.39
11 23 5.68
11 24 2.68
11 25 3.66
11 26 2.11
11 27 7.65
11 28 8.03
11 29 2.75
11 30 0.37
11 31 6.55
11 32 8.14
11 33 1.55
11 34 0.20
11 35 5.23
11 36 4.86
11 37 5.67
11 38 0.39
11 39 2.00
11 40 3.59
11 41 0.76
11 42 2.81
11 43 3.63
11 44 5.38
11 45 5.77
11 46 0.62
11 47 3.34
11 48 9.56
11 49 3.18
11 50 5.80
11 51 8.86
11 52 5.89
11 53 8.66
11 54 5.02
11 55 8.69
11 56 8.03
11 57 9.48
11 58 1.78
11 59 6.83
11 60 7.05
11 61 6.35
11 62 9.53
11 63 0.74
11 64 8.45
11 65 2.40
11 66 2.19
11 67 7.95
11 68 8.27
11 69 1.16
11 70 5.62
11 71 2.09
11 72 6.81
11 73 8.10
11 74 0.23
11 75 9.56
11 76 1.80
11 77 7.04
11 78 2.62
11 79 1.08
11 80 0.61
11 81 6.16
11 82 8.21
11 83 7.20
11 84 6.55
11 85 2.72
11 86 7.93
11 87 4.11
11 88 2.79
11 89 9.83
11 90 2.71
11 91 0.34
11 92 6.78
11 93 6.31
11 94 0.31
11 95 6.50
11 96 9.57
11 97 8.64
11 98 0.23
11 99 6.54
12 13 4.24
12 14 0.08
12 15 6.43
12 16 4.97
12 17 1.27
12 18 1.95
12 19 2.68
12 20 6.39
12 21 4.85
12 22 1.60
12 23 0.37
12 24 9.28
12 25 3.18
12 26 9.49
12 27 0.85
12 28 8.34
12 29 7.80
12 30 1.20
12 31 4.77
12 32 1.31
12 33 5.28
12 34 7.47
12 35 7.74
12 36 5.64
12 37 0.64
12 38 7.50
12 39 0.82
12 40 4.51
12 41 9.03
12 42 3.76
12 43 4.73
12 44 0.77
12 45 9.33
12 46 7.76
12 47 4.93
12 48 8.41
12 49 2.53
12 50 0.22
12 51 9.87
12 52 3.15
12 53 3.67
12 54 5.89
12 55 0.55
12 56 3.00
12 57 2.57
12 58 5.11
12 59 2.03
12 60 8.90
12 61 4.63
12 62 7.08
12 63 5.36
12 64 1.72
12 65 9.42
12 66 8.68
12 67 0.06
12 68 9.84
12 69 7.19
12 70 6.26
12 71 4.09
12 72 6.79
12 73 9.59
12 74 1.65
12 75 5.88
12 76 2.70
12 77 7.99
12 78 3.64
12 79 2.99
12 80 2.84
12 81 5.16
12 82 7.45
12 83 9.71
12 84 7.23
12 85 0.66
12 86 6.70
12 87 8.33
12 88 2.00
12 89 6.98
12 90 8.89
12 91 1.48
12 92 7.65
12 93 4.35
12 94 3.00
12 95 8.11
12 96 8.75
12 97 1.33
12 98 0.91
12 99 2.13
13 14 8.82
13 15 0.30
13 16 4.09
13 17 9.78
13 18 4.20
13 19 2.68
13 20 4.93
13 21 7.92
13 22 0.36
13 23 3.68
13 24 2.92
13 25 1.61
13 26 2.94
13 27 9.08
13 28 1.50
13 29 6.16
13 30 1.08
13 31 9.39
13 32 6.19
13 33 1.28
13 34 5.66
13 35 0.78
13 36 5.32
13 37 1.45
13 38 4.52
13 39 0.74
13 40 3.48
13 41 4.52
13 42 0.04
13 43 6.64
13 44 6.87
13 45 0.29
13 46 8.88
13 47 9.81
13 48 3.06
13 49 8.60
13 50 8.26
13 51 4.97
13 52 5.50
13 53 0.15
13 54 5.49
13 55 3.80
13 56 2.94
13 57 4.01
13 58 4.84
13 59 5.37
13 60 6.95
13 61 4.09
13 62 9.88
13 63 1.26
13 64 9.48
13 65 7.51
13 66 9.56
13 67 9.89
13 68 4.25
13 69 0.16
13 70 4.41
13 71 9.12
13 72 0.64
13 73 7.59
13 74 0.42
13 75 8.77
13 76 8.46
13 77 2.12
13 78 7.89
13 79 5.88
13 80 2.87
13 81 5.41
13 82 4.80
13 83 2.84
13 84 4.20
13 85 8.32
13 86 8.45
13 87 9.38
13 88 1.00
13 89 9.26
13 90 1.73
13 91 2.69
13 92 6.24
13 93 9.37
13 94 4.67
13 95 1.15
13 96 2.64
13 97 3.94
13 98 7.42
13 99 0.64
14 15 0.46
14 16 7.37
14 17 9.49
14 18 9.77
14 19 2.69
14 20 0.54
14 21 9.31
14 22 1.22
14 23 5.40
14 24 4.56
14 25 0.48
14 26 5.90
14 27 6.94
14 28 8.65
14 29 6.81
14 30 1.04
14 31 8.10
14 32 6.10
14 33 8.72
14 34 4.01
14 35 2.65
14 36 0.07
14 37 7.56
14 38 2.29
14 39 9.31
14 40 6.73
14 41 0.03
14 42 3.61
14 43 8.45
14 44 2.78
14 45 3.45
14 46 1.12
14 47 0.07
14 48 5.24
14 49 0.26
14 50 7.34
14 51 4.72
14 52 7.56
14 53 4.80
14 54 8.08
14 55 4.55
14 56 7.77
14 57 0.25
14 58 3.34
14 59 1.46
14 60 6.62
14 61 6.55
14 62 2.38
14 63 8.70
14 64 2.07
14 65 1.70
14 66 0.01
14 67 1.35
14 68 9.78
14 69 8.20
14 70 5.29
14 71 5.57
14 72 7.24
14 73 0.98
14 74 7.94
14 75 8.18
14 76 3.24
14 77 9.95
14 78 9.12
14 79 1.95
14 80 4.66
14 81 2.77
14 82 6.17
14 83 4.17
14 84 3.36
14 85 6.95
14 86 5.80
14 87 9.20
14 88 7.60
14 89 3.81
14 90 1.74
14 91 8.47
14 92 2.96
14 93 0.61
14 94 4.71
14 95 8.49
14 96 0.14
14 97 3.16
14 98 5.55
14 99 7.12
15 16 2.20
15 17 7.02
15 18 1.43
15 19 9.43
15 20 8.59
15 21 9.20
15 22 1.95
15 23 2.35
15 24 7.02
15 25 0.24
15 26 4.88
15 27 4.09
15 28 4.79
15 29 7.99
15 30 2.16
15 31 0.67
15 32 7.44
15 33 6.71
15 34 6.89
15 35 8.96
15 36 8.39
15 37 0.65
15 38 2.46
15 39 7.35
15 40 7.30
15 41 3.57
15 42 6.68
15 43 0.64
15 44 3.08
15 45 7.33
15 46 9.05
15 47 7.27
15 48 6.68
15 49 1.48
15 50 8.83
15 51 4.39
15 52 3.06
15 53 3.09
15 54 2.85
15 55 8.93
15 56 7.90
15 57 5.90
15 58 0.81
15 59 2.73
15 60 6.59
15 61 4.48
15 62 3.73
15 63 1.30
15 64 0.85
15 65 2.31
15 66 8.56
15 67 1.08
15 68 0.45
15 69 4.56
15 70 3.25
15 71 0.57
15 72 5.42
15 73 0.31
15 74 8.51
15 75 2.73
15 76 2.84
15 77 5.29
15 78 9.33
15 79 4.84
15 80 0.97
15 81 9.27
15 82 0.80
15 83 6.70
15 84 4.60
15 85 3.00
15 86 3.83
15 87 8.39
15 88 6.35
15 89 2.77
15 90 5.78
15 91 3.50
15 92 1.72
15 93 7.47
15 94 5.04
15 95 6.98
15 96 1.72
15 97 1.25
15 98 7.02
15 99 8.61
16 17 3.63
16 18 9.83
16 19 0.10
16 20 7.73
16 21 4.24
16 22 6.79
16 23 5.84
16 24 9.55
16 25 4.23
16 26 8.02
16 27 7.74
16 28 2.31
16 29 7.59
16 30 8.59
16 31 4.39
16 32 5.42
16 33 1.15
16 34 0.67
16 35 4.90
16 36 8.58
16 37 3.93
16 38 1.34
16 39 1.39
16 40 0.68
16 41 8.97
16 42 3.51
16 43 9.34
16 44 5.68
16 45 5.29
16 46 7.05
16 47 1.84
16 48 0.84
16 49 7.05
16 50 5.97
16 51 3.64
16 52 2.77
16 53 2.42
16 54 9.08
16 55 7.75
16 56 4.08
16 57 5.06
16 58 4.81
16 59 9.79
16 60 6.89
16 61 8.02
16 62 6.36
16 63 5.71
16 64 0.95
16 65 6.65
16 66 3.09
16 67 9.67
16 68 0.42
16 69 6.64
16 70 3.34
16 71 0.33
16 72 5.41
16 73 9.95
16 74 6.99
16 75 1.82
16 76 1.91
16 77 6.36
16 78 7.27
16 79 9.29
16 80 9.24
16 81 7.34
16 82 2.97
16 83 5.07
16 84 7.19
16 85 7.16
16 86 1.63
16 87 3.83
16 88 0.54
16 89 6.49
16 90 8.48
16 91 2.71
16 92 9.69
16 93 5.33
16 94 9.27
16 95 8.95
16 96 8.66
16 97 4.70
16 98 9.62
16 99 7.49
17 18 4.34
17 19 9.92
17 20 1.80
17 21 0.02
17 22 3.63
17 23 0.87
17 24 2.09
17 25 9.42
17 26 5.11
17 27 4.23
17 28 9.91
17 29 9.01
17 30 7.06
17 31 2.69
17 32 5.11
17 33 1.35
17 34 2.96
17 35 7.22
17 36 0.68
17 37 3.52
17 38 7.23
17 39 3.52
17 40 9.51
17 41 9.27
17 42 2.03
17 43 7.02
17 44 5.74
17 45 4.10
17 46 9.56
17 47 9.20
17 48 1.67
17 49 5.30
17 50 3.69
17 51 8.78
17 52 7.85
17 53 5.52
17 54 8.03
17 55 8.12
17 56 7.58
17 57 1.21
17 58 6.14
17 59 7.58
17 60 9.98
17 61 1.78
17 62 1.81
17 63 3.95
17 64 7.17
17 65 0.28
17 66 2.18
17 67 1.68
17 68 4.89
17 69 4.29
17 70 5.51
17 71 0.05
17 72 4.62
17 73 7.06
17 74 2.95
17 75 5.69
17 76 2.16
17 77 1.74
17 78 2.53
17 79 8.82
17 80 0.43
17 81 6.35
17 82 2.01
17 83 7.51
17 84 1.38
17 85 0.81
17 86 6.53
17 87 4.35
17 88 7.23
17 89 0.35
17 90 7.29
17 91 3.29
17 92 3.99
17 93 1.56
17 94 9.69
17 95 3.39
17 96 9.61
17 97 2.56
17 98 2.42
17 99 9.98
18 19 9.29
18 20 3.59
18 21 5.03
18 22 1.84
18 23 7.00
18 24 1.73
18 25 4.29
18 26 2.93
18 27 1.22
18 28 0.68
18 29 6.79
18 30 1.43
18 31 2.32
18 32 6.12
18 33 9.64
18 34 6.31
18 35 3.19
18 36 5.03
18 37 6.16
18 38 5.45
18 39 9.39
18 40 9.62
18 41 5.54
18 42 4.06
18 43 1.28
18 44 2.67
18 45 4.38
18 46 2.44
18 47 7.76
18 48 7.00
18 49 8.66
18 50 1.63
18 51 4.71
18 52 6.78
18 53 1.56
18 54 3.85
18 55 9.44
18 56 4.83
18 57 5.05
18 58 8.74
18 59 3.07
18 60 1.49
18 61 0.66
18 62 2.81
18 63 8.37
18 64 7.02
18 65 1.52
18 66 4.35
18 67 7.77
18 68 7.03
18 69 0.42
18 70 9.12
18 71 5.59
18 72 5.22
18 73 8.39
18 74 2.44
18 75 3.49
18 76 0.56
18 77 8.84
18 78 2.12
18 79 7.95
18 80 0.89
18 81 5.99
18 82 0.18
18 83 5.14
18 84 1.31
18 85 4.06
18 86 3.61
18 87 9.45
18 88 3.43
18 89 5.19
18 90 5.73
18 91 1.00
18 92 7.32
18 93 2.35
18 94 6.17
18 95 6.53
18 96 0.84
18 97 7.60
18 98 9.44
18 99 3.84
19 20 0.03
19 21 2.98
19 22 2.54
19 23 3.47
19 24 6.15
19 25 8.61
19 26 8.34
19 27 6.91
19 28 3.82
19 29 2.15
19 30 5.14
19 31 5.56
19 32 8.11
19 33 4.74
19 34 8.35
19 35 4.81
19 36 7.19
19 37 0.25
19 38 0.95
19 39 5.69
19 40 5.48
19 41 9.46
19 42 1.25
19 43 2.88
19 44 8.40
19 45 6.06
19 46 2.00
19 47 2.98
19 48 7.27
19 49 2.49
19 50 9.19
19 51 3.20
19 52 4.25
19 53 4.16
19 54 6.41
19 55 4.57
19 56 1.30
19 57 1.64
19 58 6.70
19 59 0.15
19 60 1.70
19 61 9.86
19 62 5.50
19 63 1.24
19 64 3.82
19 65 5.87
19 66 8.42
19 67 3.94
19 68 6.63
19 69 7.89
19 70 9.46
19 71 3.97
19 72 0.25
19 73 1.84
19 74 5.97
19 75 5.15
19 76 2.85
19 77 7.03
19 78 2.37
19 79 9.33
19 80 6.04
19 81 3.97
19 82 2.58
19 83 6.50
19 84 2.09
19 85 0.63
19 86 0.15
19 87 5.88
19 88 6.05
19 89 1.84
19 90 6.63
19 91 7.02
19 92 5.63
19 93 8.00
19 94 2.15
19 95 3.74
19 96 9.13
19 97 7.70
19 98 7.63
19 99 7.39
20 21 8.66
20 22 1.07
20 23 0.48
20 24 2.06
20 25 7.83
20 26 6.18
20 27 1.76
20 28 8.84
20 29 7.63
20 30 1.49
20 31 7.74
20 32 6.60
20 33 3.78
20 34 3.79
20 35 6.56
20 36 3.81
20 37 9.19
20 38 0.00
20 39 4.97
20 40 6.37
20 41 6.39
20 42 1.36
20 43 7.94
20 44 0.57
20 45 7.64
20 46 6.77
20 47 7.25
20 48 4.20
20 49 4.57
20 50 8.49
20 51 9.26
20 52 0.98
20 53 3.96
20 54 2.90
20 55 0.07
20 56 8.86
20 57 3.40
20 58 7.56
20 59 7.34
20 60 7.82
20 61 6.66
20 62 9.99
20 63 3.14
20 64 1.88
20 65 10.00
20 66 8.07
20 67 2.06
20 68 4.67
20 69 9.46
20 70 9.17
20 71 5.79
20 72 2.17
20 73 1.63
20 74 3.80
20 75 6.17
20 76 7.59
20 77 1.64
20 78 2.10
20 79 4.36
20 80 9.78
20 81 7.33
20 82 1.45
20 83 6.49
20 84 7.69
20 85 1.30
20 86 4.71
20 87 6.71
20 88 8.42
20 89 1.10
20 90 4.39
20 91 3.00
20 92 3.65
20 93 2.30
20 94 3.75
20 95 4.77
20 96 4.66
20 97 9.58
20 98 8.31
20 99 7.50
21 22 5.69
21 23 8.89
21 24 8.64
21 25 2.45
21 26 1.03
21 27 4.85
21 28 2.25
21 29 8.56
21 30 6.35
21 31 6.36
21 32 3.28
21 33 5.80
21 34 1.26
21 35 2.27
21 36 7.01
21 37 0.81
21 38 3.33
21 39 2.03
21 40 3.52
21 41 5.56
21 42 0.53
21 43 7.09
21 44 2.98
21 45 4.19
21 46 4.03
21 47 2.09
21 48 7.53
21 49 9.45
21 50 3.00
21 51 9.83
21 52 1.96
21 53 7.65
21 54 8.76
21 55 4.30
21 56 7.33
21 57 6.48
21 58 4.76
21 59 5.42
21 60 2.02
21 61 5.88
21 62 8.99
21 63 3.43
21 64 5.17
21 65 3.40
21 66 1.27
21 67 9.39
21 68 2.18
21 69 6.47
21 70 6.66
21 71 5.42
21 72 5.84
21 73 2.52
21 74 3.42
21 75 9.07
21 76 5.33
21 77 6.76
21 78 4.78
21 79 8.83
21 80 6.93
21 81 3.82
21 82 5.46
21 83 4.80
21 84 7.84
21 85 1.86
21 86 7.94
21 87 9.32
21 88 5.64
21 89 0.23
21 90 9.31
21 91 5.68
21 92 9.57
21 93 9.53
21 94 6.55
21 95 2.07
21 96 7.49
21 97 8.78
21 98 9.20
21 99 9.16
22 23 7.90
22 24 1.60
22 25 6.86
22 26 0.08
22 27 2.84
22 28 9.53
22 29 4.74
22 30 5.79
22 31 2.72
22 32 2.74
22 33 9.92
22 34 4.49
22 35 2.38
22 36 8.32
22 37 1.59
22 38 0.08
22 39 0.64
22 40 3.73
22 41 3.12
22 42 9.06
22 43 0.38
22 44 7.61
22 45 5.43
22 46 5.76
22 47 7.11
22 48 1.88
22 49 8.43
22 50 8.78
22 51 5.18
22 52 4.17
22 53 3.84
22 54 7.94
22 55 0.83
22 56 1.15
22 57 6.82
22 58 3.32
22 59 5.25
22 60 5.15
22 61 5.18
22 62 2.46
22 63 4.75
22 64 0.96
22 65 0.08
22 66 9.76
22 67 7.25
22 68 0.94
22 69 1.53
22 70 4.27
22 71 5.41
22 72 3.13
22 73 8.30
22 74 9.21
22 75 8.44
22 76 9.45
22 77 4.79
22 78 6.08
22 79 8.16
22 80 5.40
22 81 4.33
22 82 6.18
22 83 1.63
22 84 7.85
22 85 2.91
22 86 8.07
22 87 2.84
22 88 3.54
22 89 5.48
22 90 6.17
22 91 6.39
22 92 0.68
22 93 3.16
22 94 5.21
22 95 4.67
22 96 7.95
22 97 0.15
22 98 9.86
22 99 1.31
23 24 9.35
23 25 6.24
23 26 5.04
23 27 4.44
23 28 6.38
23 29 0.36
23 30 2.96
23 31 1.97
23 32 0.20
23 33 6.66
23 34 8.27
23 35 7.78
23 36 8.37
23 37 7.89
23 38 7.03
23 39 7.26
23 40 9.77
23 41 7.78
23 42 8.75
23 43 2.92
23 44 0.15
23 45 9.33
23 46 8.65
23 47 2.73
23 48 3.90
23 49 9.58
23 50 1.26
23 51 7.34
23 52 6.23
23 53 7.26
23 54 4.07
23 55 8.76
23 56 0.48
23 57 7.07
23 58 4.28
23 59 5.04
23 60 7.83
23 61 4.66
23 62 9.32
23 63 0.73
23 64 4.77
23 65 7.85
23 66 4.57
23 67 7.52
23 68 6.96
23 69 9.98
23 70 0.19
23 71 1.63
23 72 5.49
23 73 8.77
23 74 3.00
23 75 0.06
23 76 4.62
23 77 4.65
23 78 8.84
23 79 9.10
23 80 0.76
23 81 1.87
23 82 5.27
23 83 4.56
23 84 2.83
23 85 1.90
23 86 1.65
23 87 8.06
23 88 1.37
23 89 9.93
23 90 7.70
23 91 7.59
23 92 4.40
23 93 5.23
23 94 6.99
23 95 3.65
23 96 4.93
23 97 2.69
23 98 4.29
23 99 5.04
24 25 3.25
24 26 8.10
24 27 7.11
24 28 6.02
24 29 0.16
24 30 4.29
24 31 2.73
24 32 2.89
24 33 1.28
24 34 5.64
24 35 1.45
24 36 0.45
24 37 0.86
24 38 5.48
24 39 1.00
24 40 0.19
24 41 5.96
24 42 4.24
24 43 4.05
24 44 0.22
24 45 2.20
24 46 7.13
24 47 4.27
24 48 3.08
24 49 7.04
24 50 3.90
24 51 0.88
24 52 0.87
24 53 9.67
24 54 9.74
24 55 2.31
24 56 4.25
24 57 7.05
24 58 7.44
24 59 2.16
24 60 7.55
24 61 2.55
24 62 7.01
24 63 0.18
24 64 6.18
24 65 9.27
24 66 7.33
24 67 1.84
24 68 0.56
24 69 5.96
24 70 6.83
24 71 1.71
24 72 1.80
24 73 2.02
24 74 7.10
24 75 9.07
24 76 6.93
24 77 0.72
24 78 0.49
24 79 1.06
24 80 4.19
24 81 8.05
24 82 8.88
24 83 7.55
24 84 0.02
24 85 6.89
24 86 0.38
24 87 4.01
24 88 8.82
24 89 0.89
24 90 2.83
24 91 8.51
24 92 4.14
24 93 8.66
24 94 9.00
24 95 2.69
24 96 7.68
24 97 1.55
24 98 6.43
24 99 2.18
25 26 0.58
25 27 7.35
25 28 5.23
25 29 1.00
25 30 9.84
25 31 3.82
25 32 9.85
25 33 5.09
25 34 1.33
25 35 3.37
25 36 0.46
25 37 2.20
25 38 7.84
25 39 8.71
25 40 1.25
25 41 9.17
25 42 2.73
25 43 7.74
25 44 3.02
25 45 1.42
25 46 2.72
25 47 2.99
25 48 1.32
25 49 2.96
25 50 5.45
25 51 9.52
25 52 2.35
25 53 8.10
25 54 7.82
25 55 9.90
25 56 1.68
25 57 7.53
25 58 8.33
25 59 1.87
25 60 0.44
25 61 6.66
25 62 8.02
25 63 6.50
25 64 3.96
25 65 9.08
25 66 3.79
25 67 3.21
25 68 5.75
25 69 0.86
25 70 5.59
25 71 3.96
25 72 6.82
25 73 4.42
25 74 1.20
25 75 2.50
25 76 9.52
25 77 8.09
25 78 0.63
25 79 6.80
25 80 2.49
25 81 4.59
25 82 0.41
25 83 6.94
25 84 4.59
25 85 2.73
25 86 9.36
25 87 7.15
25 88 1.55
25 89 9.81
25 90 3.95
25 91 5.17
25 92 0.91
25 93 4.14
25 94 8.29
25 95 6.63
25 96 8.29
25 97 1.61
25 98 4.63
25 99 2.04
26 27 9.80
26 28 2.85
26 29 5.86
26 30 1.19
26 31 6.10
26 32 6.37
26 33 9.06
26 34 7.17
26 35 2.64
26 36 8.83
26 37 4.70
26 38 9.19
26 39 8.16
26 40 0.84
26 41 6.36
26 42 5.07
26 43 3.01
26 44 5.52
26 45 0.53
26 46 3.59
26 47 7.12
26 48 1.16
26 49 4.14
26 50 5.03
26 51 8.13
26 52 3.86
26 53 8.55
26 54 7.41
26 55 7.65
26 56 9.77
26 57 5.22
26 58 6.25
26 59 0.39
26 60 9.06
26 61 5.20
26 62 9.35
26 63 3.16
26 64 9.84
26 65 5.33
26 66 0.24
26 67 3.24
26 68 2.05
26 69 0.57
26 70 3.96
26 71 5.57
26 72 0.45
26 73 5.32
26 74 0.75
26 75 3.21
26 76 5.47
26 77 4.66
26 78 3.10
26 79 6.23
26 80 1.49
26 81 7.17
26 82 5.76
26 83 1.70
26 84 9.99
26 85 4.26
26 86 6.65
26 87 4.72
26 88 3.51
26 89 2.96
26 90 0.05
26 91 8.17
26 92 7.60
26 93 3.94
26 94 0.33
26 95 4.74
26 96 7.21
26 97 5.09
26 98 8.98
26 99 3.24
27 28 5.04
27 29 0.33
27 30 5.95
27 31 3.21
27 32 4.77
27 33 6.73
27 34 0.16
27 35 4.64
27 36 7.19
27 37 9.79
27 38 3.06
27 39 2.76
27 40 4.22
27 41 3.79
27 42 5.80
27 43 4.74
27 44 3.30
27 45 2.56
27 46 7.29
27 47 4.96
27 48 9.01
27 49 8.54
27 50 1.63
27 51 6.03
27 52 4.34
27 53 4.20
27 54 8.77
27 55 2.25
27 56 0.95
27 57 3.88
27 58 7.80
27 59 2.52
27 60 2.17
27 61 7.13
27 62 4.05
27 63 8.99
27 64 5.98
27 65 5.91
27 66 7.34
27 67 7.94
27 68 7.10
27 69 5.86
27 70 4.07
27 71 8.40
27 72 3.93
27 73 1.71
27 74 9.80
27 75 1.95
27 76 3.90
27 77 4.29
27 78 1.45
27 79 7.52
27 80 0.72
27 81 8.94
27 82 5.72
27 83 1.06
27 84 8.21
27 85 4.64
27 86 2.57
27 87 7.17
27 88 8.27
27 89 9.73
27 90 3.63
27 91 2.94
27 92 8.06
27 93 2.33
27 94 7.19
27 95 2.63
27 96 8.35
27 97 0.73
27 98 8.82
27 99 0.53
28 29 4.22
28 30 9.33
28 31 1.23
28 32 6.70
28 33 7.89
28 34 4.10
28 35 9.18
28 36 1.94
28 37 9.70
28 38 6.56
28 39 0.64
28 40 1.03
28 41 3.02
28 42 4.07
28 43 2.51
28 44 7.49
28 45 2.31
28 46 6.80
28 47 4.79
28 48 1.87
28 49 1.83
28 50 4.40
28 51 8.25
28 52 5.18
28 53 6.80
28 54 3.46
28 55 1.58
28 56 4.96
28 57 9.09
28 58 4.44
28 59 2.43
28 60 5.28
28 61 7.57
28 62 3.39
28 63 0.05
28 64 1.84
28 65 6.86
28 66 7.77
28 67 7.40
28 68 1.54
28 69 4.25
28 70 5.67
28 71 3.83
28 72 3.92
28 73 5.82
28 74 4.24
28 75 7.70
28 76 2.94
28 77 4.03
28 78 8.59
28 79 1.41
28 80 9.88
28 81 4.49
28 82 7.12
28 83 8.90
28 84 4.78
28 85 0.98
28 86 3.30
28 87 1.38
28 88 7.23
28 89 8.01
28 90 7.46
28 91 6.19
28 92 8.93
28 93 0.59
28 94 5.94
28 95 1.89
28 96 5.56
28 97 2.08
28 98 4.53
28 99 5.54
29 30 8.06
29 31 0.70
29 32 4.91
29 33 8.97
29 34 2.84
29 35 3.44
29 36 2.36
29 37 5.00
29 38 5.09
29 39 3.74
29 40 5.56
29 41 1.92
29 42 9.41
29 43 8.84
29 44 5.94
29 45 7.21
29 46 9.76
29 47 4.75
29 48 6.17
29 49 9.28
29 50 0.20
29 51 7.29
29 52 5.33
29 53 5.78
29 54 5.78
29 55 3.09
29 56 2.51
29 57 7.47
29 58 4.73
29 59 2.74
29 60 7.17
29 61 3.31
29 62 3.66
29 63 2.65
29 64 7.84
29 65 4.11
29 66 3.79
29 67 4.21
29 68 1.04
29 69 9.03
29 70 7.45
29 71 7.48
29 72 3.88
29 73 1.81
29 74 1.00
29 75 6.00
29 76 1.62
29 77 8.15
29 78 1.31
29 79 2.75
29 80 3.62
29 81 0.40
29 82 4.06
29 83 0.15
29 84 5.04
29 85 3.08
29 86 3.45
29 87 6.32
29 88 1.14
29 89 7.51
29 90 5.34
29 91 1.29
29 92 6.30
29 93 7.83
29 94 7.05
29 95 0.57
29 96 1.70
29 97 7.16
29 98 4.81
29 99 9.64
30 31 4.21
30 32 8.67
30 33 0.33
30 34 0.35
30 35 3.46
30 36 3.36
30 37 4.83
30 38 2.17
30 39 4.05
30 40 6.76
30 41 9.73
30 42 9.13
30 43 7.33
30 44 3.50
30 45 3.45
30 46 2.63
30 47 2.49
30 48 9.46
30 49 7.83
30 50 4.94
30 51 6.09
30 52 8.51
30 53 9.31
30 54 0.58
30 55 2.47
30 56 4.80
30 57 9.58
30 58 2.80
30 59 0.86
30 60 2.52
30 61 7.27
30 62 8.74
30 63 2.46
30 64 1.42
30 65 6.87
30 66 2.81
30 67 6.28
30 68 5.79
30 69 8.80
30 70 9.52
30 71 0.75
30 72 6.92
30 73 7.65
30 74 4.67
30 75 1.85
30 76 6.39
30 77 2.85
30 78 7.17
30 79 0.18
30 80 4.67
30 81 7.92
30 82 1.48
30 83 2.96
30 84 7.75
30 85 4.66
30 86 6.83
30 87 7.46
30 88 6.75
30 89 2.83
30 90 5.45
30 91 6.49
30 92 2.20
30 93 5.68
30 94 0.47
30 95 8.73
30 96 2.52
30 97 0.12
30 98 8.90
30 99 4.24
31 32 1.85
31 33 3.74
31 34 8.82
31 35 7.51
31 36 1.71
31 37 3.51
31 38 7.84
31 39 5.62
31 40 2.06
31 41 9.52
31 42 9.88
31 43 4.05
31 44 9.45
31 45 0.02
31 46 10.00
31 47 9.50
31 48 8.45
31 49 8.75
31 50 8.73
31 51 5.80
31 52 9.97
31 53 3.40
31 54 9.01
31 55 7.80
31 56 5.77
31 57 9.42
31 58 8.78
31 59 3.06
31 60 7.19
31 61 9.16
31 62 3.60
31 63 0.44
31 64 4.42
31 65 7.48
31 66 0.41
31 67 1.88
31 68 6.85
31 69 7.82
31 70 9.38
31 71 5.08
31 72 0.47
31 73 0.84
31 74 9.39
31 75 3.07
31 76 2.83
31 77 4.33
31 78 6.11
31 79 0.33
31 80 0.58
31 81 9.49
31 82 6.32
31 83 4.37
31 84 9.29
31 85 2.33
31 86 9.05
31 87 9.10
31 88 8.69
31 89 9.13
31 90 0.42
31 91 5.42
31 92 0.46
31 93 6.67
31 94 8.46
31 95 10.00
31 96 6.35
31 97 5.49
31 98 7.84
31 99 2.32
32 33 6.94
32 34 9.48
32 35 1.41
32 36 3.25
32 37 3.73
32 38 7.95
32 39 3.95
32 40 7.38
32 41 3.96
32 42 5.61
32 43 0.60
32 44 8.51
32 45 6.23
32 46 6.85
32 47 1.98
32 48 6.39
32 49 9.16
32 50 5.06
32 51 0.33
32 52 9.78
32 53 3.59
32 54 5.06
32 55 8.10
32 56 1.21
32 57 1.51
32 58 6.98
32 59 7.09
32 60 6.12
32 61 0.11
32 62 2.24
32 63 8.98
32 64 3.11
32 65 1.39
32 66 7.14
32 67 7.91
32 68 0.75
32 69 3.41
32 70 8.83
32 71 7.84
32 72 9.84
32 73 4.37
32 74 1.49
32 75 9.59
32 76 6.05
32 77 0.33
32 78 3.92
32 79 8.83
32 80 3.23
32 81 3.91
32 82 0.08
32 83 1.29
32 84 7.76
32 85 5.00
32 86 4.47
32 87 0.73
32 88 7.37
32 89 0.50
32 90 7.46
32 91 3.07
32 92 3.02
32 93 9.75
32 94 0.46
32 95 7.45
32 96 8.78
32 97 4.63
32 98 9.08
32 99 0.65
33 34 7.55
33 35 5.47
33 36 7.65
33 37 0.63
33 38 1.67
33 39 4.35
33 40 7.86
33 41 1.40
33 42 1.41
33 43 8.49
33 44 6.64
33 45 3.42
33 46 8.89
33 47 3.13
33 48 4.92
33 49 0.17
33 50 9.61
33 51 2.00
33 52 0.14
33 53 4.04
33 54 0.79
33 55 1.23
33 56 5.58
33 57 9.13
33 58 3.83
33 59 3.17
33 60 7.61
33 61 0.33
33 62 5.59
33 63 0.56
33 64 9.52
33 65 9.18
33 66 0.79
33 67 8.81
33 68 0.91
33 69 7.10
33 70 2.32
33 71 8.90
33 72 8.75
33 73 2.27
33 74 3.40
33 75 4.99
33 76 8.84
33 77 7.06
33 78 8.20
33 79 7.65
33 80 8.69
33 81 5.63
33 82 7.87
33 83 0.52
33 84 8.72
33 85 6.44
33 86 6.86
33 87 9.04
33 88 6.25
33 89 3.98
33 90 9.84
33 91 2.15
33 92 3.67
33 93 8.21
33 94 9.75
33 95 2.45
33 96 0.70
33 97 2.12
33 98 4.22
33 99 0.61
34 35 8.74
34 36 8.63
34 37 8.24
34 38 6.55
34 39 3.29
34 40 3.28
34 41 0.79
34 42 3.76
34 43 4.47
34 44 8.06
34 45 0.93
34 46 7.26
34 47 3.86
34 48 9.76
34 49 2.92
34 50 4.59
34 51 2.02
34 52 5.90
34 53 4.42
34 54 8.12
34 55 0.79
34 56 1.64
34 57 3.14
34 58 6.12
34 59 0.29
34 60 1.60
34 61 5.74
34 62 0.94
34 63 4.67
34 64 3.94
34 65 3.97
34 66 9.73
34 67 3.62
34 68 8.65
34 69 5.77
34 70 1.05
34 71 8.08
34 72 4.11
34 73 1.57
34 74 0.38
34 75 1.49
34 76 9.98
34 77 3.70
34 78 5.35
34 79 7.66
34 80 7.13
34 81 9.20
34 82 8.49
34 83 9.37
34 84 5.45
34 85 3.23
34 86 9.45
34 87 3.37
34 88 4.20
34 89 5.89
34 90 7.12
34 91 4.91
34 92 3.33
34 93 2.59
34 94 9.09
34 95 0.77
34 96 0.02
34 97 9.62
34 98 9.56
34 99 8.07
35 36 4.45
35 37 9.82
35 38 4.26
35 39 4.68
35 40 1.10
35 41 2.06
35 42 5.43
35 43 0.61
35 44 3.85
35 45 2.27
35 46 3.11
35 47 6.82
35 48 7.14
35 49 1.42
35 50 8.32
35 51 0.68
35 52 8.74
35 53 9.49
35 54 5.20
35 55 8.93
35 56 6.20
35 57 3.73
35 58 0.05
35 59 2.66
35 60 4.52
35 61 8.76
35 62 8.05
35 63 6.56
35 64 8.53
35 65 4.43
35 66 0.25
35 67 8.83
35 68 3.99
35 69 7.36
35 70 1.35
35 71 1.28
35 72 6.68
35 73 6.52
35 74 5.98
35 75 0.33
35 76 7.84
35 77 2.93
35 78 4.00
35 79 5.80
35 80 7.35
35 81 0.20
35 82 0.54
35 83 7.70
35 84 1.67
35 85 7.43
35 86 7.51
35 87 8.68
35 88 7.85
35 89 2.91
35 90 3.02
35 91 6.96
35 92 4.11
35 93 1.23
35 94 3.24
35 95 4.74
35 96 9.23
35 97 4.14
35 98 5.25
35 99 0.09
36 37 0.61
36 38 4.88
36 39 2.14
36 40 3.63
36 41 8.76
36 42 7.42
36 43 0.08
36 44 8.37
36 45 3.79
36 46 1.03
36 47 6.47
36 48 4.06
36 49 1.61
36 50 4.14
36 51 3.37
36 52 4.19
36 53 2.25
36 54 2.82
36 55 1.01
36 56 2.37
36 57 2.75
36 58 5.88
36 59 5.40
36 60 0.28
36 61 0.34
36 62 6.42
36 63 4.62
36 64 0.65
36 65 1.07
36 66 1.23
36 67 7.60
36 68 5.49
36 69 0.14
36 70 7.62
36 71 2.52
36 72 4.63
36 73 0.95
36 74 4.72
36 75 4.17
36 76 2.28
36 77 5.40
36 78 0.69
36 79 3.00
36 80 0.93
36 81 7.31
36 82 7.35
36 83 6.77
36 84 0.04
36 85 9.48
36 86 0.08
36 87 7.24
36 88 3.79
36 89 2.99
36 90 7.54
36 91 0.48
36 92 6.96
36 93 0.36
36 94 1.19
36 95 0.34
36 96 6.16
36 97 4.65
36 98 3.84
36 99 9.28
37 38 0.55
37 39 7.14
37 40 0.67
37 41 7.78
37 42 2.58
37 43 4.86
37 44 9.23
37 45 7.85
37 46 4.49
37 47 8.60
37 48 0.83
37 49 7.08
37 50 3.06
37 51 8.65
37 52 2.55
37 53 3.71
37 54 5.23
37 55 3.14
37 56 2.10
37 57 9.58
37 58 5.74
37 59 8.69
37 60 4.53
37 61 5.81
37 62 4.17
37 63 8.36
37 64 1.84
37 65 9.73
37 66 1.94
37 67 2.69
37 68 4.66
37 69 1.94
37 70 1.27
37 71 3.87
37 72 1.02
37 73 6.62
37 74 1.62
37 75 5.70
37 76 4.50
37 77 3.63
37 78 8.48
37 79 4.05
37 80 5.61
37 81 3.58
37 82 3.99
37 83 5.01
37 84 4.15
37 85 1.88
37 86 8.08
37 87 8.26
37 88 5.95
37 89 2.66
37 90 1.44
37 91 8.61
37 92 4.15
37 93 2.27
37 94 1.71
37 95 3.83
37 96 5.94
37 97 3.28
37 98 0.22
37 99 6.58
38 39 1.03
38 40 7.67
38 41 5.20
38 42 2.62
38 43 0.50
38 44 8.83
38 45 6.42
38 46 2.38
38 47 3.23
38 48 7.73
38 49 2.09
38 50 5.25
38 51 6.56
38 52 2.04
38 53 0.80
38 54 9.48
38 55 9.09
38 56 6.79
38 57 6.12
38 58 5.49
38 59 1.29
38 60 8.33
38 61 8.99
38 62 3.80
38 63 3.69
38 64 2.01
38 65 9.15
38 66 5.40
38 67 8.69
38 68 1.21
38 69 6.01
38 70 4.98
38 71 7.24
38 72 8.83
38 73 7.49
38 74 0.42
38 75 0.03
38 76 3.37
38 77 7.82
38 78 0.26
38 79 6.58
38 80 8.61
38 81 4.28
38 82 2.92
38 83 8.21
38 84 0.74
38 85 1.72
38 86 2.59
38 87 8.44
38 88 5.84
38 89 9.24
38 90 7.16
38 91 7.29
38 92 4.09
38 93 2.33
38 94 2.74
38 95 8.31
38 96 8.83
38 97 5.67
38 98 0.32
38 99 2.89
39 40 2.27
39 41 7.52
39 42 1.74
39 43 1.08
39 44 4.62
39 45 3.45
39 46 8.68
39 47 8.38
39 48 6.49
39 49 0.17
39 50 1.82
39 51 8.59
39 52 5.92
39 53 0.53
39 54 2.61
39 55 6.88
39 56 1.04
39 57 3.15
39 58 0.22
39 59 7.64
39 60 0.95
39 61 7.35
39 62 4.34
39 63 10.00
39 64 7.04
39 65 3.53
39 66 3.21
39 67 3.37
39 68 8.76
39 69 0.30
39 70 1.72
39 71 1.70
39 72 5.02
39 73 8.28
39 74 4.35
39 75 8.48
39 76 8.73
39 77 8.10
39 78 3.26
39 79 4.44
39 80 8.55
39 81 4.26
39 82 9.22
39 83 6.93
39 84 3.71
39 85 6.51
39 86 6.38
39 87 4.36
39 88 1.42
39 89 6.65
39 90 6.24
39 91 9.45
39 92 1.99
39 93 3.39
39 94 8.45
39 95 9.35
39 96 1.79
39 97 7.02
39 98 4.36
39 99 8.92
40 41 2.62
40 42 7.13
40 43 0.85
40 44 7.98
40 45 8.27
40 46 6.33
40 47 0.04
40 48 0.07
40 49 7.14
40 50 5.39
40 51 7.50
40 52 9.34
40 53 7.24
40 54 5.04
40 55 3.21
40 56 3.74
40 57 9.29
40 58 7.84
40 59 8.46
40 60 4.01
40 61 3.47
40 62 3.42
40 63 5.86
40 64 1.52
40 65 0.92
40 66 0.48
40 67 5.75
40 68 6.17
40 69 7.59
40 70 9.35
40 71 9.37
40 72 2.15
40 73 2.99
40 74 9.60
40 75 2.45
40 76 4.80
40 77 7.28
40 78 3.16
40 79 5.35
40 80 0.47
40 81 3.21
40 82 8.17
40 83 9.17
40 84 9.26
40 85 4.12
40 86 4.88
40 87 0.87
40 88 3.69
40 89 4.90
40 90 6.54
40 91 4.13
40 92 8.20
40 93 9.38
40 94 2.79
40 95 1.91
40 96 7.61
40 97 7.30
40 98 3.61
40 99 7.70
41 42 0.71
41 43 4.17
41 44 1.32
41 45 5.68
41 46 6.01
41 47 6.51
41 48 0.72
41 49 7.45
41 50 9.90
41 51 4.12
41 52 0.91
41 53 1.15
41 54 2.91
41 55 9.07
41 56 3.85
41 57 1.80
41 58 8.86
41 59 9.02
41 60 9.79
41 61 1.79
41 62 9.66
41 63 9.56
41 64 2.71
41 65 0.52
41 66 1.27
41 67 7.03
41 68 2.41
41 69 6.60
41 70 0.79
41 71 7.50
41 72 2.83
41 73 1.89
41 74 5.78
41 75 7.85
41 76 1.27
41 77 6.02
41 78 2.42
41 79 6.21
41 80 4.39
41 81 5.86
41 82 5.47
41 83 6.85
41 84 4.32
41 85 7.63
41 86 3.80
41 87 4.01
41 88 4.42
41 89 1.09
41 90 1.81
41 91 3.59
41 92 6.72
41 93 4.49
41 94 8.15
41 95 9.28
41 96 0.52
41 97 2.04
41 98 0.18
41 99 7.73
42 43 4.70
42 44 6.53
42 45 5.51
42 46 8.92
42 47 9.84
42 48 1.21
42 49 1.47
42 50 3.98
42 51 3.75
42 52 9.61
42 53 1.73
42 54 9.02
42 55 7.83
42 56 3.83
42 57 9.79
42 58 1.17
42 59 4.35
42 60 2.59
42 61 3.45
42 62 7.38
42 63 7.31
42 64 1.31
42 65 9.94
42 66 0.79
42 67 4.94
42 68 6.15
42 69 2.47
42 70 1.92
42 71 0.97
42 72 8.45
42 73 3.61
42 74 6.71
42 75 6.80
42 76 9.51
42 77 5.15
42 78 0.13
42 79 1.45
42 80 3.06
42 81 2.06
42 82 0.81
42 83 4.24
42 84 5.05
42 85 3.28
42 86 7.38
42 87 0.45
42 88 6.78
42 89 4.89
42 90 1.51
42 91 9.07
42 92 4.21
42 93 4.31
42 94 2.36
42 95 5.54
42 96 6.17
42 97 8.47
42 98 4.41
42 99 6.08
43 44 1.79
43 45 9.45
43 46 9.09
43 47 9.92
43 48 3.54
43 49 3.49
43 50 0.84
43 51 7.60
43 52 0.53
43 53 8.81
43 54 6.11
43 55 6.50
43 56 8.28
43 57 8.19
43 58 4.69
43 59 5.25
43 60 9.26
43 61 2.03
43 62 3.75
43 63 3.82
43 64 3.98
43 65 1.78
43 66 0.77
43 67 9.04
43 68 5.47
43 69 2.40
43 70 0.26
43 71 3.95
43 72 8.99
43 73 9.06
43 74 6.21
43 75 2.23
43 76 8.10
43 77 7.97
43 78 2.87
43 79 7.55
43 80 6.29
43 81 4.76
43 82 4.46
43 83 1.85
43 84 0.95
43 85 2.23
43 86 3.28
43 87 3.18
43 88 6.98
43 89 9.66
43 90 7.34
43 91 5.26
43 92 6.06
43 93 7.45
43 94 2.74
43 95 2.97
43 96 9.07
43 97 6.53
43 98 3.58
43 99 7.84
44 45 1.72
44 46 4.19
44 47 3.01
44 48 9.01
44 49 4.74
44 50 3.66
44 51 5.94
44 52 6.56
44 53 6.14
44 54 7.66
44 55 6.10
44 56 1.30
44 57 5.17
44 58 3.28
44 59 9.30
44 60 5.02
44 61 7.95
44 62 0.34
44 63 4.34
44 64 2.31
44 65 5.55
44 66 2.00
44 67 2.03
44 68 3.56
44 69 1.74
44 70 2.81
44 71 0.70
44 72 0.73
44 73 2.62
44 74 3.31
44 75 3.54
44 76 3.25
44 77 2.19
44 78 1.72
44 79 4.28
44 80 4.92
44 81 2.75
44 82 3.48
44 83 4.31
44 84 5.21
44 85 6.93
44 86 7.86
44 87 3.60
44 88 9.56
44 89 5.04
44 90 8.64
44 91 1.55
44 92 7.57
44 93 2.11
44 94 8.51
44 95 9.15
44 96 0.99
44 97 3.50
44 98 2.40
44 99 0.61
45 46 1.77
45 47 9.96
45 48 9.98
45 49 4.28
45 50 8.73
45 51 8.84
45 52 4.44
45 53 6.58
45 54 9.84
45 55 2.07
45 56 6.06
45 57 4.07
45 58 7.38
45 59 3.61
45 60 1.47
45 61 5.56
45 62 1.02
45 63 5.60
45 64 5.83
45 65 9.20
45 66 5.60
45 67 6.23
45 68 6.61
45 69 4.82
45 70 9.74
45 71 9.07
45 72 2.72
45 73 7.75
45 74 6.69
45 75 9.48
45 76 0.38
45 77 6.81
45 78 2.11
45 79 8.85
45 80 6.37
45 81 5.56
45 82 8.55
45 83 6.28
45 84 5.62
45 85 6.54
45 86 8.04
45 87 2.32
45 88 5.30
45 89 7.56
45 90 0.60
45 91 6.51
45 92 4.56
45 93 8.69
45 94 9.80
45 95 4.41
45 96 9.38
45 97 0.85
45 98 9.80
45 99 3.30
46 47 2.94
46 48 7.49
46 49 7.31
46 50 8.34
46 51 6.01
46 52 5.64
46 53 7.32
46 54 3.04
46 55 2.90
46 56 5.97
46 57 0.17
46 58 4.90
46 59 4.84
46 60 6.03
46 61 5.08
46 62 1.53
46 63 7.26
46 64 1.45
46 65 5.68
46 66 0.66
46 67 2.35
46 68 6.67
46 69 8.26
46 70 1.46
46 71 9.65
46 72 7.99
46 73 7.94
46 74 6.06
46 75 2.71
46 76 0.91
46 77 1.68
46 78 0.19
46 79 3.44
46 80 4.26
46 81 1.52
46 82 5.70
46 83 6.09
46 84 5.13
46 85 9.54
46 86 5.01
46 87 4.72
46 88 5.08
46 89 8.55
46 90 5.88
46 91 0.91
46 92 7.84
46 93 1.77
46 94 6.46
46 95 0.87
46 96 1.31
46 97 1.34
46 98 3.21
46 99 9.37
47 48 9.98
47 49 9.67
47 50 5.34
47 51 6.88
47 52 8.60
47 53 0.23
47 54 4.94
47 55 1.46
47 56 3.17
47 57 1.14
47 58 7.59
47 59 9.38
47 60 7.63
47 61 9.27
47 62 1.49
47 63 0.09
47 64 7.30
47 65 4.39
47 66 0.80
47 67 0.10
47 68 3.96
47 69 1.39
47 70 1.61
47 71 1.19
47 72 8.63
47 73 1.21
47 74 3.76
47 75 1.82
47 76 8.56
47 77 2.20
47 78 8.19
47 79 0.42
47 80 3.58
47 81 8.06
47 82 9.90
47 83 4.59
47 84 4.60
47 85 7.39
47 86 4.94
47 87 3.59
47 88 9.38
47 89 4.45
47 90 9.54
47 91 9.77
47 92 7.94
47 93 8.31
47 94 8.98
47 95 6.67
47 96 3.01
47 97 5.04
47 98 9.51
47 99 6.85
48 49 5.58
48 50 3.84
48 51 3.42
48 52 6.81
48 53 0.27
48 54 4.04
48 55 1.05
48 56 0.64
48 57 0.71
48 58 5.85
48 59 4.09
48 60 9.37
48 61 9.24
48 62 1.69
48 63 9.11
48 64 6.69
48 65 0.96
48 66 9.16
48 67 4.56
48 68 2.24
48 69 0.17
48 70 0.76
48 71 3.13
48 72 1.42
48 73 6.28
48 74 8.62
48 75 4.31
48 76 8.68
48 77 4.84
48 78 8.40
48 79 6.56
48 80 8.78
48 81 3.62
48 82 1.63
48 83 3.33
48 84 2.25
48 85 0.39
48 86 7.54
48 87 3.44
48 88 6.18
48 89 0.52
48 90 5.54
48 91 0.89
48 92 8.95
48 93 6.60
48 94 2.55
48 95 5.85
48 96 4.34
48 97 9.63
48 98 0.16
48 99 8.11
49 50 5.86
49 51 3.75
49 52 0.65
49 53 3.63
49 54 2.09
49 55 1.33
49 56 3.28
49 57 0.34
49 58 9.53
49 59 7.57
49 60 0.03
49 61 0.06
49 62 6.34
49 63 3.39
49 64 7.24
49 65 1.19
49 66 4.10
49 67 7.99
49 68 9.82
49 69 5.70
49 70 6.64
49 71 3.23
49 72 9.72
49 73 9.76
49 74 0.65
49 75 0.28
49 76 5.96
49 77 8.90
49 78 8.96
49 79 2.46
49 80 6.00
49 81 4.32
49 82 3.10
49 83 7.95
49 84 0.64
49 85 3.94
49 86 2.69
49 87 2.24
49 88 4.68
49 89 1.60
49 90 8.11
49 91 6.77
49 92 8.87
49 93 6.94
49 94 9.73
49 95 1.68
49 96 0.80
49 97 1.49
49 98 2.47
49 99 9.51
50 51 6.11
50 52 0.19
50 53 5.78
50 54 1.27
50 55 4.67
50 56 5.45
50 57 4.35
50 58 4.21
50 59 5.13
50 60 8.74
50 61 2.23
50 62 8.47
50 63 6.21
50 64 8.67
50 65 4.29
50 66 9.13
50 67 3.11
50 68 0.58
50 69 6.87
50 70 9.09
50 71 6.07
50 72 0.11
50 73 5.62
50 74 1.17
50 75 4.51
50 76 5.30
50 77 1.05
50 78 9.79
50 79 7.54
50 80 6.88
50 81 1.27
50 82 1.88
50 83 9.96
50 84 9.17
50 85 8.31
50 86 2.37
50 87 3.17
50 88 8.63
50 89 1.01
50 90 1.13
50 91 2.71
50 92 0.81
50 93 2.79
50 94 8.71
50 95 3.28
50 96 3.51
50 97 8.29
50 98 1.27
50 99 4.98
51 52 6.14
51 53 6.76
51 54 7.49
51 55 0.58
51 56 9.64
51 57 3.20
51 58 9.07
51 59 4.64
51 60 9.25
51 61 2.13
51 62 0.85
51 63 9.81
51 64 0.26
51 65 3.85
51 66 7.34
51 67 2.11
51 68 8.16
51 69 4.01
51 70 6.40
51 71 7.46
51 72 3.99
51 73 2.94
51 74 0.06
51 75 1.51
51 76 5.35
51 77 5.83
51 78 6.99
51 79 0.37
51 80 9.44
51 81 2.16
51 82 9.85
51 83 3.40
51 84 2.71
51 85 3.44
51 86 7.35
51 87 1.23
51 88 3.08
51 89 1.01
51 90 8.91
51 91 4.32
51 92 8.04
51 93 5.96
51 94 7.61
51 95 8.48
51 96 7.55
51 97 1.99
51 98 9.85
51 99 6.71
52 53 7.67
52 54 7.76
52 55 6.86
52 56 5.13
52 57 8.28
52 58 8.81
52 59 5.27
52 60 6.93
52 61 5.80
52 62 8.18
52 63 3.83
52 64 8.94
52 65 9.97
52 66 3.04
52 67 8.25
52 68 9.70
52 69 5.47
52 70 0.83
52 71 8.78
52 72 4.84
52 73 7.42
52 74 8.42
52 75 6.65
52 76 4.53
52 77 9.92
52 78 5.40
52 79 0.45
52 80 4.54
52 81 6.87
52 82 2.40
52 83 1.81
52 84 9.42
52 85 6.73
52 86 8.83
52 87 4.02
52 88 1.09
52 89 2.18
52 90 3.55
52 91 3.18
52 92 5.68
52 93 1.24
52 94 3.03
52 95 1.39
52 96 6.61
52 97 8.75
52 98 9.75
52 99 2.88
53 54 3.77
53 55 9.89
53 56 2.71
53 57 5.11
53 58 1.62
53 59 5.03
53 60 1.37
53 61 9.78
53 62 3.24
53 63 6.14
53 64 7.82
53 65 1.83
53 66 9.64
53 67 5.51
53 68 7.62
53 69 3.50
53 70 4.14
53 71 4.16
53 72 5.06
53 73 0.91
53 74 3.46
53 75 6.23
53 76 7.86
53 77 4.10
53 78 2.83
53 79 0.91
53 80 4.94
53 81 7.68
53 82 9.43
53 83 0.92
53 84 8.01
53 85 9.85
53 86 8.49
53 87 9.65
53 88 0.09
53 89 0.47
53 90 3.24
53 91 9.53
53 92 1.14
53 93 3.69
53 94 3.35
53 95 2.91
53 96 4.86
53 97 8.84
53 98 4.56
53 99 6.25
54 55 7.83
54 56 3.08
54 57 8.33
54 58 3.18
54 59 9.56
54 60 0.77
54 61 8.65
54 62 9.20
54 63 8.78
54 64 1.34
54 65 6.08
54 66 5.50
54 67 2.64
54 68 3.34
54 69 3.32
54 70 3.03
54 71 3.84
54 72 6.10
54 73 3.32
54 74 8.44
54 75 7.84
54 76 3.31
54 77 9.06
54 78 1.17
54 79 2.03
54 80 1.34
54 81 7.82
54 82 0.61
54 83 4.86
54 84 2.47
54 85 8.35
54 86 2.09
54 87 1.25
54 88 7.23
54 89 1.88
54 90 8.04
54 91 6.07
54 92 2.53
54 93 6.93
54 94 5.43
54 95 1.66
54 96 6.37
54 97 0.21
54 98 7.44
54 99 4.76
55 56 1.70
55 57 9.83
55 58 7.30
55 59 8.66
55 60 7.57
55 61 2.84
55 62 0.66
55 63 9.75
55 64 3.80
55 65 0.69
55 66 5.95
55 67 8.42
55 68 5.57
55 69 6.52
55 70 0.07
55 71 5.85
55 72 4.18
55 73 8.18
55 74 9.30
55 75 9.65
55 76 7.21
55 77 2.80
55 78 2.97
55 79 1.26
55 80 4.23
55 81 2.95
55 82 1.12
55 83 5.56
55 84 7.13
55 85 9.02
55 86 3.54
55 87 1.12
55 88 2.04
55 89 5.89
55 90 7.59
55 91 1.65
55 92 1.45
55 93 1.91
55 94 1.44
55 95 5.68
55 96 4.47
55 97 8.45
55 98 8.37
55 99 6.59
56 57 5.20
56 58 2.83
56 59 7.08
56 60 1.54
56 61 3.55
56 62 3.82
56 63 6.38
56 64 2.11
56 65 3.39
56 66 4.27
56 67 1.49
56 68 7.64
56 69 5.20
56 70 3.89
56 71 8.91
56 72 1.16
56 73 1.29
56 74 0.44
56 75 9.75
56 76 4.12
56 77 1.18
56 78 3.97
56 79 5.51
56 80 4.69
56 81 3.17
56 82 7.24
56 83 0.55
56 84 6.78
56 85 9.51
56 86 7.48
56 87 5.50
56 88 9.73
56 89 2.85
56 90 2.31
56 91 8.44
56 92 6.00
56 93 8.76
56 94 4.60
56 95 6.25
56 96 3.69
56 97 1.71
56 98 5.41
56 99 2.10
57 58 0.98
57 59 0.89
57 60 0.77
57 61 5.30
57 62 7.95
57 63 8.11
57 64 1.42
57 65 4.40
57 66 7.82
57 67 8.92
57 68 3.68
57 69 4.49
57 70 7.78
57 71 7.23
57 72 0.27
57 73 9.21
57 74 0.43
57 75 0.81
57 76 5.27
57 77 6.87
57 78 5.03
57 79 4.35
57 80 0.70
57 81 8.26
57 82 2.08
57 83 4.50
57 84 3.58
57 85 5.64
57 86 1.42
57 87 8.15
57 88 1.23
57 89 2.37
57 90 2.85
57 91 9.11
57 92 1.80
57 93 0.14
57 94 8.24
57 95 6.34
57 96 3.84
57 97 5.03
57 98 0.29
57 99 6.31
58 59 0.94
58 60 9.07
58 61 6.49
58 62 9.26
58 63 6.68
58 64 1.97
58 65 6.84
58 66 1.11
58 67 7.49
58 68 8.21
58 69 6.16
58 70 4.08
58 71 8.96
58 72 2.09
58 73 7.02
58 74 0.63
58 75 9.19
58 76 8.41
58 77 6.88
58 78 7.32
58 79 9.69
58 80 5.20
58 81 3.89
58 82 8.39
58 83 2.04
58 84 9.69
58 85 9.83
58 86 7.37
58 87 0.21
58 88 2.09
58 89 7.28
58 90 4.82
58 91 5.60
58 92 6.95
58 93 4.49
58 94 1.97
58 95 4.35
58 96 4.61
58 97 3.91
58 98 0.55
58 99 9.14
59 60 8.77
59 61 0.00
59 62 1.94
59 63 6.65
59 64 4.36
59 65 2.83
59 66 5.46
59 67 0.54
59 68 5.94
59 69 9.84
59 70 8.47
59 71 3.28
59 72 1.68
59 73 6.75
59 74 2.32
59 75 5.06
59 76 7.38
59 77 5.98
59 78 2.95
59 79 4.69
59 80 1.59
59 81 5.88
59 82 2.32
59 83 5.82
59 84 2.67
59 85 5.08
59 86 6.35
59 87 2.92
59 88 4.14
59 89 4.86
59 90 3.68
59 91 6.71
59 92 2.53
59 93 0.23
59 94 4.96
59 95 8.62
59 96 6.24
59 97 8.78
59 98 2.33
59 99 1.15
60 61 6.44
60 62 0.05
60 63 2.25
60 64 3.67
60 65 4.43
60 66 2.41
60 67 5.85
60 68 1.66
60 69 2.02
60 70 4.77
60 71 1.35
60 72 7.69
60 73 5.35
60 74 0.25
60 75 2.13
60 76 8.74
60 77 4.02
60 78 4.40
60 79 8.06
60 80 5.41
60 81 8.72
60 82 7.19
60 83 6.50
60 84 4.97
60 85 4.60
60 86 6.25
60 87 8.74
60 88 8.88
60 89 3.03
60 90 3.12
60 91 6.36
60 92 7.68
60 93 5.66
60 94 1.27
60 95 8.75
60 96 8.53
60 97 3.96
60 98 6.34
60 99 7.99
61 62 6.29
61 63 6.62
61 64 5.08
61 65 10.00
61 66 6.61
61 67 9.53
61 68 6.38
61 69 5.19
61 70 1.26
61 71 9.86
61 72 7.48
61 73 6.90
61 74 7.82
61 75 7.25
61 76 4.77
61 77 0.09
61 78 5.17
61 79 0.27
61 80 7.72
61 81 2.45
61 82 4.44
61 83 0.95
61 84 4.48
61 85 2.54
61 86 7.98
61 87 3.74
61 88 0.80
61 89 4.60
61 90 1.25
61 91 8.03
61 92 9.21
61 93 5.88
61 94 4.82
61 95 6.85
61 96 6.09
61 97 6.40
61 98 1.93
61 99 8.47
62 63 5.53
62 64 5.57
62 65 1.14
62 66 0.63
62 67 4.15
62 68 6.92
62 69 1.08
62 70 4.63
62 71 4.35
62 72 9.28
62 73 6.93
62 74 8.28
62 75 5.45
62 76 0.21
62 77 1.93
62 78 7.44
62 79 2.58
62 80 8.86
62 81 0.10
62 82 8.59
62 83 8.96
62 84 6.05
62 85 8.02
62 86 4.96
62 87 2.51
62 88 4.76
62 89 9.50
62 90 0.72
62 91 1.97
62 92 9.16
62 93 2.26
62 94 8.20
62 95 8.82
62 96 1.75
62 97 1.17
62 98 9.00
62 99 7.96
63 64 7.38
63 65 5.18
63 66 6.80
63 67 9.03
63 68 8.18
63 69 7.69
63 70 4.32
63 71 7.25
63 72 5.74
63 73 2.14
63 74 3.16
63 75 3.49
63 76 3.75
63 77 6.14
63 78 2.87
63 79 2.86
63 80 5.24
63 81 5.99
63 82 0.30
63 83 3.76
63 84 7.14
63 85 5.69
63 86 2.52
63 87 1.15
63 88 0.04
63 89 1.44
63 90 4.80
63 91 9.51
63 92 6.64
63 93 6.85
63 94 4.49
63 95 7.41
63 96 8.18
63 97 9.86
63 98 5.68
63 99 2.29
64 65 2.61
64 66 6.37
64 67 7.24
64 68 5.73
64 69 6.72
64 70 5.63
64 71 5.35
64 72 6.89
64 73 7.84
64 74 3.70
64 75 9.18
64 76 1.63
64 77 8.17
64 78 1.48
64 79 7.58
64 80 6.16
64 81 7.56
64 82 6.32
64 83 3.61
64 84 1.68
64 85 9.61
64 86 6.10
64 87 1.78
64 88 6.72
64 89 4.71
64 90 4.27
64 91 5.21
64 92 5.74
64 93 3.88
64 94 8.66
64 95 5.36
64 96 8.39
64 97 3.25
64 98 1.65
64 99 1.05
65 66 5.50
65 67 7.00
65 68 9.26
65 69 9.34
65 70 4.04
65 71 6.17
65 72 1.12
65 73 7.20
65 74 2.34
65 75 7.34
65 76 6.55
65 77 7.80
65 78 8.56
65 79 3.23
65 80 0.02
65 81 9.05
65 82 8.51
65 83 5.63
65 84 3.56
65 85 8.06
65 86 8.19
65 87 7.79
65 88 9.74
65 89 6.79
65 90 7.69
65 91 6.23
65 92 3.17
65 93 8.38
65 94 0.24
65 95 1.20
65 96 0.71
65 97 6.14
65 98 3.67
65 99 4.21
66 67 4.51
66 68 1.67
66 69 8.69
66 70 3.28
66 71 8.89
66 72 0.38
66 73 3.13
66 74 0.31
66 75 0.80
66 76 1.51
66 77 8.85
66 78 3.11
66 79 7.24
66 80 0.16
66 81 3.48
66 82 3.54
66 83 8.31
66 84 1.87
66 85 4.11
66 86 1.22
66 87 6.20
66 88 6.29
66 89 5.95
66 90 9.31
66 91 6.64
66 92 1.66
66 93 6.09
66 94 2.16
66 95 2.78
66 96 1.12
66 97 1.95
66 98 3.66
66 99 6.28
67 68 0.57
67 69 9.06
67 70 5.26
67 71 7.51
67 72 7.72
67 73 7.63
67 74 7.10
67 75 5.36
67 76 3.23
67 77 3.52
67 78 3.73
67 79 5.36
67 80 7.23
67 81 0.43
67 82 5.85
67 83 7.99
67 84 2.29
67 85 2.13
67 86 0.89
67 87 7.69
67 88 0.40
67 89 2.18
67 90 1.19
67 91 5.61
67 92 1.10
67 93 2.15
67 94 8.80
67 95 7.67
67 96 3.89
67 97 3.41
67 98 8.45
67 99 2.89
68 69 6.36
68 70 6.19
68 71 3.29
68 72 9.96
68 73 4.38
68 74 3.89
68 75 5.19
68 76 8.22
68 77 4.27
68 78 9.85
68 79 5.67
68 80 5.77
68 81 4.61
68 82 6.27
68 83 7.67
68 84 2.22
68 85 3.72
68 86 1.69
68 87 9.69
68 88 5.56
68 89 6.12
68 90 6.47
68 91 9.85
68 92 9.97
68 93 2.36
68 94 5.33
68 95 0.74
68 96 4.69
68 97 9.95
68 98 5.41
68 99 7.99
69 70 2.67
69 71 1.63
69 72 6.02
69 73 1.64
69 74 9.33
69 75 3.99
69 76 2.30
69 77 3.58
69 78 7.57
69 79 7.25
69 80 0.49
69 81 5.32
69 82 8.74
69 83 3.43
69 84 2.52
69 85 2.72
69 86 0.60
69 87 1.53
69 88 4.10
69 89 7.67
69 90 7.90
69 91 0.47
69 92 7.98
69 93 1.09
69 94 4.54
69 95 6.12
69 96 4.08
69 97 5.82
69 98 5.22
69 99 9.87
70 71 7.91
70 72 3.32
70 73 7.92
70 74 1.79
70 75 6.44
70 76 0.49
70 77 7.98
70 78 2.76
70 79 4.54
70 80 6.98
70 81 4.17
70 82 6.80
70 83 8.89
70 84 7.55
70 85 1.38
70 86 5.65
70 87 7.28
70 88 6.11
70 89 6.79
70 90 8.29
70 91 2.81
70 92 4.36
70 93 6.84
70 94 7.33
70 95 0.55
70 96 6.97
70 97 5.30
70 98 9.13
70 99 0.28
71 72 7.77
71 73 3.72
71 74 5.91
71 75 2.24
71 76 2.78
71 77 5.80
71 78 4.47
71 79 6.50
71 80 5.74
71 81 8.39
71 82 2.53
71 83 9.11
71 84 1.64
71 85 7.70
71 86 4.61
71 87 5.85
71 88 8.39
71 89 1.09
71 90 5.18
71 91 8.57
71 92 9.88
71 93 0.69
71 94 6.55
71 95 6.00
71 96 2.91
71 97 0.94
71 98 7.56
71 99 1.43
72 73 2.27
72 74 2.05
72 75 5.90
72 76 9.06
72 77 1.22
72 78 0.39
72 79 2.59
72 80 5.93
72 81 6.24
72 82 1.54
72 83 8.17
72 84 5.57
72 85 0.57
72 86 0.80
72 87 1.46
72 88 7.98
72 89 6.82
72 90 3.85
72 91 8.93
72 92 9.64
72 93 5.47
72 94 5.19
72 95 2.13
72 96 3.54
72 97 5.27
72 98 3.90
72 99 1.72
73 74 9.18
73 75 0.52
73 76 7.93
73 77 5.85
73 78 3.20
73 79 9.25
73 80 5.79
73 81 1.94
73 82 6.81
73 83 2.45
73 84 1.67
73 85 0.58
73 86 8.00
73 87 2.26
73 88 8.09
73 89 0.49
73 90 8.15
73 91 7.12
73 92 5.82
73 93 4.98
73 94 2.26
73 95 5.45
73 96 7.84
73 97 1.03
73 98 1.20
73 99 4.09
74 75 3.47
74 76 1.23
74 77 4.20
74 78 1.82
74 79 6.28
74 80 1.14
74 81 1.84
74 82 8.42
74 83 6.84
74 84 9.39
74 85 7.13
74 86 8.63
74 87 1.45
74 88 7.23
74 89 6.90
74 90 4.83
74 91 9.61
74 92 8.43
74 93 1.51
74 94 0.03
74 95 8.87
74 96 5.21
74 97 7.19
74 98 5.07
74 99 2.73
75 76 9.33
75 77 9.63
75 78 2.69
75 79 9.93
75 80 8.33
75 81 8.95
75 82 1.48
75 83 0.46
75 84 9.54
75 85 5.77
75 86 6.13
75 87 6.73
75 88 8.76
75 89 5.27
75 90 1.49
75 91 1.23
75 92 2.43
75 93 0.40
75 94 6.08
75 95 0.70
75 96 3.74
75 97 9.50
75 98 0.75
75 99 8.04
76 77 3.75
76 78 7.02
76 79 2.52
76 80 9.75
76 81 6.65
76 82 7.95
76 83 7.59
76 84 2.59
76 85 6.36
76 86 3.10
76 87 6.62
76 88 3.08
76 89 1.10
76 90 2.10
76 91 6.32
76 92 4.65
76 93 9.66
76 94 7.73
76 95 6.01
76 96 7.26
76 97 2.26
76 98 9.57
76 99 3.85
77 78 7.31
77 79 5.59
77 80 5.06
77 81 4.24
77 82 5.42
77 83 8.74
77 84 5.02
77 85 0.24
77 86 9.55
77 87 8.00
77 88 4.18
77 89 1.48
77 90 8.28
77 91 8.45
77 92 7.17
77 93 4.60
77 94 2.98
77 95 1.72
77 96 1.51
77 97 5.59
77 98 2.53
77 99 6.30
78 79 1.09
78 80 8.07
78 81 9.08
78 82 8.10
78 83 3.02
78 84 2.04
78 85 4.68
78 86 3.94
78 87 6.10
78 88 3.81
78 89 8.18
78 90 7.20
78 91 1.02
78 92 7.82
78 93 8.20
78 94 3.34
78 95 0.96
78 96 8.27
78 97 8.22
78 98 7.86
78 99 3.02
79 80 4.97
79 81 0.11
79 82 2.57
79 83 6.60
79 84 7.32
79 85 9.84
79 86 9.11
79 87 7.35
79 88 7.18
79 89 2.43
79 90 9.55
79 91 9.98
79 92 9.64
79 93 5.30
79 94 0.97
79 95 6.26
79 96 2.68
79 97 7.41
79 98 9.77
79 99 8.60
80 81 1.18
80 82 3.79
80 83 3.03
80 84 2.11
80 85 1.68
80 86 6.62
80 87 2.73
80 88 4.24
80 89 5.97
80 90 6.29
80 91 4.12
80 92 7.61
80 93 3.66
80 94 6.55
80 95 0.31
80 96 4.06
80 97 1.35
80 98 5.25
80 99 6.87
81 82 9.21
81 83 3.72
81 84 4.30
81 85 1.65
81 86 3.98
81 87 5.07
81 88 0.13
81 89 6.82
81 90 5.48
81 91 8.69
81 92 8.60
81 93 1.02
81 94 2.70
81 95 4.21
81 96 2.56
81 97 1.64
81 98 6.24
81 99 0.43
82 83 5.43
82 84 9.37
82 85 1.70
82 86 5.51
82 87 1.51
82 88 4.96
82 89 6.38
82 90 2.38
82 91 5.72
82 92 1.43
82 93 3.94
82 94 2.25
82 95 8.83
82 96 2.41
82 97 0.59
82 98 5.96
82 99 3.47
83 84 5.46
83 85 3.16
83 86 6.53
83 87 6.65
83 88 6.47
83 89 6.29
83 90 3.53
83 91 0.39
83 92 7.30
83 93 9.04
83 94 1.41
83 95 5.43
83 96 4.04
83 97 3.57
83 98 9.62
83 99 3.66
84 85 9.13
84 86 4.90
84 87 0.64
84 88 9.88
84 89 9.54
84 90 7.40
84 91 7.20
84 92 5.75
84 93 5.41
84 94 6.03
84 95 2.42
84 96 3.41
84 97 9.44
84 98 2.37
84 99 6.82
85 86 1.22
85 87 2.56
85 88 6.65
85 89 4.32
85 90 7.22
85 91 8.92
85 92 8.37
85 93 8.33
85 94 0.24
85 95 9.46
85 96 5.89
85 97 7.79
85 98 3.75
85 99 7.30
86 87 2.38
86 88 1.58
86 89 6.62
86 90 7.79
86 91 7.20
86 92 1.66
86 93 4.42
86 94 9.08
86 95 9.29
86 96 2.43
86 97 9.68
86 98 3.01
86 99 3.82
87 88 4.47
87 89 2.62
87 90 3.55
87 91 7.09
87 92 7.60
87 93 9.87
87 94 6.99
87 95 1.20
87 96 2.03
87 97 5.20
87 98 9.69
87 99 9.89
88 89 8.93
88 90 6.69
88 91 2.46
88 92 2.47
88 93 5.72
88 94 7.38
88 95 9.88
88 96 7.65
88 97 3.79
88 98 3.48
88 99 0.38
89 90 1.81
89 91 4.41
89 92 3.55
89 93 3.88
89 94 3.34
89 95 3.35
89 96 0.18
89 97 3.64
89 98 3.98
89 99 7.34
90 91 0.35
90 92 1.41
90 93 4.80
90 94 6.59
90 95 3.96
90 96 2.75
90 97 1.56
90 98 9.45
90 99 7.60
91 92 1.10
91 93 8.93
91 94 7.92
91 95 6.83
91 96 5.13
91 97 4.58
91 98 6.74
91 99 9.79
92 93 1.33
92 94 2.32
92 95 3.73
92 96 5.97
92 97 8.51
92 98 3.54
92 99 0.73
93 94 2.76
93 95 4.23
93 96 2.79
93 97 3.87
93 98 3.59
93 99 2.68
94 95 2.32
94 96 4.50
94 97 5.03
94 98 8.75
94 99 7.51
95 96 6.05
95 97 5.20
95 98 5.68
95 99 0.47
96 97 5.92
96 98 4.14
96 99 5.31
97 98 6.09
97 99 4.11
98 99 7.74
