100 10
0 1 2.64
0 2 7.94
0 3 7.94
0 4 3.16
0 5 8.18
0 6 4.27
0 7 7.65
0 8 8.03
0 9 7.19
0 10 7.80
0 11 2.54
0 12 7.43
0 13 4.86
0 14 5.06
0 15 7.92
0 16 9.52
0 17 6.30
0 18 1.29
0 19 0.80
0 20 6.58
0 21 3.00
0 22 3.14
0 23 8.10
0 24 8.07
0 25 7.26
0 26 3.53
0 27 6.66
0 28 2.26
0 29 9.57
0 30 5.79
0 31 10.00
0 32 6.34
0 33 8.36
0 34 7.92
0 35 1.84
0 36 0.62
0 37 8.58
0 38 1.41
0 39 2.12
0 40 4.54
0 41 9.28
0 42 6.87
0 43 1.62
0 44 5.79
0 45 6.70
0 46 1.88
0 47 5.83
0 48 2.67
0 49 7.48
0 50 7.55
0 51 1.70
0 52 1.44
0 53 8.14
0 54 4.98
0 55 6.30
0 56 6.45
0 57 9.97
0 58 2.37
0 59 2.06
0 60 2.03
0 61 8.55
0 62 0.05
0 63 0.63
0 64 4.11
0 65 6.17
0 66 8.67
0 67 2.18
0 68 7.22
0 69 5.56
0 70 7.15
0 71 5.52
0 72 2.07
0 73 4.23
0 74 7.07
0 75 4.11
0 76 8.20
0 77 8.25
0 78 0.44
0 79 0.54
0 80 1.13
0 81 4.39
0 82 5.36
0 83 6.35
0 84 7.35
0 85 9.41
0 86 0.51
0 87 2.68
0 88 5.33
0 89 5.63
0 90 0.17
0 91 9.20
0 92 4.80
0 93 4.07
0 94 1.27
0 95 2.54
0 96 2.13
0 97 8.80
0 98 6.00
0 99 4.31
1 2 9.35
1 3 7.77
1 4 4.93
1 5 9.97
1 6 0.66
1 7 9.14
1 8 9.50
1 9 5.34
1 10 4.20
1 11 7.82
1 12 9.55
1 13 9.35
1 14 9.24
1 15 4.68
1 16 5.17
1 17 2.58
1 18 6.64
1 19 8.48
1 20 7.10
1 21 9.26
1 22 7.29
1 23 1.53
1 24 6.41
1 25 7.18
1 26 0.75
1 27 4.16
1 28 1.58
1 29 1.24
1 30 2.11
1 31 7.72
1 32 5.56
1 33 6.97
1 34 7.15
1 35 3.44
1 36 1.94
1 37 4.03
1 38 5.06
1 39 0.23
1 40 9.69
1 41 7.47
1 42 2.24
1 43 3.25
1 44 7.96
1 45 9.60
1 46 7.67
1 47 9.36
1 48 2.02
1 49 6.75
1 50 9.08
1 51 3.05
1 52 1.12
1 53 3.37
1 54 7.66
1 55 1.43
1 56 5.64
1 57 3.86
1 58 4.74
1 59 3.65
1 60 4.02
1 61 5.62
1 62 4.25
1 63 4.77
1 64 4.84
1 65 5.61
1 66 3.56
1 67 9.96
1 68 2.87
1 69 1.94
1 70 3.73
1 71 8.33
1 72 0.77
1 73 2.98
1 74 4.52
1 75 6.83
1 76 7.33
1 77 3.30
1 78 8.46
1 79 9.50
1 80 8.77
1 81 9.75
1 82 1.26
1 83 3.30
1 84 5.01
1 85 7.11
1 86 1.32
1 87 7.67
1 88 7.04
1 89 7.58
1 90 7.91
1 91 8.38
1 92 5.86
1 93 5.23
1 94 3.34
1 95 0.02
1 96 1.99
1 97 9.10
1 98 9.13
1 99 9.55
2 3 1.64
2 4 1.15
2 5 0.94
2 6 9.40
2 7 5.64
2 8 9.23
2 9 9.09
2 10 7.36
2 11 7.18
2 12 5.72
2 13 1.49
2 14 5.11
2 15 4.90
2 16 8.15
2 17 9.74
2 18 9.65
2 19 3.80
2 20 3.32
2 21 2.58
2 22 5.39
2 23 0.29
2 24 2.42
2 25 6.60
2 26 7.85
2 27 6.61
2 28 7.08
2 29 9.37
2 30 3.45
2 31 5.95
2 32 6.26
2 33 3.32
2 34 1.17
2 35 9.22
2 36 3.32
2 37 5.65
2 38 1.19
2 39 9.88
2 40 7.25
2 41 9.70
2 42 5.31
2 43 9.57
2 44 9.53
2 45 4.19
2 46 3.01
2 47 6.81
2 48 5.68
2 49 6.94
2 50 5.41
2 51 1.81
2 52 3.05
2 53 6.40
2 54 0.42
2 55 4.31
2 56 0.91
2 57 6.95
2 58 7.72
2 59 1.78
2 60 5.67
2 61 9.91
2 62 1.88
2 63 0.76
2 64 2.68
2 65 6.27
2 66 9.69
2 67 9.78
2 68 7.26
2 69 4.53
2 70 3.10
2 71 2.23
2 72 8.44
2 73 7.42
2 74 4.43
2 75 6.59
2 76 0.15
2 77 3.45
2 78 7.18
2 79 1.59
2 80 9.25
2 81 1.64
2 82 1.79
2 83 2.33
2 84 1.53
2 85 7.88
2 86 8.48
2 87 8.98
2 88 9.01
2 89 5.13
2 90 2.02
2 91 9.97
2 92 7.35
2 93 3.98
2 94 1.93
2 95 7.32
2 96 9.33
2 97 9.02
2 98 6.44
2 99 2.13
3 4 5.03
3 5 9.03
3 6 9.01
3 7 1.05
3 8 9.83
3 9 8.23
3 10 0.77
3 11 7.43
3 12 8.92
3 13 5.82
3 14 0.19
3 15 6.02
3 16 9.53
3 17 8.80
3 18 8.54
3 19 4.28
3 20 7.14
3 21 2.93
3 22 9.86
3 23 7.77
3 24 6.50
3 25 3.77
3 26 2.31
3 27 9.29
3 28 1.06
3 29 1.32
3 30 4.56
3 31 9.78
3 32 2.77
3 33 4.03
3 34 8.99
3 35 7.33
3 36 4.26
3 37 1.24
3 38 0.55
3 39 5.68
3 40 5.56
3 41 7.28
3 42 2.80
3 43 9.83
3 44 9.86
3 45 6.94
3 46 7.20
3 47 4.66
3 48 1.18
3 49 4.01
3 50 5.48
3 51 2.16
3 52 6.61
3 53 8.97
3 54 1.54
3 55 3.72
3 56 8.83
3 57 6.46
3 58 1.28
3 59 9.86
3 60 2.69
3 61 4.92
3 62 2.48
3 63 7.91
3 64 8.09
3 65 0.52
3 66 4.31
3 67 7.70
3 68 4.75
3 69 6.68
3 70 6.89
3 71 4.13
3 72 3.88
3 73 9.93
3 74 1.73
3 75 2.02
3 76 5.31
3 77 2.75
3 78 4.68
3 79 8.68
3 80 7.69
3 81 4.39
3 82 2.55
3 83 9.09
3 84 2.46
3 85 8.44
3 86 0.62
3 87 5.33
3 88 4.01
3 89 9.53
3 90 8.83
3 91 6.01
3 92 7.39
3 93 7.30
3 94 8.18
3 95 4.33
3 96 9.60
3 97 8.22
3 98 8.15
3 99 1.76
4 5 2.22
4 6 5.76
4 7 7.96
4 8 2.68
4 9 2.18
4 10 3.26
4 11 2.43
4 12 1.87
4 13 4.86
4 14 3.04
4 15 5.03
4 16 2.24
4 17 2.05
4 18 9.59
4 19 9.39
4 20 6.84
4 21 6.70
4 22 4.06
4 23 6.51
4 24 3.93
4 25 4.58
4 26 2.37
4 27 3.44
4 28 4.07
4 29 7.80
4 30 3.31
4 31 0.94
4 32 0.53
4 33 9.12
4 34 6.45
4 35 9.82
4 36 9.78
4 37 4.03
4 38 1.66
4 39 8.73
4 40 1.05
4 41 8.15
4 42 8.53
4 43 5.26
4 44 7.40
4 45 8.85
4 46 1.59
4 47 7.47
4 48 9.90
4 49 3.22
4 50 2.50
4 51 1.55
4 52 2.43
4 53 6.40
4 54 5.01
4 55 5.18
4 56 9.67
4 57 4.97
4 58 7.87
4 59 2.04
4 60 0.27
4 61 9.34
4 62 7.46
4 63 7.74
4 64 6.55
4 65 8.77
4 66 0.04
4 67 2.11
4 68 3.56
4 69 4.16
4 70 2.56
4 71 2.36
4 72 6.23
4 73 0.96
4 74 3.78
4 75 7.83
4 76 9.97
4 77 4.65
4 78 6.10
4 79 8.13
4 80 5.68
4 81 2.42
4 82 0.96
4 83 8.84
4 84 7.40
4 85 5.49
4 86 9.15
4 87 7.46
4 88 4.93
4 89 6.10
4 90 2.26
4 91 2.15
4 92 0.29
4 93 8.27
4 94 5.03
4 95 3.88
4 96 4.20
4 97 4.32
4 98 7.24
4 99 2.94
5 6 4.09
5 7 6.30
5 8 3.97
5 9 5.37
5 10 5.89
5 11 2.98
5 12 2.88
5 13 9.07
5 14 1.70
5 15 2.92
5 16 2.55
5 17 0.90
5 18 3.86
5 19 2.39
5 20 3.57
5 21 9.06
5 22 0.29
5 23 6.33
5 24 6.01
5 25 7.75
5 26 2.95
5 27 2.84
5 28 6.98
5 29 5.51
5 30 7.32
5 31 8.84
5 32 0.01
5 33 4.92
5 34 8.55
5 35 1.04
5 36 4.30
5 37 3.73
5 38 0.64
5 39 1.49
5 40 6.26
5 41 5.44
5 42 6.17
5 43 9.05
5 44 1.72
5 45 7.29
5 46 8.06
5 47 2.65
5 48 4.00
5 49 7.94
5 50 7.14
5 51 8.45
5 52 2.35
5 53 6.84
5 54 3.09
5 55 4.97
5 56 9.57
5 57 5.63
5 58 8.59
5 59 2.85
5 60 3.58
5 61 9.02
5 62 8.75
5 63 0.15
5 64 5.02
5 65 2.66
5 66 8.57
5 67 0.72
5 68 1.59
5 69 7.04
5 70 3.85
5 71 1.32
5 72 6.73
5 73 0.79
5 74 8.02
5 75 3.66
5 76 0.76
5 77 1.69
5 78 8.13
5 79 9.59
5 80 6.18
5 81 9.27
5 82 5.05
5 83 7.02
5 84 7.20
5 85 8.84
5 86 1.63
5 87 0.97
5 88 3.53
5 89 7.84
5 90 3.95
5 91 0.02
5 92 7.17
5 93 6.33
5 94 1.44
5 95 2.34
5 96 2.62
5 97 2.89
5 98 6.56
5 99 9.40
6 7 1.48
6 8 8.01
6 9 0.19
6 10 4.07
6 11 1.07
6 12 5.58
6 13 2.96
6 14 3.18
6 15 5.87
6 16 6.80
6 17 4.17
6 18 3.73
6 19 2.92
6 20 0.03
6 21 2.20
6 22 7.97
6 23 8.92
6 24 4.25
6 25 2.16
6 26 0.09
6 27 7.41
6 28 4.92
6 29 0.03
6 30 8.92
6 31 2.46
6 32 4.15
6 33 8.59
6 34 2.86
6 35 2.01
6 36 8.79
6 37 4.12
6 38 0.00
6 39 7.73
6 40 8.65
6 41 3.80
6 42 5.92
6 43 5.80
6 44 7.22
6 45 2.48
6 46 0.08
6 47 7.98
6 48 7.07
6 49 9.94
6 50 6.25
6 51 7.02
6 52 9.76
6 53 6.58
6 54 5.99
6 55 3.73
6 56 4.82
6 57 8.48
6 58 0.41
6 59 0.77
6 60 0.14
6 61 2.42
6 62 0.15
6 63 4.94
6 64 9.07
6 65 3.33
6 66 5.16
6 67 1.79
6 68 6.23
6 69 8.47
6 70 3.01
6 71 3.21
6 72 6.89
6 73 1.25
6 74 1.26
6 75 4.83
6 76 0.71
6 77 1.89
6 78 0.86
6 79 3.26
6 80 9.21
6 81 0.36
6 82 5.48
6 83 3.58
6 84 0.24
6 85 3.27
6 86 3.05
6 87 2.70
6 88 1.07
6 89 1.26
6 90 5.52
6 91 7.52
6 92 7.47
6 93 9.75
6 94 0.97
6 95 0.68
6 96 1.07
6 97 0.90
6 98 4.38
6 99 6.44
7 8 5.39
7 9 7.25
7 10 7.17
7 11 3.93
7 12 5.69
7 13 8.93
7 14 8.02
7 15 2.27
7 16 5.88
7 17 0.22
7 18 7.28
7 19 1.85
7 20 1.35
7 21 6.63
7 22 0.35
7 23 5.38
7 24 3.08
7 25 7.85
7 26 9.73
7 27 7.87
7 28 6.53
7 29 8.40
7 30 8.48
7 31 4.22
7 32 6.24
7 33 7.01
7 34 3.71
7 35 8.11
7 36 3.90
7 37 1.35
7 38 1.84
7 39 4.67
7 40 7.94
7 41 1.12
7 42 2.99
7 43 1.36
7 44 2.53
7 45 2.96
7 46 5.79
7 47 3.77
7 48 7.72
7 49 1.14
7 50 9.49
7 51 0.33
7 52 1.34
7 53 9.14
7 54 4.39
7 55 0.33
7 56 3.10
7 57 7.38
7 58 0.38
7 59 7.43
7 60 6.48
7 61 3.83
7 62 4.19
7 63 4.39
7 64 5.88
7 65 3.61
7 66 8.17
7 67 9.48
7 68 6.14
7 69 2.11
7 70 7.49
7 71 6.79
7 72 3.06
7 73 9.09
7 74 0.14
7 75 6.23
7 76 8.56
7 77 1.56
7 78 2.69
7 79 9.25
7 80 2.20
7 81 7.40
7 82 4.96
7 83 6.80
7 84 6.43
7 85 3.88
7 86 8.31
7 87 0.70
7 88 2.30
7 89 5.51
7 90 1.09
7 91 0.73
7 92 0.30
7 93 2.76
7 94 7.02
7 95 3.15
7 96 4.81
7 97 2.00
7 98 9.26
7 99 7.88
8 9 6.68
8 10 4.44
8 11 3.56
8 12 7.06
8 13 7.33
8 14 0.92
8 15 2.93
8 16 1.32
8 17 2.51
8 18 1.45
8 19 6.90
8 20 0.36
8 21 4.75
8 22 6.31
8 23 4.87
8 24 7.04
8 25 4.03
8 26 8.57
8 27 1.74
8 28 3.88
8 29 3.16
8 30 8.18
8 31 9.53
8 32 6.68
8 33 0.32
8 34 1.71
8 35 5.89
8 36 7.56
8 37 6.05
8 38 7.39
8 39 9.93
8 40 5.74
8 41 7.12
8 42 7.13
8 43 0.29
8 44 8.91
8 45 4.88
8 46 2.05
8 47 5.92
8 48 7.56
8 49 5.35
8 50 4.71
8 51 0.96
8 52 3.41
8 53 3.07
8 54 9.04
8 55 1.00
8 56 5.64
8 57 2.53
8 58 7.31
8 59 2.68
8 60 8.36
8 61 8.39
8 62 3.38
8 63 8.08
8 64 6.80
8 65 6.36
8 66 6.08
8 67 1.78
8 68 6.98
8 69 1.07
8 70 6.10
8 71 7.94
8 72 4.39
8 73 5.63
8 74 0.14
8 75 8.23
8 76 1.32
8 77 2.61
8 78 9.36
8 79 3.68
8 80 9.94
8 81 9.20
8 82 8.61
8 83 6.63
8 84 1.24
8 85 8.13
8 86 3.37
8 87 9.25
8 88 9.24
8 89 3.02
8 90 8.94
8 91 8.83
8 92 4.83
8 93 3.84
8 94 1.78
8 95 9.55
8 96 5.47
8 97 6.60
8 98 4.58
8 99 6.88
9 10 4.74
9 11 9.63
9 12 0.19
9 13 3.82
9 14 7.93
9 15 9.82
9 16 3.75
9 17 9.10
9 18 1.39
9 19 4.08
9 20 9.66
9 21 3.95
9 22 7.39
9 23 8.26
9 24 6.37
9 25 0.73
9 26 3.39
9 27 7.57
9 28 5.79
9 29 8.44
9 30 0.83
9 31 6.35
9 32 8.07
9 33 0.02
9 34 0.69
9 35 5.36
9 36 6.27
9 37 7.87
9 38 4.63
9 39 8.21
9 40 6.09
9 41 8.58
9 42 8.01
9 43 4.47
9 44 0.07
9 45 9.67
9 46 4.24
9 47 6.86
9 48 4.71
9 49 3.80
9 50 3.62
9 51 5.44
9 52 7.78
9 53 6.66
9 54 1.32
9 55 7.42
9 56 9.24
9 57 1.60
9 58 2.11
9 59 3.82
9 60 0.01
9 61 4.05
9 62 3.61
9 63 5.32
9 64 0.93
9 65 0.66
9 66 7.15
9 67 4.58
9 68 9.13
9 69 2.93
9 70 0.14
9 71 8.13
9 72 4.43
9 73 5.43
9 74 4.06
9 75 2.98
9 76 3.68
9 77 1.94
9 78 0.71
9 79 4.66
9 80 8.63
9 81 4.60
9 82 1.70
9 83 5.99
9 84 1.79
9 85 5.96
9 86 4.00
9 87 5.10
9 88 0.38
9 89 5.12
9 90 0.73
9 91 7.76
9 92 1.44
9 93 9.01
9 94 5.22
9 95 6.85
9 96 3.11
9 97 7.13
9 98 9.84
9 99 1.17
10 11 0.19
10 12 9.46
10 13 2.96
10 14 8.91
10 15 2.74
10 16 2.17
10 17 6.95
10 18 7.94
10 19 2.48
10 20 8.52
10 21 0.32
10 22 1.17
10 23 3.83
10 24 0.72
10 25 3.33
10 26 0.35
10 27 5.10
10 28 0.16
10 29 1.19
10 30 8.41
10 31 6.26
10 32 4.24
10 33 4.83
10 34 9.46
10 35 5.66
10 36 0.86
10 37 7.62
10 38 9.16
10 39 8.47
10 40 7.60
10 41 5.94
10 42 2.93
10 43 0.81
10 44 7.01
10 45 8.68
10 46 8.87
10 47 4.23
10 48 9.62
10 49 3.07
10 50 8.68
10 51 9.21
10 52 9.46
10 53 6.21
10 54 0.83
10 55 6.18
10 56 1.74
10 57 0.51
10 58 4.54
10 59 2.73
10 60 6.29
10 61 7.74
10 62 5.36
10 63 4.09
10 64 7.12
10 65 8.78
10 66 2.41
10 67 9.47
10 68 3.91
10 69 5.76
10 70 2.97
10 71 1.52
10 72 8.35
10 73 3.29
10 74 5.79
10 75 5.18
10 76 8.25
10 77 2.50
10 78 2.57
10 79 1.26
10 80 3.24
10 81 3.10
10 82 9.29
10 83 8.28
10 84 5.55
10 85 3.74
10 86 5.31
10 87 8.69
10 88 6.05
10 89 6.36
10 90 6.64
10 91 4.85
10 92 9.91
10 93 0.48
10 94 1.70
10 95 9.24
10 96 0.53
10 97 8.85
10 98 8.70
10 99 9.14
11 12 9.39
11 13 3.52
11 14 7.94
11 15 1.88
11 16 9.43
11 17 2.30
11 18 1.20
11 19 3.19
11 20 6.12
11 21 1.90
11 22 8.68
11 23 1.46
11 24 6.09
11 25 1.80
11 26 8.90
11 27 9.89
11 28 5.42
11 29 7.79
11 30 9.15
11 31 2.85
11 32 0.78
11 33 5.79
11 34 7.45
11 35 7.38
11 36 5.20
11 37 8.48
11 38 2.55
11 39 9.05
11 40 3.01
11 41 3.93
11 42 2.73
11 43 8.49
11 44 4.83
11 45 9.80
11 46 8.39
11 47 5.21
11 48 2.54
11 49 1.48
11 50 4.92
11 51 3.38
11 52 9.11
11 53 5.13
11 54 5.11
11 55 7.86
11 56 6.48
11 57 4.31
11 58 7.43
11 59 6.84
11 60 2.87
11 61 0.99
11 62 5.90
11 63 9.64
11 64 4.16
11 65 3.21
11 66 5.18
11 67 7.38
11 68 9.69
11 69 3.14
11 70 1.21
11 71 4.04
11 72 6.44
11 73 6.09
11 74 8.77
11 75 6.80
11 76 2.86
11 77 8.37
11 78 2.23
11 79 5.88
11 80 9.78
11 81 9.75
11 82 3.76
11 83 2.70
11 84 9.87
11 85 4.76
11 86 0.12
11 87 2.14
11 88 2.98
11 89 0.01
11 90 8.30
11 91 7.45
11 92 6.49
11 93 2.67
11 94 3.39
11 95 5.44
11 96 5.53
11 97 5.01
11 98 7.04
11 99 0.48
12 13 9.56
12 14 8.81
12 15 8.19
12 16 5.46
12 17 9.08
12 18 5.88
12 19 9.07
12 20 2.42
12 21 7.39
12 22 1.81
12 23 7.56
12 24 2.00
12 25 7.15
12 26 8.56
12 27 3.09
12 28 8.17
12 29 5.18
12 30 0.88
12 31 7.30
12 32 2.72
12 33 8.71
12 34 5.58
12 35 8.62
12 36 7.90
12 37 5.60
12 38 6.55
12 39 3.77
12 40 9.80
12 41 9.04
12 42 3.02
12 43 1.35
12 44 6.94
12 45 3.69
12 46 4.87
12 47 8.88
12 48 1.16
12 49 2.74
12 50 1.33
12 51 2.65
12 52 6.77
12 53 7.55
12 54 0.30
12 55 1.82
12 56 1.34
12 57 4.62
12 58 6.29
12 59 9.17
12 60 6.68
12 61 5.44
12 62 1.60
12 63 3.09
12 64 2.36
12 65 9.33
12 66 0.99
12 67 8.90
12 68 5.64
12 69 7.86
12 70 3.73
12 71 4.32
12 72 8.51
12 73 4.29
12 74 3.09
12 75 4.72
12 76 0.04
12 77 4.83
12 78 6.92
12 79 3.83
12 80 3.35
12 81 8.38
12 82 3.46
12 83 7.36
12 84 2.28
12 85 7.54
12 86 5.57
12 87 0.41
12 88 3.95
12 89 5.89
12 90 7.51
12 91 5.70
12 92 9.84
12 93 5.67
12 94 8.98
12 95 4.10
12 96 0.76
12 97 9.71
12 98 0.05
12 99 8.96
13 14 1.41
13 15 0.94
13 16 9.47
13 17 8.09
13 18 5.24
13 19 9.06
13 20 3.38
13 21 8.00
13 22 9.13
13 23 7.63
13 24 4.64
13 25 6.85
13 26 4.62
13 27 7.79
13 28 1.33
13 29 7.35
13 30 4.76
13 31 9.42
13 32 9.75
13 33 9.27
13 34 4.03
13 35 6.25
13 36 0.90
13 37 0.60
13 38 4.13
13 39 7.21
13 40 0.23
13 41 3.42
13 42 1.75
13 43 4.05
13 44 6.86
13 45 4.75
13 46 3.49
13 47 2.21
13 48 1.36
13 49 0.63
13 50 5.13
13 51 2.72
13 52 0.52
13 53 6.12
13 54 8.56
13 55 5.33
13 56 3.00
13 57 9.05
13 58 3.54
13 59 0.82
13 60 9.59
13 61 8.86
13 62 9.42
13 63 2.70
13 64 0.29
13 65 1.25
13 66 5.79
13 67 5.43
13 68 3.13
13 69 2.29
13 70 1.64
13 71 0.34
13 72 5.59
13 73 3.95
13 74 7.23
13 75 8.77
13 76 6.35
13 77 0.64
13 78 7.04
13 79 2.80
13 80 9.97
13 81 5.08
13 82 8.91
13 83 8.60
13 84 4.57
13 85 4.74
13 86 5.60
13 87 7.96
13 88 2.03
13 89 9.95
13 90 2.17
13 91 1.89
13 92 6.13
13 93 5.12
13 94 3.81
13 95 1.53
13 96 2.42
13 97 3.19
13 98 5.68
13 99 9.74
14 15 1.12
14 16 8.01
14 17 0.35
14 18 5.65
14 19 8.02
14 20 8.92
14 21 9.92
14 22 9.36
14 23 9.99
14 24 3.15
14 25 6.21
14 26 8.03
14 27 7.74
14 28 6.10
14 29 8.65
14 30 2.76
14 31 4.61
14 32 1.72
14 33 6.57
14 34 8.45
14 35 1.35
14 36 4.91
14 37 8.93
14 38 9.23
14 39 6.44
14 40 4.93
14 41 1.66
14 42 4.12
14 43 6.34
14 44 9.83
14 45 2.02
14 46 3.21
14 47 0.75
14 48 6.52
14 49 8.13
14 50 1.44
14 51 2.20
14 52 7.75
14 53 1.57
14 54 8.49
14 55 9.99
14 56 0.50
14 57 6.21
14 58 3.29
14 59 0.23
14 60 0.04
14 61 5.56
14 62 3.70
14 63 3.14
14 64 7.19
14 65 6.59
14 66 5.26
14 67 5.66
14 68 6.61
14 69 2.11
14 70 5.84
14 71 5.72
14 72 3.10
14 73 3.94
14 74 5.84
14 75 9.34
14 76 9.60
14 77 6.67
14 78 9.76
14 79 1.81
14 80 1.51
14 81 3.10
14 82 2.65
14 83 2.37
14 84 6.43
14 85 1.49
14 86 8.77
14 87 6.34
14 88 9.85
14 89 5.66
14 90 8.25
14 91 6.34
14 92 6.71
14 93 9.12
14 94 7.59
14 95 1.13
14 96 3.66
14 97 5.49
14 98 1.51
14 99 4.20
15 16 9.23
15 17 7.98
15 18 0.01
15 19 2.65
15 20 9.58
15 21 5.05
15 22 3.44
15 23 6.59
15 24 4.38
15 25 6.01
15 26 3.85
15 27 0.46
15 28 8.51
15 29 7.27
15 30 9.16
15 31 2.66
15 32 0.24
15 33 0.47
15 34 3.57
15 35 9.12
15 36 4.62
15 37 9.41
15 38 3.78
15 39 6.16
15 40 7.04
15 41 1.16
15 42 4.66
15 43 3.18
15 44 0.51
15 45 5.80
15 46 5.37
15 47 5.64
15 48 4.46
15 49 5.36
15 50 5.51
15 51 8.05
15 52 2.06
15 53 3.57
15 54 6.47
15 55 2.08
15 56 9.39
15 57 2.59
15 58 3.22
15 59 9.01
15 60 9.96
15 61 6.78
15 62 0.36
15 63 9.63
15 64 1.39
15 65 4.87
15 66 0.33
15 67 9.18
15 68 0.94
15 69 6.66
15 70 3.70
15 71 9.88
15 72 8.07
15 73 7.12
15 74 9.04
15 75 3.77
15 76 6.31
15 77 2.24
15 78 7.66
15 79 8.30
15 80 3.36
15 81 8.98
15 82 1.87
15 83 6.53
15 84 6.23
15 85 0.17
15 86 9.92
15 87 1.25
15 88 0.64
15 89 8.76
15 90 5.60
15 91 4.94
15 92 6.54
15 93 6.04
15 94 3.30
15 95 9.57
15 96 3.91
15 97 6.76
15 98 7.12
15 99 0.92
16 17 3.51
16 18 5.30
16 19 3.72
16 20 7.83
16 21 3.50
16 22 2.74
16 23 9.25
16 24 3.38
16 25 9.78
16 26 1.47
16 27 3.22
16 28 9.14
16 29 9.29
16 30 3.32
16 31 3.63
16 32 4.05
16 33 3.81
16 34 6.66
16 35 6.84
16 36 4.75
16 37 8.50
16 38 2.50
16 39 5.78
16 40 6.35
16 41 3.57
16 42 3.73
16 43 8.08
16 44 9.55
16 45 1.98
16 46 3.59
16 47 8.79
16 48 1.55
16 49 4.31
16 50 8.60
16 51 1.79
16 52 4.58
16 53 4.15
16 54 4.63
16 55 5.86
16 56 4.18
16 57 5.21
16 58 1.86
16 59 1.75
16 60 2.08
16 61 5.88
16 62 9.27
16 63 6.28
16 64 3.38
16 65 5.49
16 66 4.88
16 67 7.76
16 68 4.93
16 69 3.87
16 70 8.32
16 71 7.95
16 72 0.92
16 73 1.36
16 74 8.89
16 75 0.99
16 76 8.72
16 77 0.98
16 78 6.91
16 79 2.94
16 80 9.51
16 81 0.16
16 82 0.54
16 83 2.68
16 84 2.57
16 85 7.80
16 86 3.41
16 87 7.46
16 88 1.43
16 89 7.37
16 90 6.67
16 91 9.52
16 92 9.17
16 93 0.51
16 94 2.15
16 95 3.51
16 96 2.53
16 97 3.16
16 98 6.25
16 99 3.66
17 18 3.04
17 19 8.81
17 20 6.16
17 21 5.60
17 22 6.43
17 23 8.46
17 24 6.94
17 25 5.25
17 26 5.61
17 27 7.26
17 28 0.17
17 29 0.27
17 30 9.41
17 31 6.68
17 32 4.97
17 33 3.29
17 34 3.93
17 35 7.45
17 36 4.21
17 37 2.41
17 38 1.09
17 39 2.79
17 40 4.63
17 41 8.06
17 42 7.67
17 43 6.24
17 44 1.14
17 45 7.61
17 46 4.96
17 47 0.53
17 48 4.75
17 49 2.77
17 50 7.50
17 51 9.27
17 52 9.84
17 53 8.50
17 54 5.78
17 55 0.46
17 56 9.82
17 57 3.47
17 58 2.40
17 59 3.83
17 60 5.40
17 61 4.92
17 62 4.88
17 63 8.35
17 64 0.81
17 65 0.14
17 66 4.72
17 67 3.91
17 68 7.17
17 69 6.86
17 70 4.85
17 71 9.19
17 72 6.48
17 73 8.01
17 74 4.37
17 75 5.84
17 76 1.25
17 77 8.60
17 78 3.32
17 79 2.64
17 80 6.22
17 81 9.88
17 82 9.68
17 83 5.11
17 84 2.94
17 85 1.80
17 86 9.05
17 87 0.06
17 88 3.75
17 89 6.05
17 90 4.11
17 91 0.47
17 92 1.35
17 93 2.19
17 94 9.19
17 95 0.44
17 96 6.02
17 97 1.97
17 98 6.99
17 99 0.73
18 19 9.87
18 20 2.34
18 21 1.00
18 22 7.47
18 23 0.64
18 24 8.95
18 25 7.14
18 26 4.37
18 27 9.50
18 28 2.85
18 29 0.08
18 30 2.47
18 31 0.73
18 32 1.34
18 33 7.49
18 34 8.05
18 35 1.68
18 36 6.25
18 37 9.91
18 38 5.21
18 39 5.79
18 40 2.80
18 41 9.86
18 42 1.15
18 43 4.81
18 44 6.53
18 45 5.63
18 46 9.70
18 47 7.51
18 48 7.22
18 49 0.75
18 50 6.46
18 51 6.18
18 52 8.61
18 53 8.76
18 54 3.26
18 55 4.40
18 56 4.19
18 57 4.58
18 58 8.54
18 59 4.82
18 60 4.10
18 61 6.25
18 62 6.70
18 63 5.39
18 64 9.66
18 65 4.23
18 66 2.33
18 67 8.21
18 68 1.50
18 69 9.38
18 70 1.97
18 71 2.10
18 72 9.51
18 73 8.76
18 74 4.40
18 75 5.09
18 76 8.81
18 77 3.82
18 78 2.88
18 79 5.36
18 80 0.82
18 81 8.11
18 82 5.83
18 83 1.76
18 84 4.44
18 85 1.43
18 86 5.62
18 87 0.75
18 88 2.96
18 89 3.57
18 90 2.58
18 91 5.59
18 92 2.51
18 93 2.78
18 94 2.82
18 95 5.49
18 96 2.35
18 97 1.52
18 98 6.16
18 99 8.01
19 20 2.11
19 21 7.65
19 22 4.15
19 23 0.49
19 24 8.35
19 25 0.40
19 26 9.35
19 27 4.37
19 28 7.53
19 29 6.84
19 30 0.97
19 31 2.36
19 32 8.58
19 33 9.31
19 34 8.39
19 35 9.86
19 36 3.40
19 37 4.45
19 38 1.94
19 39 7.48
19 40 0.28
19 41 0.71
19 42 7.96
19 43 6.24
19 44 1.61
19 45 8.56
19 46 3.27
19 47 0.26
19 48 0.33
19 49 4.80
19 50 4.50
19 51 3.02
19 52 2.04
19 53 2.01
19 54 5.69
19 55 6.85
19 56 4.79
19 57 4.64
19 58 0.65
19 59 1.40
19 60 6.22
19 61 6.81
19 62 1.85
19 63 3.47
19 64 4.74
19 65 3.60
19 66 7.54
19 67 4.49
19 68 8.34
19 69 0.67
19 70 7.74
19 71 2.05
19 72 6.91
19 73 5.80
19 74 3.34
19 75 9.77
19 76 2.29
19 77 0.38
19 78 1.47
19 79 2.29
19 80 8.33
19 81 0.78
19 82 4.37
19 83 4.87
19 84 1.06
19 85 7.71
19 86 4.47
19 87 4.65
19 88 5.10
19 89 9.20
19 90 2.65
19 91 7.56
19 92 4.74
19 93 2.20
19 94 8.72
19 95 4.20
19 96 6.07
19 97 1.41
19 98 9.64
19 99 5.97
20 21 7.51
20 22 3.86
20 23 9.27
20 24 4.08
20 25 5.79
20 26 6.56
20 27 3.96
20 28 6.23
20 29 2.05
20 30 2.84
20 31 6.68
20 32 0.33
20 33 1.32
20 34 0.18
20 35 6.95
20 36 3.60
20 37 7.24
20 38 6.96
20 39 6.17
20 40 3.64
20 41 0.02
20 42 6.70
20 43 3.87
20 44 8.45
20 45 3.22
20 46 1.80
20 47 1.32
20 48 7.67
20 49 7.43
20 50 5.29
20 51 7.66
20 52 7.40
20 53 0.93
20 54 4.86
20 55 0.70
20 56 6.13
20 57 4.51
20 58 4.67
20 59 2.78
20 60 9.20
20 61 1.87
20 62 2.13
20 63 2.43
20 64 9.48
20 65 6.35
20 66 1.57
20 67 5.66
20 68 9.81
20 69 2.33
20 70 9.46
20 71 8.41
20 72 4.98
20 73 9.84
20 74 5.74
20 75 9.10
20 76 6.39
20 77 7.48
20 78 3.28
20 79 1.73
20 80 4.41
20 81 3.79
20 82 6.26
20 83 9.35
20 84 2.50
20 85 2.44
20 86 1.97
20 87 5.01
20 88 4.00
20 89 1.22
20 90 4.62
20 91 5.96
20 92 4.48
20 93 4.44
20 94 7.63
20 95 4.62
20 96 3.08
20 97 5.10
20 98 5.21
20 99 0.52
21 22 8.94
21 23 3.46
21 24 4.42
21 25 3.19
21 26 0.73
21 27 7.15
21 28 2.92
21 29 0.83
21 30 3.76
21 31 5.95
21 32 8.58
21 33 2.61
21 34 2.12
21 35 6.30
21 36 9.18
21 37 6.38
21 38 5.98
21 39 7.77
21 40 0.06
21 41 1.26
21 42 4.96
21 43 8.83
21 44 9.32
21 45 9.12
21 46 4.37
21 47 3.85
21 48 1.59
21 49 7.97
21 50 1.92
21 51 4.09
21 52 9.00
21 53 6.84
21 54 8.20
21 55 9.54
21 56 3.15
21 57 6.85
21 58 1.07
21 59 2.74
21 60 2.09
21 61 9.03
21 62 6.10
21 63 8.41
21 64 8.97
21 65 9.96
21 66 1.62
21 67 0.07
21 68 7.31
21 69 0.45
21 70 3.55
21 71 7.22
21 72 9.03
21 73 6.12
21 74 1.94
21 75 2.37
21 76 6.41
21 77 7.17
21 78 5.89
21 79 1.67
21 80 1.40
21 81 8.98
21 82 7.19
21 83 8.46
21 84 8.22
21 85 3.72
21 86 9.20
21 87 8.60
21 88 9.80
21 89 1.78
21 90 1.99
21 91 8.08
21 92 4.10
21 93 8.82
21 94 7.95
21 95 9.46
21 96 1.32
21 97 7.82
21 98 7.36
21 99 7.06
22 23 4.08
22 24 6.28
22 25 3.33
22 26 8.83
22 27 3.05
22 28 2.12
22 29 7.42
22 30 6.91
22 31 4.43
22 32 2.58
22 33 3.09
22 34 1.91
22 35 9.06
22 36 6.50
22 37 4.13
22 38 5.63
22 39 6.76
22 40 6.61
22 41 9.38
22 42 3.61
22 43 2.29
22 44 4.50
22 45 9.71
22 46 0.32
22 47 1.44
22 48 4.46
22 49 1.59
22 50 0.97
22 51 0.50
22 52 5.21
22 53 3.91
22 54 5.63
22 55 3.45
22 56 6.08
22 57 3.29
22 58 0.39
22 59 7.78
22 60 6.92
22 61 3.49
22 62 6.98
22 63 8.57
22 64 1.36
22 65 8.81
22 66 1.68
22 67 2.67
22 68 6.54
22 69 5.43
22 70 0.92
22 71 8.00
22 72 9.42
22 73 8.38
22 74 7.63
22 75 9.63
22 76 4.69
22 77 0.33
22 78 1.16
22 79 1.67
22 80 0.01
22 81 7.52
22 82 1.47
22 83 9.36
22 84 5.90
22 85 9.70
22 86 8.27
22 87 4.54
22 88 7.55
22 89 2.28
22 90 3.07
22 91 6.59
22 92 6.22
22 93 9.62
22 94 6.46
22 95 8.28
22 96 5.65
22 97 9.54
22 98 1.37
22 99 7.78
23 24 3.20
23 25 9.23
23 26 1.55
23 27 4.92
23 28 9.19
23 29 2.21
23 30 9.12
23 31 6.79
23 32 5.60
23 33 0.39
23 34 3.68
23 35 8.48
23 36 5.49
23 37 4.87
23 38 4.11
23 39 1.59
23 40 0.85
23 41 8.94
23 42 8.04
23 43 6.25
23 44 7.47
23 45 9.11
23 46 9.95
23 47 8.92
23 48 0.74
23 49 7.91
23 50 9.71
23 51 3.11
23 52 9.47
23 53 0.31
23 54 8.76
23 55 1.99
23 56 7.81
23 57 5.07
23 58 8.21
23 59 1.16
23 60 9.32
23 61 7.83
23 62 9.32
23 63 5.95
23 64 9.78
23 65 8.23
23 66 6.12
23 67 1.26
23 68 7.61
23 69 3.55
23 70 3.77
23 71 0.89
23 72 0.35
23 73 5.32
23 74 8.24
23 75 2.79
23 76 1.54
23 77 5.52
23 78 8.84
23 79 0.57
23 80 9.59
23 81 3.32
23 82 6.27
23 83 1.72
23 84 4.10
23 85 7.35
23 86 1.45
23 87 4.16
23 88 7.67
23 89 5.57
23 90 3.96
23 91 4.03
23 92 3.04
23 93 4.46
23 94 4.72
23 95 4.06
23 96 8.67
23 97 2.97
23 98 0.41
23 99 6.50
24 25 9.03
24 26 4.23
24 27 5.03
24 28 6.16
24 29 0.64
24 30 7.30
24 31 6.09
24 32 1.65
24 33 8.07
24 34 4.65
24 35 7.51
24 36 8.76
24 37 0.92
24 38 5.72
24 39 5.15
24 40 2.83
24 41 4.76
24 42 5.53
24 43 4.78
24 44 4.93
24 45 3.11
24 46 8.68
24 47 4.25
24 48 0.22
24 49 6.37
24 50 0.65
24 51 9.58
24 52 1.70
24 53 7.84
24 54 8.94
24 55 5.62
24 56 1.87
24 57 0.25
24 58 6.07
24 59 9.23
24 60 0.56
24 61 3.08
24 62 0.39
24 63 7.37
24 64 0.37
24 65 9.58
24 66 6.47
24 67 3.52
24 68 1.83
24 69 8.18
24 70 1.55
24 71 5.68
24 72 9.61
24 73 0.60
24 74 7.92
24 75 0.70
24 76 6.48
24 77 2.66
24 78 3.12
24 79 2.15
24 80 9.46
24 81 7.25
24 82 9.03
24 83 8.92
24 84 3.41
24 85 1.79
24 86 5.17
24 87 2.80
24 88 0.14
24 89 8.88
24 90 2.99
24 91 8.49
24 92 7.53
24 93 6.87
24 94 4.12
24 95 8.21
24 96 6.77
24 97 3.39
24 98 6.65
24 99 4.45
25 26 2.96
25 27 4.01
25 28 5.09
25 29 6.06
25 30 4.39
25 31 3.40
25 32 0.05
25 33 5.64
25 34 10.00
25 35 9.42
25 36 6.24
25 37 9.28
25 38 3.80
25 39 3.11
25 40 2.00
25 41 8.93
25 42 6.57
25 43 6.76
25 44 5.83
25 45 3.53
25 46 8.36
25 47 2.81
25 48 2.12
25 49 9.51
25 50 5.09
25 51 2.54
25 52 8.04
25 53 9.11
25 54 1.78
25 55 3.79
25 56 5.78
25 57 2.40
25 58 8.19
25 59 3.59
25 60 1.09
25 61 5.07
25 62 7.59
25 63 0.08
25 64 6.07
25 65 3.09
25 66 0.12
25 67 1.30
25 68 1.96
25 69 6.35
25 70 5.30
25 71 9.53
25 72 0.77
25 73 8.50
25 74 3.36
25 75 7.64
25 76 6.33
25 77 0.81
25 78 2.73
25 79 1.01
25 80 6.80
25 81 6.00
25 82 7.09
25 83 9.96
25 84 1.25
25 85 1.76
25 86 8.10
25 87 3.69
25 88 0.86
25 89 0.43
25 90 6.79
25 91 0.30
25 92 1.62
25 93 7.04
25 94 5.78
25 95 3.77
25 96 5.06
25 97 8.90
25 98 1.35
25 99 0.55
26 27 2.58
26 28 7.31
26 29 1.60
26 30 2.51
26 31 4.83
26 32 9.05
26 33 1.88
26 34 0.21
26 35 3.83
26 36 1.76
26 37 2.66
26 38 6.02
26 39 5.11
26 40 8.98
26 41 0.14
26 42 7.84
26 43 0.09
26 44 0.61
26 45 0.16
26 46 0.05
26 47 5.82
26 48 8.84
26 49 2.93
26 50 8.36
26 51 8.77
26 52 8.09
26 53 8.34
26 54 8.79
26 55 0.51
26 56 1.63
26 57 9.13
26 58 7.02
26 59 6.26
26 60 8.17
26 61 1.94
26 62 4.51
26 63 1.88
26 64 8.04
26 65 2.61
26 66 7.94
26 67 4.23
26 68 8.24
26 69 2.29
26 70 5.64
26 71 2.06
26 72 4.24
26 73 4.56
26 74 6.16
26 75 7.98
26 76 1.50
26 77 3.90
26 78 8.14
26 79 2.23
26 80 4.59
26 81 3.07
26 82 1.21
26 83 7.92
26 84 8.99
26 85 7.78
26 86 8.79
26 87 6.97
26 88 3.88
26 89 6.71
26 90 2.67
26 91 7.45
26 92 7.16
26 93 9.33
26 94 5.23
26 95 8.47
26 96 7.21
26 97 6.04
26 98 2.32
26 99 6.38
27 28 7.37
27 29 7.31
27 30 7.48
27 31 7.51
27 32 1.29
27 33 7.60
27 34 4.05
27 35 2.29
27 36 8.92
27 37 1.61
27 38 9.16
27 39 7.58
27 40 2.80
27 41 2.53
27 42 0.42
27 43 5.07
27 44 1.29
27 45 1.74
27 46 6.83
27 47 5.16
27 48 9.61
27 49 1.51
27 50 7.60
27 51 6.50
27 52 5.37
27 53 2.85
27 54 3.95
27 55 4.08
27 56 5.62
27 57 1.29
27 58 2.16
27 59 5.71
27 60 9.87
27 61 2.83
27 62 1.92
27 63 1.19
27 64 5.77
27 65 0.60
27 66 6.12
27 67 2.07
27 68 4.74
27 69 3.18
27 70 1.06
27 71 4.78
27 72 8.81
27 73 8.16
27 74 6.89
27 75 3.80
27 76 4.76
27 77 3.84
27 78 6.63
27 79 8.67
27 80 2.87
27 81 0.35
27 82 9.22
27 83 8.58
27 84 8.11
27 85 7.43
27 86 1.25
27 87 4.32
27 88 2.55
27 89 3.40
27 90 9.72
27 91 8.62
27 92 5.75
27 93 9.84
27 94 3.20
27 95 9.53
27 96 0.80
27 97 6.75
27 98 2.29
27 99 0.30
28 29 5.63
28 30 2.68
28 31 4.53
28 32 5.46
28 33 6.97
28 34 3.19
28 35 6.18
28 36 7.38
28 37 5.34
28 38 5.95
28 39 3.27
28 40 0.28
28 41 4.16
28 42 4.26
28 43 7.92
28 44 4.20
28 45 4.82
28 46 7.28
28 47 4.86
28 48 2.27
28 49 1.35
28 50 1.44
28 51 7.67
28 52 5.29
28 53 4.98
28 54 8.85
28 55 2.68
28 56 5.76
28 57 2.24
28 58 0.17
28 59 4.58
28 60 5.50
28 61 4.69
28 62 8.55
28 63 2.49
28 64 5.53
28 65 7.41
28 66 4.97
28 67 9.39
28 68 0.40
28 69 5.96
28 70 6.27
28 71 6.80
28 72 5.31
28 73 2.46
28 74 4.13
28 75 0.66
28 76 1.63
28 77 0.07
28 78 2.90
28 79 6.32
28 80 3.81
28 81 9.13
28 82 2.53
28 83 0.62
28 84 2.98
28 85 1.91
28 86 6.05
28 87 5.31
28 88 5.44
28 89 8.21
28 90 0.05
28 91 2.85
28 92 4.63
28 93 9.84
28 94 5.35
28 95 3.97
28 96 0.69
28 97 2.24
28 98 8.73
28 99 1.58
29 30 6.98
29 31 3.48
29 32 3.58
29 33 4.26
29 34 8.20
29 35 2.28
29 36 9.71
29 37 9.71
29 38 8.13
29 39 6.43
29 40 0.78
29 41 7.10
29 42 7.28
29 43 6.38
29 44 0.61
29 45 8.70
29 46 7.76
29 47 9.15
29 48 2.27
29 49 10.00
29 50 4.53
29 51 3.64
29 52 2.08
29 53 5.19
29 54 6.12
29 55 9.31
29 56 4.93
29 57 3.43
29 58 3.49
29 59 9.42
29 60 8.89
29 61 9.42
29 62 0.87
29 63 3.67
29 64 3.19
29 65 3.80
29 66 2.33
29 67 9.38
29 68 5.84
29 69 8.12
29 70 2.97
29 71 0.94
29 72 0.79
29 73 4.93
29 74 1.40
29 75 1.64
29 76 5.76
29 77 3.30
29 78 7.50
29 79 7.25
29 80 5.55
29 81 5.20
29 82 0.20
29 83 6.84
29 84 4.18
29 85 0.34
29 86 6.15
29 87 0.20
29 88 3.23
29 89 7.95
29 90 0.13
29 91 3.18
29 92 7.85
29 93 7.14
29 94 7.21
29 95 2.68
29 96 3.27
29 97 2.97
29 98 1.46
29 99 4.74
30 31 9.89
30 32 8.36
30 33 9.07
30 34 4.78
30 35 8.03
30 36 9.61
30 37 0.55
30 38 6.60
30 39 5.36
30 40 4.03
30 41 6.29
30 42 3.37
30 43 1.86
30 44 3.61
30 45 4.84
30 46 2.51
30 47 7.81
30 48 5.35
30 49 9.38
30 50 9.00
30 51 7.04
30 52 0.02
30 53 1.95
30 54 6.00
30 55 4.33
30 56 2.10
30 57 8.87
30 58 5.60
30 59 0.23
30 60 2.68
30 61 2.09
30 62 3.11
30 63 6.83
30 64 5.11
30 65 9.10
30 66 8.63
30 67 0.98
30 68 1.35
30 69 7.94
30 70 9.84
30 71 4.48
30 72 8.62
30 73 4.81
30 74 9.58
30 75 0.08
30 76 9.84
30 77 3.34
30 78 3.73
30 79 2.84
30 80 3.40
30 81 4.44
30 82 0.13
30 83 0.40
30 84 5.96
30 85 3.98
30 86 2.65
30 87 5.54
30 88 6.12
30 89 6.79
30 90 5.06
30 91 3.15
30 92 8.69
30 93 5.06
30 94 1.21
30 95 6.09
30 96 1.21
30 97 4.63
30 98 3.99
30 99 5.37
31 32 9.32
31 33 2.41
31 34 6.97
31 35 3.76
31 36 4.96
31 37 3.45
31 38 7.56
31 39 1.11
31 40 7.04
31 41 7.87
31 42 9.74
31 43 8.62
31 44 6.31
31 45 1.26
31 46 6.79
31 47 8.80
31 48 0.54
31 49 2.95
31 50 4.38
31 51 1.99
31 52 4.56
31 53 4.38
31 54 8.27
31 55 0.48
31 56 3.42
31 57 8.32
31 58 5.46
31 59 0.48
31 60 3.31
31 61 1.13
31 62 7.38
31 63 9.82
31 64 8.64
31 65 7.46
31 66 6.65
31 67 3.52
31 68 9.24
31 69 6.08
31 70 7.96
31 71 3.23
31 72 3.05
31 73 3.95
31 74 8.30
31 75 2.04
31 76 7.64
31 77 0.89
31 78 3.68
31 79 5.69
31 80 2.82
31 81 4.58
31 82 5.05
31 83 2.47
31 84 0.40
31 85 3.48
31 86 9.25
31 87 7.49
31 88 8.57
31 89 2.77
31 90 0.28
31 91 2.72
31 92 7.00
31 93 1.97
31 94 0.60
31 95 7.10
31 96 3.16
31 97 8.25
31 98 3.15
31 99 6.93
32 33 5.14
32 34 6.60
32 35 5.14
32 36 4.18
32 37 1.07
32 38 6.83
32 39 2.02
32 40 9.72
32 41 9.46
32 42 7.53
32 43 8.90
32 44 2.21
32 45 0.86
32 46 4.06
32 47 9.79
32 48 3.83
32 49 5.98
32 50 7.18
32 51 3.72
32 52 7.03
32 53 2.33
32 54 6.34
32 55 9.31
32 56 7.02
32 57 6.78
32 58 2.71
32 59 5.41
32 60 3.01
32 61 9.80
32 62 9.66
32 63 8.84
32 64 6.88
32 65 0.48
32 66 5.44
32 67 3.77
32 68 4.29
32 69 7.51
32 70 7.52
32 71 7.25
32 72 1.24
32 73 2.84
32 74 4.13
32 75 7.19
32 76 5.91
32 77 8.33
32 78 6.05
32 79 7.18
32 80 9.50
32 81 2.90
32 82 3.77
32 83 6.84
32 84 6.80
32 85 8.60
32 86 0.58
32 87 2.69
32 88 1.17
32 89 8.45
32 90 8.05
32 91 5.07
32 92 9.10
32 93 9.85
32 94 1.97
32 95 3.27
32 96 0.11
32 97 5.22
32 98 1.64
32 99 6.10
33 34 8.48
33 35 1.44
33 36 9.25
33 37 8.22
33 38 0.57
33 39 8.04
33 40 5.04
33 41 0.73
33 42 0.98
33 43 7.24
33 44 6.06
33 45 2.84
33 46 1.72
33 47 4.23
33 48 1.99
33 49 2.51
33 50 1.14
33 51 3.30
33 52 1.79
33 53 2.05
33 54 7.85
33 55 5.55
33 56 9.76
33 57 5.84
33 58 7.57
33 59 4.47
33 60 1.65
33 61 0.17
33 62 8.66
33 63 0.47
33 64 3.52
33 65 2.94
33 66 0.05
33 67 6.50
33 68 4.65
33 69 0.59
33 70 2.50
33 71 6.11
33 72 0.13
33 73 8.55
33 74 6.61
33 75 6.48
33 76 0.83
33 77 9.08
33 78 5.31
33 79 9.90
33 80 9.64
33 81 3.29
33 82 1.16
33 83 0.27
33 84 1.30
33 85 6.72
33 86 2.08
33 87 7.71
33 88 7.43
33 89 2.87
33 90 8.50
33 91 8.54
33 92 2.07
33 93 5.89
33 94 5.76
33 95 8.75
33 96 0.60
33 97 5.59
33 98 7.47
33 99 9.23
34 35 2.06
34 36 1.42
34 37 7.60
34 38 3.05
34 39 2.03
34 40 1.28
34 41 5.09
34 42 7.28
34 43 2.67
34 44 5.31
34 45 4.37
34 46 7.89
34 47 2.57
34 48 0.50
34 49 0.92
34 50 9.85
34 51 9.50
34 52 7.44
34 53 2.41
34 54 0.67
34 55 7.27
34 56 5.49
34 57 9.55
34 58 1.34
34 59 4.78
34 60 2.68
34 61 2.86
34 62 1.43
34 63 5.37
34 64 7.59
34 65 6.37
34 66 4.61
34 67 5.94
34 68 3.96
34 69 0.49
34 70 5.65
34 71 7.83
34 72 0.37
34 73 9.79
34 74 1.48
34 75 1.97
34 76 7.25
34 77 9.31
34 78 5.09
34 79 2.24
34 80 9.49
34 81 2.56
34 82 6.93
34 83 4.13
34 84 6.81
34 85 1.15
34 86 0.37
34 87 1.60
34 88 6.11
34 89 6.84
34 90 8.60
34 91 0.79
34 92 0.27
34 93 5.29
34 94 1.13
34 95 0.51
34 96 5.79
34 97 5.92
34 98 8.47
34 99 1.48
35 36 0.12
35 37 6.47
35 38 2.24
35 39 7.40
35 40 0.56
35 41 8.20
35 42 8.25
35 43 2.76
35 44 6.00
35 45 4.97
35 46 5.67
35 47 5.34
35 48 4.24
35 49 3.20
35 50 5.69
35 51 9.14
35 52 9.83
35 53 3.04
35 54 7.50
35 55 0.93
35 56 4.17
35 57 7.64
35 58 6.64
35 59 9.11
35 60 9.81
35 61 8.02
35 62 8.59
35 63 2.20
35 64 8.08
35 65 1.62
35 66 2.44
35 67 2.79
35 68 9.85
35 69 8.93
35 70 0.85
35 71 0.69
35 72 6.02
35 73 1.34
35 74 4.57
35 75 6.30
35 76 8.90
35 77 1.48
35 78 4.69
35 79 2.50
35 80 5.67
35 81 0.52
35 82 9.20
35 83 1.05
35 84 6.36
35 85 3.56
35 86 3.07
35 87 4.27
35 88 7.21
35 89 5.24
35 90 2.77
35 91 9.03
35 92 1.91
35 93 9.38
35 94 3.98
35 95 1.26
35 96 9.90
35 97 7.11
35 98 7.20
35 99 1.34
36 37 8.01
36 38 2.40
36 39 0.14
36 40 0.17
36 41 4.35
36 42 0.94
36 43 1.60
36 44 7.43
36 45 1.86
36 46 7.04
36 47 8.64
36 48 2.70
36 49 7.84
36 50 8.82
36 51 1.61
36 52 8.56
36 53 6.91
36 54 0.47
36 55 4.38
36 56 1.31
36 57 4.81
36 58 9.27
36 59 6.35
36 60 1.17
36 61 9.80
36 62 4.34
36 63 2.36
36 64 2.76
36 65 6.81
36 66 5.52
36 67 5.74
36 68 7.39
36 69 5.62
36 70 5.02
36 71 0.73
36 72 9.80
36 73 6.19
36 74 9.66
36 75 6.23
36 76 0.81
36 77 5.80
36 78 8.34
36 79 1.34
36 80 8.92
36 81 7.13
36 82 6.90
36 83 5.56
36 84 0.76
36 85 8.64
36 86 6.04
36 87 4.00
36 88 5.88
36 89 8.79
36 90 3.63
36 91 7.98
36 92 3.99
36 93 1.28
36 94 8.71
36 95 1.56
36 96 2.84
36 97 5.99
36 98 5.44
36 99 1.48
37 38 8.13
37 39 0.48
37 40 2.78
37 41 8.68
37 42 2.57
37 43 1.52
37 44 4.61
37 45 4.42
37 46 4.90
37 47 7.56
37 48 1.26
37 49 9.31
37 50 9.47
37 51 4.72
37 52 8.02
37 53 7.69
37 54 5.88
37 55 4.01
37 56 8.25
37 57 8.73
37 58 4.18
37 59 5.78
37 60 9.78
37 61 4.08
37 62 3.35
37 63 9.66
37 64 6.92
37 65 4.55
37 66 6.09
37 67 8.71
37 68 7.93
37 69 3.41
37 70 3.68
37 71 9.16
37 72 6.99
37 73 7.55
37 74 9.05
37 75 1.61
37 76 1.65
37 77 2.18
37 78 8.92
37 79 2.61
37 80 7.17
37 81 9.53
37 82 7.24
37 83 3.34
37 84 2.07
37 85 7.26
37 86 1.12
37 87 9.18
37 88 9.53
37 89 6.08
37 90 2.50
37 91 0.29
37 92 9.00
37 93 5.88
37 94 8.03
37 95 1.27
37 96 7.63
37 97 2.60
37 98 0.17
37 99 7.87
38 39 0.68
38 40 6.24
38 41 3.87
38 42 3.21
38 43 1.71
38 44 1.54
38 45 7.35
38 46 4.34
38 47 9.41
38 48 6.68
38 49 3.94
38 50 3.96
38 51 1.09
38 52 2.86
38 53 9.46
38 54 6.14
38 55 0.50
38 56 1.19
38 57 4.88
38 58 9.06
38 59 3.78
38 60 6.35
38 61 7.85
38 62 0.24
38 63 5.82
38 64 8.86
38 65 7.38
38 66 0.41
38 67 7.53
38 68 7.39
38 69 3.92
38 70 8.70
38 71 8.47
38 72 9.78
38 73 8.92
38 74 0.03
38 75 3.10
38 76 9.99
38 77 6.53
38 78 3.24
38 79 4.61
38 80 8.99
38 81 2.67
38 82 2.14
38 83 8.72
38 84 3.51
38 85 5.89
38 86 9.91
38 87 8.90
38 88 8.15
38 89 6.97
38 90 6.00
38 91 1.56
38 92 1.65
38 93 1.52
38 94 9.29
38 95 3.71
38 96 7.39
38 97 3.24
38 98 9.94
38 99 7.61
39 40 2.78
39 41 9.75
39 42 4.23
39 43 9.39
39 44 2.97
39 45 0.34
39 46 2.48
39 47 5.26
39 48 6.99
39 49 5.39
39 50 6.96
39 51 2.96
39 52 6.94
39 53 7.04
39 54 8.94
39 55 9.77
39 56 7.77
39 57 3.56
39 58 9.73
39 59 1.89
39 60 8.12
39 61 6.97
39 62 6.98
39 63 5.51
39 64 5.90
39 65 0.73
39 66 0.92
39 67 9.73
39 68 9.18
39 69 2.12
39 70 5.46
39 71 7.22
39 72 4.83
39 73 1.65
39 74 7.17
39 75 6.71
39 76 0.86
39 77 2.12
39 78 1.79
39 79 5.85
39 80 6.95
39 81 4.22
39 82 9.04
39 83 6.14
39 84 4.20
39 85 1.25
39 86 4.34
39 87 6.12
39 88 5.05
39 89 0.69
39 90 4.95
39 91 3.61
39 92 1.02
39 93 9.75
39 94 3.63
39 95 4.24
39 96 4.91
39 97 9.14
39 98 4.98
39 99 8.47
40 41 4.51
40 42 0.49
40 43 8.37
40 44 7.24
40 45 2.01
40 46 6.42
40 47 5.17
40 48 2.62
40 49 3.76
40 50 4.13
40 51 7.48
40 52 5.58
40 53 4.53
40 54 1.54
40 55 7.47
40 56 4.41
40 57 0.55
40 58 9.04
40 59 9.24
40 60 7.01
40 61 9.11
40 62 9.20
40 63 5.62
40 64 1.43
40 65 4.48
40 66 1.74
40 67 8.02
40 68 0.55
40 69 3.82
40 70 0.29
40 71 6.31
40 72 0.85
40 73 5.27
40 74 3.08
40 75 5.43
40 76 5.61
40 77 1.37
40 78 7.62
40 79 2.03
40 80 7.92
40 81 9.32
40 82 7.83
40 83 1.88
40 84 3.47
40 85 8.17
40 86 3.52
40 87 0.83
40 88 0.29
40 89 5.99
40 90 5.13
40 91 9.90
40 92 2.69
40 93 8.29
40 94 2.30
40 95 5.60
40 96 2.64
40 97 6.59
40 98 0.06
40 99 4.35
41 42 9.23
41 43 3.17
41 44 4.72
41 45 3.93
41 46 7.84
41 47 0.12
41 48 7.95
41 49 9.30
41 50 0.98
41 51 5.78
41 52 5.77
41 53 5.70
41 54 6.05
41 55 7.32
41 56 2.36
41 57 3.59
41 58 1.59
41 59 0.86
41 60 6.44
41 61 0.70
41 62 5.00
41 63 5.07
41 64 8.82
41 65 5.77
41 66 6.15
41 67 0.74
41 68 3.10
41 69 7.71
41 70 5.57
41 71 8.31
41 72 2.20
41 73 1.31
41 74 6.06
41 75 2.16
41 76 1.92
41 77 6.06
41 78 3.50
41 79 9.59
41 80 0.50
41 81 2.66
41 82 5.50
41 83 7.23
41 84 8.39
41 85 5.01
41 86 5.87
41 87 9.34
41 88 5.22
41 89 9.04
41 90 4.67
41 91 8.95
41 92 9.39
41 93 0.13
41 94 2.68
41 95 8.81
41 96 4.94
41 97 9.33
41 98 6.98
41 99 2.98
42 43 7.96
42 44 5.12
42 45 8.27
42 46 4.92
42 47 2.24
42 48 8.45
42 49 6.83
42 50 4.11
42 51 4.11
42 52 0.80
42 53 5.79
42 54 8.60
42 55 4.49
42 56 2.77
42 57 2.39
42 58 4.17
42 59 6.35
42 60 9.17
42 61 4.18
42 62 3.12
42 63 9.19
42 64 3.07
42 65 9.94
42 66 1.63
42 67 2.18
42 68 4.68
42 69 7.77
42 70 8.72
42 71 6.96
42 72 8.69
42 73 3.57
42 74 5.30
42 75 7.77
42 76 8.97
42 77 2.74
42 78 3.74
42 79 1.04
42 80 9.17
42 81 5.89
42 82 7.79
42 83 2.20
42 84 7.07
42 85 0.03
42 86 4.74
42 87 2.73
42 88 1.33
42 89 8.56
42 90 2.17
42 91 3.91
42 92 0.76
42 93 2.08
42 94 7.70
42 95 3.08
42 96 6.56
42 97 6.24
42 98 10.00
42 99 1.99
43 44 5.86
43 45 9.24
43 46 8.37
43 47 1.23
43 48 0.74
43 49 4.74
43 50 6.18
43 51 4.93
43 52 9.07
43 53 1.31
43 54 9.40
43 55 8.99
43 56 9.56
43 57 1.99
43 58 6.57
43 59 2.89
43 60 6.82
43 61 6.41
43 62 6.30
43 63 4.41
43 64 8.17
43 65 0.88
43 66 0.13
43 67 6.79
43 68 1.61
43 69 9.65
43 70 8.34
43 71 2.66
43 72 9.24
43 73 4.12
43 74 2.56
43 75 7.09
43 76 9.78
43 77 3.08
43 78 6.44
43 79 6.04
43 80 6.19
43 81 6.88
43 82 2.99
43 83 5.42
43 84 9.88
43 85 4.16
43 86 7.76
43 87 1.23
43 88 4.05
43 89 2.74
43 90 8.72
43 91 1.25
43 92 3.20
43 93 9.52
43 94 3.29
43 95 6.67
43 96 3.99
43 97 1.88
43 98 0.58
43 99 6.88
44 45 9.59
44 46 0.64
44 47 1.27
44 48 8.87
44 49 4.13
44 50 0.34
44 51 7.74
44 52 7.66
44 53 0.46
44 54 1.64
44 55 4.20
44 56 0.12
44 57 0.99
44 58 9.10
44 59 6.92
44 60 4.64
44 61 6.08
44 62 8.92
44 63 9.49
44 64 0.31
44 65 3.81
44 66 7.22
44 67 8.79
44 68 2.52
44 69 1.49
44 70 5.08
44 71 4.45
44 72 8.22
44 73 7.70
44 74 0.61
44 75 3.93
44 76 2.78
44 77 5.05
44 78 5.42
44 79 7.89
44 80 8.49
44 81 8.66
44 82 4.54
44 83 9.58
44 84 7.81
44 85 9.22
44 86 7.09
44 87 7.71
44 88 1.69
44 89 8.65
44 90 0.10
44 91 2.00
44 92 3.21
44 93 4.52
44 94 5.04
44 95 1.45
44 96 9.45
44 97 8.95
44 98 5.41
44 99 8.47
45 46 1.51
45 47 5.66
45 48 1.68
45 49 1.09
45 50 0.04
45 51 1.79
45 52 3.58
45 53 0.54
45 54 3.33
45 55 4.32
45 56 9.04
45 57 1.67
45 58 8.17
45 59 0.51
45 60 4.62
45 61 7.97
45 62 9.12
45 63 7.70
45 64 6.78
45 65 3.24
45 66 7.48
45 67 0.83
45 68 2.79
45 69 9.53
45 70 8.01
45 71 4.48
45 72 9.21
45 73 8.25
45 74 7.62
45 75 4.09
45 76 6.14
45 77 7.37
45 78 1.05
45 79 4.07
45 80 7.49
45 81 4.58
45 82 9.91
45 83 5.78
45 84 5.59
45 85 4.17
45 86 9.20
45 87 2.39
45 88 1.57
45 89 5.10
45 90 6.19
45 91 6.84
45 92 9.07
45 93 5.17
45 94 1.18
45 95 2.04
45 96 8.09
45 97 6.01
45 98 0.54
45 99 4.77
46 47 6.42
46 48 3.57
46 49 3.30
46 50 2.05
46 51 6.17
46 52 8.15
46 53 9.37
46 54 6.54
46 55 8.05
46 56 6.41
46 57 6.68
46 58 1.40
46 59 7.84
46 60 6.31
46 61 5.62
46 62 2.21
46 63 8.88
46 64 0.96
46 65 3.57
46 66 7.21
46 67 7.94
46 68 1.68
46 69 2.85
46 70 9.54
46 71 9.85
46 72 1.28
46 73 7.12
46 74 3.49
46 75 7.95
46 76 6.21
46 77 1.78
46 78 3.29
46 79 6.69
46 80 6.15
46 81 2.93
46 82 6.14
46 83 8.74
46 84 6.18
46 85 5.04
46 86 4.50
46 87 4.36
46 88 2.68
46 89 9.14
46 90 9.49
46 91 9.46
46 92 9.92
46 93 9.14
46 94 9.26
46 95 3.80
46 96 7.59
46 97 4.23
46 98 8.09
46 99 8.39
47 48 5.30
47 49 9.86
47 50 8.26
47 51 3.04
47 52 7.37
47 53 2.38
47 54 9.98
47 55 9.68
47 56 8.57
47 57 1.98
47 58 0.13
47 59 3.31
47 60 2.61
47 61 5.10
47 62 9.21
47 63 7.54
47 64 3.53
47 65 6.83
47 66 4.27
47 67 3.01
47 68 7.22
47 69 0.32
47 70 1.20
47 71 9.93
47 72 9.28
47 73 2.17
47 74 6.15
47 75 4.27
47 76 7.90
47 77 0.96
47 78 8.86
47 79 9.12
47 80 5.98
47 81 2.88
47 82 0.61
47 83 4.77
47 84 4.59
47 85 4.42
47 86 0.47
47 87 1.35
47 88 2.22
47 89 9.87
47 90 5.69
47 91 4.23
47 92 9.99
47 93 2.50
47 94 3.65
47 95 2.74
47 96 2.39
47 97 9.13
47 98 9.19
47 99 5.42
48 49 9.73
48 50 4.13
48 51 8.41
48 52 5.20
48 53 0.17
48 54 5.49
48 55 0.01
48 56 2.22
48 57 1.10
48 58 8.74
48 59 2.15
48 60 6.85
48 61 0.69
48 62 9.06
48 63 5.72
48 64 7.56
48 65 9.69
48 66 3.98
48 67 6.29
48 68 1.62
48 69 0.23
48 70 6.10
48 71 0.53
48 72 0.66
48 73 8.39
48 74 1.22
48 75 9.57
48 76 8.09
48 77 1.20
48 78 4.67
48 79 5.93
48 80 6.06
48 81 0.35
48 82 3.81
48 83 1.62
48 84 2.50
48 85 8.61
48 86 8.33
48 87 7.09
48 88 5.27
48 89 1.77
48 90 6.89
48 91 0.52
48 92 7.71
48 93 7.40
48 94 6.69
48 95 4.01
48 96 0.74
48 97 5.32
48 98 0.26
48 99 3.45
49 50 5.90
49 51 0.09
49 52 2.92
49 53 2.68
49 54 7.94
49 55 2.14
49 56 1.14
49 57 2.08
49 58 1.54
49 59 3.88
49 60 0.27
49 61 6.92
49 62 9.36
49 63 7.97
49 64 5.40
49 65 4.45
49 66 7.47
49 67 9.47
49 68 1.71
49 69 1.37
49 70 0.07
49 71 4.77
49 72 2.39
49 73 4.74
49 74 6.50
49 75 1.48
49 76 9.94
49 77 4.53
49 78 4.58
49 79 9.03
49 80 5.86
49 81 4.27
49 82 1.75
49 83 4.21
49 84 8.31
49 85 4.40
49 86 6.90
49 87 5.92
49 88 4.86
49 89 2.33
49 90 4.69
49 91 2.12
49 92 3.23
49 93 7.87
49 94 5.05
49 95 2.75
49 96 8.52
49 97 4.18
49 98 2.70
49 99 4.67
50 51 2.79
50 52 4.04
50 53 4.65
50 54 4.61
50 55 6.53
50 56 8.13
50 57 1.41
50 58 6.58
50 59 5.34
50 60 9.23
50 61 6.13
50 62 1.77
50 63 1.14
50 64 5.56
50 65 3.30
50 66 2.21
50 67 1.89
50 68 5.95
50 69 1.73
50 70 9.79
50 71 1.40
50 72 2.95
50 73 0.07
50 74 2.14
50 75 9.70
50 76 1.20
50 77 4.26
50 78 8.74
50 79 0.24
50 80 6.83
50 81 9.02
50 82 3.24
50 83 6.44
50 84 3.64
50 85 7.00
50 86 7.89
50 87 1.50
50 88 2.24
50 89 0.02
50 90 8.86
50 91 7.17
50 92 8.61
50 93 8.85
50 94 2.56
50 95 9.81
50 96 5.54
50 97 3.61
50 98 2.76
50 99 8.79
51 52 2.53
51 53 2.12
51 54 1.00
51 55 2.70
51 56 2.41
51 57 3.00
51 58 2.06
51 59 9.40
51 60 1.66
51 61 3.05
51 62 6.80
51 63 8.03
51 64 8.92
51 65 1.86
51 66 4.93
51 67 5.16
51 68 7.66
51 69 0.31
51 70 2.39
51 71 0.75
51 72 4.15
51 73 3.11
51 74 6.33
51 75 3.72
51 76 8.42
51 77 0.63
51 78 8.23
51 79 9.74
51 80 6.37
51 81 3.27
51 82 4.54
51 83 6.61
51 84 5.82
51 85 0.14
51 86 2.18
51 87 5.12
51 88 1.54
51 89 8.55
51 90 6.64
51 91 4.37
51 92 0.90
51 93 4.78
51 94 0.52
51 95 2.28
51 96 3.68
51 97 1.94
51 98 2.93
51 99 1.64
52 53 2.47
52 54 0.44
52 55 3.42
52 56 1.08
52 57 2.90
52 58 4.95
52 59 1.42
52 60 4.93
52 61 2.71
52 62 8.51
52 63 6.21
52 64 1.15
52 65 1.42
52 66 4.06
52 67 7.14
52 68 1.51
52 69 5.92
52 70 9.29
52 71 8.39
52 72 4.85
52 73 1.97
52 74 0.04
52 75 8.95
52 76 8.41
52 77 0.65
52 78 2.69
52 79 9.96
52 80 5.15
52 81 7.41
52 82 8.91
52 83 8.39
52 84 0.36
52 85 3.65
52 86 5.08
52 87 3.05
52 88 8.24
52 89 7.58
52 90 8.94
52 91 9.87
52 92 0.75
52 93 6.03
52 94 3.56
52 95 7.49
52 96 1.46
52 97 8.94
52 98 1.68
52 99 0.68
53 54 8.50
53 55 9.70
53 56 8.16
53 57 7.95
53 58 0.16
53 59 7.88
53 60 7.72
53 61 2.60
53 62 9.47
53 63 1.02
53 64 0.73
53 65 4.30
53 66 3.02
53 67 7.55
53 68 0.92
53 69 3.03
53 70 4.60
53 71 3.93
53 72 8.97
53 73 0.57
53 74 0.22
53 75 0.86
53 76 3.25
53 77 8.26
53 78 3.59
53 79 6.62
53 80 3.68
53 81 4.73
53 82 7.11
53 83 0.48
53 84 2.72
53 85 4.03
53 86 2.07
53 87 8.12
53 88 5.38
53 89 6.21
53 90 1.67
53 91 5.40
53 92 3.07
53 93 5.60
53 94 2.34
53 95 1.93
53 96 2.85
53 97 7.13
53 98 5.67
53 99 8.95
54 55 1.02
54 56 2.12
54 57 9.98
54 58 7.22
54 59 6.60
54 60 3.48
54 61 5.49
54 62 7.01
54 63 0.12
54 64 4.65
54 65 9.54
54 66 3.74
54 67 4.80
54 68 6.97
54 69 5.92
54 70 3.67
54 71 5.21
54 72 3.43
54 73 7.31
54 74 2.10
54 75 6.78
54 76 4.12
54 77 0.96
54 78 2.77
54 79 6.29
54 80 8.27
54 81 1.96
54 82 3.42
54 83 3.32
54 84 1.14
54 85 5.81
54 86 0.40
54 87 1.38
54 88 7.56
54 89 1.27
54 90 7.29
54 91 5.95
54 92 4.44
54 93 9.78
54 94 3.00
54 95 5.14
54 96 0.17
54 97 0.83
54 98 8.07
54 99 8.03
55 56 3.47
55 57 7.32
55 58 7.57
55 59 4.89
55 60 2.83
55 61 0.45
55 62 6.21
55 63 5.48
55 64 8.65
55 65 3.18
55 66 3.88
55 67 0.15
55 68 1.45
55 69 0.61
55 70 1.49
55 71 5.89
55 72 8.65
55 73 9.14
55 74 0.83
55 75 3.19
55 76 9.48
55 77 9.19
55 78 4.28
55 79 3.46
55 80 6.39
55 81 6.04
55 82 2.29
55 83 6.48
55 84 3.23
55 85 5.30
55 86 7.49
55 87 9.46
55 88 0.79
55 89 4.82
55 90 8.51
55 91 4.89
55 92 5.89
55 93 8.71
55 94 9.30
55 95 7.79
55 96 1.04
55 97 9.15
55 98 2.59
55 99 6.03
56 57 6.52
56 58 7.29
56 59 6.90
56 60 4.32
56 61 9.22
56 62 6.35
56 63 3.02
56 64 7.05
56 65 5.23
56 66 0.10
56 67 1.66
56 68 9.01
56 69 1.41
56 70 1.95
56 71 3.95
56 72 4.06
56 73 1.19
56 74 1.52
56 75 8.95
56 76 4.49
56 77 8.37
56 78 3.29
56 79 7.38
56 80 8.80
56 81 3.27
56 82 8.75
56 83 8.76
56 84 0.19
56 85 4.35
56 86 5.72
56 87 3.33
56 88 3.48
56 89 9.77
56 90 7.31
56 91 6.82
56 92 3.29
56 93 4.83
56 94 4.91
56 95 9.59
56 96 8.58
56 97 6.57
56 98 6.24
56 99 6.73
57 58 1.61
57 59 0.92
57 60 9.54
57 61 8.60
57 62 2.53
57 63 6.68
57 64 3.66
57 65 7.53
57 66 4.29
57 67 7.77
57 68 5.40
57 69 3.29
57 70 4.75
57 71 2.68
57 72 1.08
57 73 4.17
57 74 9.33
57 75 2.53
57 76 2.94
57 77 6.01
57 78 1.49
57 79 3.62
57 80 3.16
57 81 8.47
57 82 9.03
57 83 9.03
57 84 2.44
57 85 6.16
57 86 4.09
57 87 1.34
57 88 4.90
57 89 3.81
57 90 5.88
57 91 4.20
57 92 3.14
57 93 0.37
57 94 9.36
57 95 9.16
57 96 6.01
57 97 0.36
57 98 7.45
57 99 3.17
58 59 7.65
58 60 7.34
58 61 5.38
58 62 0.70
58 63 8.67
58 64 9.47
58 65 5.94
58 66 5.84
58 67 5.64
58 68 5.30
58 69 0.37
58 70 7.92
58 71 0.76
58 72 0.54
58 73 1.69
58 74 2.39
58 75 4.37
58 76 9.36
58 77 2.51
58 78 4.02
58 79 5.96
58 80 3.37
58 81 3.70
58 82 8.34
58 83 1.94
58 84 2.15
58 85 7.28
58 86 2.50
58 87 8.52
58 88 0.99
58 89 3.39
58 90 3.45
58 91 2.71
58 92 4.59
58 93 6.09
58 94 4.71
58 95 0.61
58 96 2.50
58 97 4.83
58 98 5.56
58 99 1.43
59 60 2.32
59 61 3.45
59 62 7.15
59 63 8.27
59 64 8.99
59 65 5.79
59 66 3.82
59 67 8.70
59 68 9.88
59 69 2.01
59 70 9.73
59 71 0.69
59 72 0.17
59 73 5.82
59 74 0.59
59 75 3.89
59 76 6.13
59 77 3.52
59 78 7.55
59 79 2.97
59 80 4.29
59 81 1.37
59 82 1.35
59 83 7.42
59 84 6.38
59 85 5.79
59 86 6.95
59 87 1.11
59 88 5.19
59 89 5.60
59 90 7.95
59 91 3.54
59 92 3.83
59 93 2.28
59 94 8.65
59 95 2.37
59 96 8.91
59 97 2.84
59 98 8.18
59 99 3.86
60 61 5.40
60 62 1.38
60 63 7.61
60 64 0.97
60 65 8.50
60 66 2.95
60 67 6.53
60 68 0.40
60 69 6.15
60 70 8.39
60 71 4.87
60 72 7.68
60 73 8.11
60 74 8.39
60 75 8.74
60 76 1.92
60 77 3.24
60 78 7.11
60 79 9.02
60 80 6.07
60 81 5.91
60 82 2.86
60 83 1.93
60 84 0.63
60 85 6.85
60 86 8.81
60 87 3.59
60 88 7.53
60 89 1.75
60 90 8.70
60 91 2.23
60 92 0.67
60 93 8.01
60 94 9.44
60 95 3.02
60 96 1.53
60 97 6.25
60 98 8.12
60 99 7.08
61 62 7.13
61 63 5.56
61 64 9.46
61 65 0.93
61 66 1.59
61 67 7.52
61 68 8.12
61 69 0.72
61 70 4.70
61 71 2.11
61 72 8.36
61 73 6.06
61 74 4.60
61 75 7.19
61 76 3.39
61 77 1.02
61 78 6.88
61 79 6.71
61 80 0.58
61 81 7.82
61 82 3.24
61 83 8.48
61 84 5.35
61 85 4.08
61 86 5.44
61 87 9.23
61 88 1.23
61 89 8.53
61 90 3.44
61 91 2.04
61 92 0.73
61 93 6.20
61 94 7.60
61 95 9.55
61 96 7.57
61 97 4.25
61 98 4.90
61 99 7.17
62 63 0.69
62 64 5.07
62 65 4.43
62 66 7.37
62 67 10.00
62 68 1.44
62 69 1.28
62 70 5.90
62 71 7.45
62 72 1.05
62 73 3.77
62 74 2.98
62 75 9.29
62 76 6.50
62 77 3.04
62 78 2.41
62 79 0.56
62 80 6.66
62 81 3.06
62 82 8.98
62 83 2.23
62 84 1.99
62 85 4.87
62 86 2.04
62 87 3.94
62 88 6.00
62 89 9.17
62 90 2.04
62 91 7.72
62 92 9.82
62 93 5.31
62 94 9.22
62 95 6.04
62 96 3.02
62 97 9.62
62 98 4.24
62 99 6.15
63 64 5.36
63 65 4.07
63 66 1.27
63 67 4.40
63 68 6.26
63 69 1.59
63 70 1.85
63 71 1.52
63 72 1.77
63 73 2.43
63 74 3.04
63 75 0.84
63 76 9.25
63 77 9.81
63 78 6.25
63 79 8.52
63 80 8.03
63 81 9.69
63 82 6.62
63 83 1.62
63 84 7.22
63 85 1.99
63 86 9.17
63 87 7.38
63 88 2.09
63 89 7.00
63 90 7.23
63 91 8.28
63 92 1.88
63 93 4.03
63 94 6.48
63 95 0.48
63 96 1.66
63 97 6.52
63 98 4.24
63 99 6.97
64 65 5.42
64 66 1.05
64 67 7.76
64 68 4.09
64 69 8.34
64 70 0.03
64 71 0.83
64 72 9.19
64 73 2.68
64 74 7.22
64 75 5.01
64 76 4.56
64 77 2.62
64 78 0.31
64 79 2.20
64 80 8.95
64 81 4.36
64 82 0.79
64 83 4.22
64 84 5.59
64 85 0.80
64 86 3.65
64 87 4.58
64 88 3.86
64 89 2.87
64 90 7.73
64 91 9.06
64 92 6.74
64 93 7.49
64 94 3.07
64 95 9.41
64 96 7.53
64 97 3.97
64 98 8.88
64 99 1.41
65 66 9.73
65 67 5.42
65 68 9.91
65 69 2.37
65 70 4.27
65 71 4.91
65 72 2.78
65 73 6.42
65 74 0.02
65 75 8.61
65 76 3.62
65 77 6.16
65 78 7.64
65 79 2.68
65 80 7.65
65 81 1.26
65 82 5.06
65 83 0.68
65 84 0.78
65 85 9.85
65 86 1.03
65 87 1.68
65 88 5.86
65 89 2.40
65 90 7.16
65 91 5.05
65 92 3.13
65 93 2.21
65 94 9.25
65 95 3.98
65 96 4.35
65 97 6.22
65 98 8.57
65 99 3.08
66 67 7.69
66 68 2.45
66 69 6.01
66 70 6.15
66 71 0.34
66 72 7.50
66 73 7.92
66 74 0.50
66 75 1.98
66 76 3.81
66 77 3.36
66 78 2.75
66 79 7.01
66 80 3.34
66 81 3.07
66 82 4.98
66 83 2.44
66 84 3.61
66 85 9.21
66 86 0.30
66 87 1.97
66 88 9.35
66 89 7.72
66 90 9.08
66 91 8.92
66 92 1.45
66 93 5.00
66 94 7.17
66 95 6.19
66 96 6.39
66 97 4.74
66 98 7.92
66 99 1.91
67 68 5.80
67 69 9.49
67 70 2.17
67 71 5.16
67 72 8.63
67 73 9.28
67 74 9.85
67 75 8.44
67 76 4.37
67 77 6.58
67 78 7.38
67 79 3.71
67 80 8.66
67 81 5.44
67 82 8.50
67 83 0.58
67 84 2.47
67 85 0.87
67 86 2.22
67 87 9.93
67 88 5.02
67 89 3.23
67 90 2.71
67 91 1.03
67 92 8.45
67 93 9.59
67 94 4.39
67 95 1.91
67 96 8.15
67 97 8.84
67 98 8.79
67 99 9.94
68 69 3.78
68 70 0.09
68 71 0.48
68 72 1.41
68 73 1.82
68 74 3.25
68 75 9.52
68 76 1.59
68 77 3.59
68 78 3.59
68 79 9.35
68 80 2.28
68 81 9.02
68 82 4.70
68 83 0.48
68 84 6.80
68 85 3.03
68 86 0.88
68 87 0.18
68 88 9.88
68 89 1.17
68 90 0.30
68 91 6.87
68 92 7.31
68 93 8.28
68 94 5.70
68 95 3.94
68 96 1.90
68 97 8.86
68 98 4.94
68 99 1.85
69 70 9.46
69 71 7.02
69 72 3.42
69 73 8.72
69 74 3.13
69 75 8.17
69 76 9.83
69 77 2.44
69 78 9.82
69 79 1.99
69 80 7.83
69 81 0.05
69 82 3.26
69 83 0.09
69 84 0.48
69 85 0.22
69 86 0.59
69 87 7.73
69 88 2.24
69 89 9.92
69 90 4.17
69 91 6.25
69 92 9.83
69 93 8.37
69 94 4.03
69 95 1.34
69 96 3.22
69 97 0.44
69 98 6.54
69 99 5.32
70 71 1.60
70 72 1.27
70 73 8.03
70 74 6.91
70 75 4.20
70 76 5.40
70 77 9.99
70 78 3.89
70 79 4.14
70 80 9.99
70 81 4.36
70 82 6.35
70 83 8.25
70 84 2.26
70 85 9.61
70 86 4.04
70 87 4.24
70 88 7.64
70 89 9.88
70 90 6.89
70 91 6.12
70 92 8.39
70 93 9.79
70 94 6.51
70 95 7.56
70 96 0.81
70 97 5.82
70 98 9.79
70 99 6.59
71 72 1.24
71 73 7.01
71 74 5.94
71 75 3.37
71 76 6.40
71 77 9.66
71 78 1.55
71 79 6.74
71 80 4.03
71 81 8.72
71 82 1.49
71 83 1.89
71 84 8.18
71 85 3.34
71 86 6.99
71 87 3.72
71 88 8.97
71 89 0.02
71 90 0.87
71 91 6.40
71 92 3.55
71 93 6.46
71 94 3.73
71 95 4.32
71 96 0.85
71 97 5.12
71 98 3.29
71 99 5.50
72 73 8.75
72 74 9.55
72 75 6.91
72 76 3.98
72 77 3.02
72 78 5.05
72 79 9.28
72 80 0.79
72 81 6.98
72 82 7.86
72 83 1.11
72 84 7.70
72 85 5.29
72 86 7.45
72 87 0.96
72 88 8.59
72 89 6.35
72 90 1.88
72 91 9.91
72 92 3.22
72 93 7.71
72 94 7.05
72 95 7.87
72 96 3.22
72 97 1.27
72 98 7.34
72 99 2.40
73 74 8.20
73 75 4.66
73 76 3.50
73 77 5.79
73 78 9.02
73 79 9.97
73 80 7.13
73 81 7.87
73 82 3.25
73 83 0.73
73 84 0.03
73 85 1.50
73 86 9.12
73 87 0.86
73 88 2.75
73 89 3.91
73 90 3.78
73 91 6.37
73 92 5.59
73 93 9.18
73 94 4.41
73 95 4.75
73 96 1.56
73 97 8.07
73 98 1.09
73 99 7.23
74 75 7.97
74 76 2.95
74 77 5.02
74 78 1.93
74 79 3.26
74 80 3.47
74 81 1.86
74 82 1.95
74 83 4.56
74 84 2.97
74 85 2.91
74 86 2.60
74 87 0.38
74 88 0.19
74 89 2.01
74 90 7.70
74 91 7.05
74 92 4.19
74 93 5.23
74 94 6.62
74 95 1.30
74 96 5.12
74 97 6.20
74 98 0.36
74 99 5.61
75 76 3.41
75 77 7.42
75 78 9.75
75 79 1.65
75 80 1.42
75 81 5.66
75 82 0.07
75 83 1.20
75 84 9.74
75 85 4.62
75 86 1.32
75 87 9.54
75 88 9.24
75 89 9.58
75 90 6.65
75 91 3.01
75 92 8.32
75 93 8.73
75 94 1.88
75 95 1.48
75 96 8.35
75 97 8.20
75 98 1.43
75 99 9.95
76 77 2.09
76 78 5.01
76 79 9.52
76 80 5.42
76 81 1.37
76 82 5.19
76 83 5.53
76 84 7.88
76 85 0.37
76 86 0.34
76 87 5.81
76 88 9.79
76 89 8.56
76 90 8.74
76 91 3.56
76 92 2.27
76 93 9.07
76 94 7.63
76 95 1.21
76 96 2.33
76 97 1.21
76 98 2.01
76 99 3.89
77 78 3.36
77 79 5.54
77 80 6.60
77 81 0.49
77 82 8.43
77 83 9.87
77 84 1.04
77 85 2.93
77 86 5.11
77 87 8.41
77 88 3.73
77 89 5.32
77 90 1.76
77 91 0.84
77 92 9.96
77 93 2.78
77 94 3.11
77 95 2.78
77 96 9.21
77 97 2.53
77 98 1.60
77 99 3.54
78 79 7.36
78 80 6.13
78 81 3.23
78 82 6.47
78 83 5.64
78 84 8.69
78 85 1.27
78 86 6.13
78 87 8.32
78 88 8.88
78 89 6.57
78 90 0.59
78 91 4.75
78 92 7.35
78 93 7.80
78 94 5.28
78 95 8.91
78 96 0.72
78 97 0.78
78 98 3.20
78 99 1.62
79 80 5.56
79 81 8.53
79 82 4.32
79 83 5.57
79 84 8.92
79 85 0.61
79 86 5.91
79 87 2.94
79 88 0.80
79 89 4.78
79 90 0.66
79 91 4.77
79 92 2.39
79 93 6.47
79 94 7.17
79 95 7.94
79 96 8.38
79 97 5.00
79 98 7.90
79 99 0.17
80 81 3.09
80 82 0.73
80 83 2.65
80 84 7.07
80 85 7.08
80 86 9.59
80 87 9.90
80 88 6.01
80 89 1.21
80 90 6.20
80 91 9.18
80 92 7.47
80 93 2.08
80 94 9.17
80 95 7.47
80 96 0.79
80 97 6.80
80 98 2.09
80 99 2.01
81 82 8.55
81 83 4.25
81 84 1.64
81 85 6.22
81 86 4.65
81 87 0.34
81 88 2.49
81 89 0.20
81 90 8.58
81 91 1.44
81 92 4.79
81 93 4.95
81 94 5.13
81 95 8.56
81 96 3.40
81 97 0.24
81 98 4.98
81 99 2.95
82 83 5.49
82 84 5.28
82 85 0.70
82 86 6.17
82 87 3.54
82 88 3.40
82 89 1.07
82 90 1.77
82 91 2.50
82 92 3.12
82 93 7.54
82 94 3.04
82 95 9.14
82 96 1.80
82 97 0.39
82 98 5.14
82 99 1.50
83 84 6.54
83 85 9.86
83 86 5.21
83 87 7.40
83 88 0.64
83 89 9.49
83 90 5.82
83 91 9.16
83 92 0.55
83 93 2.50
83 94 2.25
83 95 6.55
83 96 7.39
83 97 0.70
83 98 8.46
83 99 5.27
84 85 5.73
84 86 7.32
84 87 1.28
84 88 3.45
84 89 6.46
84 90 0.07
84 91 0.63
84 92 3.85
84 93 6.93
84 94 8.18
84 95 7.29
84 96 5.22
84 97 7.35
84 98 5.48
84 99 4.22
85 86 8.99
85 87 1.18
85 88 3.82
85 89 0.15
85 90 9.84
85 91 1.90
85 92 7.95
85 93 1.00
85 94 3.92
85 95 5.50
85 96 1.15
85 97 8.86
85 98 1.25
85 99 5.11
86 87 4.82
86 88 7.19
86 89 9.70
86 90 3.94
86 91 5.21
86 92 9.18
86 93 6.96
86 94 1.04
86 95 3.03
86 96 2.45
86 97 0.62
86 98 0.90
86 99 0.13
87 88 3.80
87 89 8.55
87 90 8.07
87 91 7.27
87 92 9.71
87 93 5.32
87 94 3.43
87 95 6.73
87 96 3.10
87 97 5.85
87 98 5.23
87 99 0.12
88 89 0.40
88 90 4.13
88 91 9.89
88 92 5.29
88 93 5.13
88 94 5.30
88 95 3.85
88 96 0.31
88 97 9.83
88 98 9.54
88 99 6.10
89 90 6.46
89 91 9.39
89 92 9.84
89 93 0.81
89 94 7.65
89 95 8.07
89 96 4.65
89 97 3.32
89 98 5.88
89 99 3.16
90 91 0.33
90 92 5.71
90 93 0.17
90 94 4.60
90 95 0.31
90 96 7.31
90 97 4.90
90 98 1.65
90 99 2.39
91 92 1.16
91 93 1.38
91 94 5.15
91 95 7.57
91 96 7.51
91 97 6.41
91 98 7.58
91 99 1.36
92 93 0.84
92 94 6.95
92 95 2.93
92 96 1.86
92 97 9.17
92 98 3.53
92 99 1.88
93 94 9.51
93 95 5.86
93 96 4.98
93 97 3.93
93 98 5.11
93 99 3.09
94 95 3.50
94 96 7.26
94 97 7.13
94 98 5.69
94 99 6.41
95 96 4.31
95 97 8.84
95 98 7.28
95 99 9.37
96 97 0.71
96 98 9.80
96 99 7.55
97 98 9.47
97 99 8.29
98 99 9.60
