100 10
0 1 2.68
0 2 6.53
0 3 1.25
0 4 8.75
0 5 9.26
0 6 2.04
0 7 1.53
0 8 6.56
0 9 9.22
0 10 9.92
0 11 7.16
0 12 6.79
0 13 6.08
0 14 0.03
0 15 7.97
0 16 0.18
0 17 9.02
0 18 7.61
0 19 4.75
0 20 8.82
0 21 2.41
0 22 6.37
0 23 4.15
0 24 8.16
0 25 4.86
0 26 8.78
0 27 0.88
0 28 7.35
0 29 4.38
0 30 0.66
0 31 2.69
0 32 2.09
0 33 5.12
0 34 8.13
0 35 0.75
0 36 0.21
0 37 4.97
0 38 1.58
0 39 6.99
0 40 4.00
0 41 8.71
0 42 3.15
0 43 5.19
0 44 4.51
0 45 4.16
0 46 5.95
0 47 2.80
0 48 9.40
0 49 6.81
0 50 4.09
0 51 6.37
0 52 9.87
0 53 2.90
0 54 8.02
0 55 2.19
0 56 5.86
0 57 4.72
0 58 7.38
0 59 2.11
0 60 2.23
0 61 2.52
0 62 1.32
0 63 2.05
0 64 9.03
0 65 1.14
0 66 8.59
0 67 3.95
0 68 5.61
0 69 4.78
0 70 6.77
0 71 0.31
0 72 7.95
0 73 2.17
0 74 9.12
0 75 2.83
0 76 3.18
0 77 2.60
0 78 2.01
0 79 5.37
0 80 9.59
0 81 7.58
0 82 9.46
0 83 1.00
0 84 7.72
0 85 5.69
0 86 5.20
0 87 8.63
0 88 0.45
0 89 3.63
0 90 4.31
0 91 1.77
0 92 9.52
0 93 1.70
0 94 7.18
0 95 6.03
0 96 7.94
0 97 0.06
0 98 6.07
0 99 3.90
1 2 4.49
1 3 7.35
1 4 9.00
1 5 2.36
1 6 9.95
1 7 2.88
1 8 8.70
1 9 0.82
1 10 0.02
1 11 3.06
1 12 9.92
1 13 0.43
1 14 5.22
1 15 2.67
1 16 7.20
1 17 5.26
1 18 9.03
1 19 0.29
1 20 3.55
1 21 7.33
1 22 6.76
1 23 2.83
1 24 7.45
1 25 8.03
1 26 7.62
1 27 3.19
1 28 7.66
1 29 6.48
1 30 6.33
1 31 3.68
1 32 0.77
1 33 8.69
1 34 2.45
1 35 6.37
1 36 0.98
1 37 7.45
1 38 7.09
1 39 3.99
1 40 6.72
1 41 10.00
1 42 3.24
1 43 4.41
1 44 8.66
1 45 5.46
1 46 4.50
1 47 1.29
1 48 6.16
1 49 5.03
1 50 8.14
1 51 8.23
1 52 1.30
1 53 2.96
1 54 7.74
1 55 0.32
1 56 4.03
1 57 4.07
1 58 1.69
1 59 6.46
1 60 5.43
1 61 5.17
1 62 6.54
1 63 5.19
1 64 2.30
1 65 7.64
1 66 8.99
1 67 7.13
1 68 5.81
1 69 7.11
1 70 5.39
1 71 3.72
1 72 5.45
1 73 4.00
1 74 2.36
1 75 6.37
1 76 5.19
1 77 4.97
1 78 9.98
1 79 9.35
1 80 4.86
1 81 4.27
1 82 9.73
1 83 0.18
1 84 4.91
1 85 4.66
1 86 9.21
1 87 7.75
1 88 5.21
1 89 9.10
1 90 4.22
1 91 3.63
1 92 2.26
1 93 2.30
1 94 3.64
1 95 6.14
1 96 8.04
1 97 0.03
1 98 1.72
1 99 4.53
2 3 9.50
2 4 2.31
2 5 8.75
2 6 9.59
2 7 2.43
2 8 5.97
2 9 9.83
2 10 8.73
2 11 1.87
2 12 8.27
2 13 7.14
2 14 9.30
2 15 8.27
2 16 7.03
2 17 7.54
2 18 8.31
2 19 7.54
2 20 7.18
2 21 1.76
2 22 7.03
2 23 1.08
2 24 7.91
2 25 0.48
2 26 8.25
2 27 9.33
2 28 0.16
2 29 6.58
2 30 7.69
2 31 1.51
2 32 5.58
2 33 7.75
2 34 2.51
2 35 7.43
2 36 5.05
2 37 1.78
2 38 7.14
2 39 6.85
2 40 5.09
2 41 8.05
2 42 2.19
2 43 5.68
2 44 6.04
2 45 3.14
2 46 9.92
2 47 0.73
2 48 6.11
2 49 2.61
2 50 9.78
2 51 3.75
2 52 3.05
2 53 2.46
2 54 9.78
2 55 8.10
2 56 5.51
2 57 7.18
2 58 0.29
2 59 0.68
2 60 8.56
2 61 6.57
2 62 4.31
2 63 9.69
2 64 0.00
2 65 6.86
2 66 3.62
2 67 8.70
2 68 9.09
2 69 9.31
2 70 4.90
2 71 6.36
2 72 7.43
2 73 9.94
2 74 8.30
2 75 0.90
2 76 4.08
2 77 2.77
2 78 1.01
2 79 5.39
2 80 3.10
2 81 4.23
2 82 9.08
2 83 3.93
2 84 6.53
2 85 6.92
2 86 0.64
2 87 2.35
2 88 9.56
2 89 1.43
2 90 4.08
2 91 1.71
2 92 4.81
2 93 4.31
2 94 9.94
2 95 6.10
2 96 5.09
2 97 5.58
2 98 9.11
2 99 4.94
3 4 6.99
3 5 7.61
3 6 8.94
3 7 2.86
3 8 6.16
3 9 9.60
3 10 0.93
3 11 0.81
3 12 7.32
3 13 7.31
3 14 9.59
3 15 6.22
3 16 9.19
3 17 6.43
3 18 7.25
3 19 2.42
3 20 1.83
3 21 8.60
3 22 2.46
3 23 4.03
3 24 2.14
3 25 8.60
3 26 8.33
3 27 7.03
3 28 5.42
3 29 9.39
3 30 2.47
3 31 8.55
3 32 8.65
3 33 6.33
3 34 3.80
3 35 8.91
3 36 2.09
3 37 0.67
3 38 2.40
3 39 9.93
3 40 9.31
3 41 1.43
3 42 9.41
3 43 7.84
3 44 6.03
3 45 8.26
3 46 3.78
3 47 6.20
3 48 8.17
3 49 5.57
3 50 1.93
3 51 5.66
3 52 6.10
3 53 5.91
3 54 2.49
3 55 2.10
3 56 0.65
3 57 4.29
3 58 8.19
3 59 6.70
3 60 3.33
3 61 6.70
3 62 7.50
3 63 1.19
3 64 4.21
3 65 4.35
3 66 4.61
3 67 9.62
3 68 1.14
3 69 5.46
3 70 9.59
3 71 5.81
3 72 6.70
3 73 1.58
3 74 4.75
3 75 6.68
3 76 5.59
3 77 5.89
3 78 7.07
3 79 7.56
3 80 0.88
3 81 8.84
3 82 2.59
3 83 3.87
3 84 9.44
3 85 1.66
3 86 4.63
3 87 7.31
3 88 5.61
3 89 5.71
3 90 9.81
3 91 2.69
3 92 0.14
3 93 7.48
3 94 3.69
3 95 3.93
3 96 7.11
3 97 7.44
3 98 1.27
3 99 2.60
4 5 6.11
4 6 1.95
4 7 5.29
4 8 6.77
4 9 6.42
4 10 9.89
4 11 1.56
4 12 4.91
4 13 1.18
4 14 1.16
4 15 2.53
4 16 3.81
4 17 8.04
4 18 5.88
4 19 6.58
4 20 0.23
4 21 9.68
4 22 3.01
4 23 5.92
4 24 7.08
4 25 9.05
4 26 6.82
4 27 1.85
4 28 1.72
4 29 7.12
4 30 3.76
4 31 5.79
4 32 1.50
4 33 7.03
4 34 9.25
4 35 9.97
4 36 3.11
4 37 0.80
4 38 2.99
4 39 1.22
4 40 3.80
4 41 8.08
4 42 0.73
4 43 6.22
4 44 8.75
4 45 6.36
4 46 1.01
4 47 7.48
4 48 5.63
4 49 3.83
4 50 0.91
4 51 4.57
4 52 4.44
4 53 4.10
4 54 6.94
4 55 1.94
4 56 5.30
4 57 6.52
4 58 9.07
4 59 2.40
4 60 7.11
4 61 7.89
4 62 5.68
4 63 6.12
4 64 4.92
4 65 3.95
4 66 1.70
4 67 0.96
4 68 6.21
4 69 7.83
4 70 5.72
4 71 8.45
4 72 9.27
4 73 6.73
4 74 1.41
4 75 1.94
4 76 4.96
4 77 4.38
4 78 7.25
4 79 2.38
4 80 5.90
4 81 8.02
4 82 4.30
4 83 8.07
4 84 0.95
4 85 4.42
4 86 5.15
4 87 0.21
4 88 2.79
4 89 7.86
4 90 5.04
4 91 4.54
4 92 5.85
4 93 2.45
4 94 9.38
4 95 7.56
4 96 9.44
4 97 5.80
4 98 9.19
4 99 5.84
5 6 3.06
5 7 1.53
5 8 7.59
5 9 6.49
5 10 1.25
5 11 7.79
5 12 1.09
5 13 2.74
5 14 7.55
5 15 1.97
5 16 0.30
5 17 9.87
5 18 8.72
5 19 1.05
5 20 1.33
5 21 8.92
5 22 4.10
5 23 7.00
5 24 4.64
5 25 1.66
5 26 1.04
5 27 3.73
5 28 7.52
5 29 8.58
5 30 3.13
5 31 5.06
5 32 1.77
5 33 2.21
5 34 6.37
5 35 0.60
5 36 9.60
5 37 0.71
5 38 1.81
5 39 4.86
5 40 0.64
5 41 8.21
5 42 4.97
5 43 8.61
5 44 5.58
5 45 8.40
5 46 7.98
5 47 2.51
5 48 6.49
5 49 2.17
5 50 2.36
5 51 7.22
5 52 6.41
5 53 9.31
5 54 4.77
5 55 8.67
5 56 3.95
5 57 5.86
5 58 6.37
5 59 1.38
5 60 2.41
5 61 5.93
5 62 2.96
5 63 8.54
5 64 8.56
5 65 0.36
5 66 9.23
5 67 7.25
5 68 2.95
5 69 7.01
5 70 2.75
5 71 7.18
5 72 2.84
5 73 0.03
5 74 5.90
5 75 2.65
5 76 8.39
5 77 4.14
5 78 9.75
5 79 9.61
5 80 6.50
5 81 4.51
5 82 7.12
5 83 5.27
5 84 5.23
5 85 4.57
5 86 8.51
5 87 5.51
5 88 3.67
5 89 1.78
5 90 6.18
5 91 6.67
5 92 7.94
5 93 6.25
5 94 1.82
5 95 7.10
5 96 3.10
5 97 7.84
5 98 9.80
5 99 8.78
6 7 1.10
6 8 5.82
6 9 6.20
6 10 5.01
6 11 5.40
6 12 2.30
6 13 9.34
6 14 6.65
6 15 6.51
6 16 8.76
6 17 2.92
6 18 4.66
6 19 2.29
6 20 2.48
6 21 0.62
6 22 3.15
6 23 5.43
6 24 0.96
6 25 9.64
6 26 0.74
6 27 7.59
6 28 1.73
6 29 4.91
6 30 5.40
6 31 2.44
6 32 7.57
6 33 5.18
6 34 3.37
6 35 0.85
6 36 3.25
6 37 5.76
6 38 5.88
6 39 6.54
6 40 2.94
6 41 7.13
6 42 2.04
6 43 4.80
6 44 7.92
6 45 6.17
6 46 5.95
6 47 3.79
6 48 3.22
6 49 5.36
6 50 8.51
6 51 5.46
6 52 8.50
6 53 2.69
6 54 0.20
6 55 4.25
6 56 6.12
6 57 6.88
6 58 5.26
6 59 4.38
6 60 4.23
6 61 4.58
6 62 7.18
6 63 5.95
6 64 1.59
6 65 1.98
6 66 9.68
6 67 1.29
6 68 8.60
6 69 4.81
6 70 8.48
6 71 6.78
6 72 1.92
6 73 4.15
6 74 2.64
6 75 7.40
6 76 7.97
6 77 9.26
6 78 8.55
6 79 2.51
6 80 2.52
6 81 8.35
6 82 7.74
6 83 8.04
6 84 4.44
6 85 5.81
6 86 7.82
6 87 3.88
6 88 6.08
6 89 3.09
6 90 7.11
6 91 0.36
6 92 5.67
6 93 6.36
6 94 0.07
6 95 9.67
6 96 2.31
6 97 0.43
6 98 2.02
6 99 9.09
7 8 3.68
7 9 1.30
7 10 4.38
7 11 9.63
7 12 9.52
7 13 0.13
7 14 7.28
7 15 2.04
7 16 3.28
7 17 6.18
7 18 7.13
7 19 6.80
7 20 3.21
7 21 8.85
7 22 6.48
7 23 5.09
7 24 10.00
7 25 6.74
7 26 5.34
7 27 4.03
7 28 7.82
7 29 0.76
7 30 0.75
7 31 6.07
7 32 4.39
7 33 1.06
7 34 7.53
7 35 2.23
7 36 1.83
7 37 1.32
7 38 0.74
7 39 5.71
7 40 0.06
7 41 8.67
7 42 5.58
7 43 5.42
7 44 3.33
7 45 5.88
7 46 2.46
7 47 6.58
7 48 2.81
7 49 3.50
7 50 3.86
7 51 2.76
7 52 5.31
7 53 0.41
7 54 0.81
7 55 0.79
7 56 6.73
7 57 8.69
7 58 8.13
7 59 0.10
7 60 3.11
7 61 6.24
7 62 8.30
7 63 1.71
7 64 5.06
7 65 2.27
7 66 6.05
7 67 1.48
7 68 9.20
7 69 6.46
7 70 3.57
7 71 9.19
7 72 6.27
7 73 0.47
7 74 6.24
7 75 2.96
7 76 1.93
7 77 5.73
7 78 4.05
7 79 4.37
7 80 0.50
7 81 3.45
7 82 5.00
7 83 6.38
7 84 5.84
7 85 9.63
7 86 4.20
7 87 6.68
7 88 0.41
7 89 4.45
7 90 7.69
7 91 2.19
7 92 1.66
7 93 6.64
7 94 9.97
7 95 1.31
7 96 4.49
7 97 5.73
7 98 7.49
7 99 2.79
8 9 6.28
8 10 0.81
8 11 7.59
8 12 4.62
8 13 7.08
8 14 5.98
8 15 3.43
8 16 7.99
8 17 2.32
8 18 5.95
8 19 4.26
8 20 3.42
8 21 6.33
8 22 0.26
8 23 3.43
8 24 1.51
8 25 8.24
8 26 0.14
8 27 9.35
8 28 8.20
8 29 2.56
8 30 5.77
8 31 8.41
8 32 7.54
8 33 4.17
8 34 1.45
8 35 6.68
8 36 1.29
8 37 4.29
8 38 1.90
8 39 2.85
8 40 2.14
8 41 1.34
8 42 8.48
8 43 8.36
8 44 6.48
8 45 1.81
8 46 1.64
8 47 2.13
8 48 8.15
8 49 9.73
8 50 8.46
8 51 4.78
8 52 8.35
8 53 2.73
8 54 0.91
8 55 1.08
8 56 6.64
8 57 0.50
8 58 4.98
8 59 2.63
8 60 6.99
8 61 3.83
8 62 8.51
8 63 5.52
8 64 4.11
8 65 9.16
8 66 1.17
8 67 7.28
8 68 8.57
8 69 8.65
8 70 0.70
8 71 3.10
8 72 8.16
8 73 3.11
8 74 8.93
8 75 5.63
8 76 3.94
8 77 5.11
8 78 4.72
8 79 7.69
8 80 9.30
8 81 4.21
8 82 0.83
8 83 2.88
8 84 2.76
8 85 2.38
8 86 9.79
8 87 8.87
8 88 8.31
8 89 8.04
8 90 5.04
8 91 4.48
8 92 7.04
8 93 0.27
8 94 7.93
8 95 5.90
8 96 1.77
8 97 2.18
8 98 5.27
8 99 3.67
9 10 4.35
9 11 9.96
9 12 7.68
9 13 4.51
9 14 3.42
9 15 8.89
9 16 3.14
9 17 5.38
9 18 4.14
9 19 6.12
9 20 4.98
9 21 6.01
9 22 4.24
9 23 0.40
9 24 5.47
9 25 8.51
9 26 7.66
9 27 2.60
9 28 3.49
9 29 2.50
9 30 2.74
9 31 6.86
9 32 2.15
9 33 9.45
9 34 7.00
9 35 7.20
9 36 3.07
9 37 3.55
9 38 5.93
9 39 8.07
9 40 3.44
9 41 9.47
9 42 1.35
9 43 8.35
9 44 9.29
9 45 0.40
9 46 0.06
9 47 4.58
9 48 0.49
9 49 3.79
9 50 1.54
9 51 4.87
9 52 1.28
9 53 8.77
9 54 6.92
9 55 8.03
9 56 5.11
9 57 2.42
9 58 0.18
9 59 8.74
9 60 1.70
9 61 8.92
9 62 7.68
9 63 7.11
9 64 2.67
9 65 9.51
9 66 9.92
9 67 4.92
9 68 0.56
9 69 4.00
9 70 8.38
9 71 3.70
9 72 0.82
9 73 6.70
9 74 7.64
9 75 8.90
9 76 9.26
9 77 2.74
9 78 6.85
9 79 0.01
9 80 3.23
9 81 9.52
9 82 4.16
9 83 8.53
9 84 6.14
9 85 4.79
9 86 3.72
9 87 6.66
9 88 3.30
9 89 7.14
9 90 0.07
9 91 6.33
9 92 4.95
9 93 0.31
9 94 2.37
9 95 0.45
9 96 1.34
9 97 2.58
9 98 8.11
9 99 1.64
10 11 9.99
10 12 4.45
10 13 1.68
10 14 1.25
10 15 9.95
10 16 2.23
10 17 5.32
10 18 0.08
10 19 9.24
10 20 6.29
10 21 7.49
10 22 7.25
10 23 0.16
10 24 5.31
10 25 8.37
10 26 5.02
10 27 6.50
10 28 9.69
10 29 7.88
10 30 3.45
10 31 3.57
10 32 9.35
10 33 2.36
10 34 5.43
10 35 7.87
10 36 9.49
10 37 9.14
10 38 4.25
10 39 0.23
10 40 0.99
10 41 6.40
10 42 5.86
10 43 4.51
10 44 7.01
10 45 2.37
10 46 8.65
10 47 4.90
10 48 2.39
10 49 2.94
10 50 7.94
10 51 8.32
10 52 0.60
10 53 4.04
10 54 1.54
10 55 4.27
10 56 7.12
10 57 3.11
10 58 2.17
10 59 2.07
10 60 7.15
10 61 5.56
10 62 2.19
10 63 8.65
10 64 1.08
10 65 1.80
10 66 6.04
10 67 6.42
10 68 2.98
10 69 7.45
10 70 9.80
10 71 0.00
10 72 9.51
10 73 8.79
10 74 6.74
10 75 0.04
10 76 2.88
10 77 5.61
10 78 5.24
10 79 9.51
10 80 2.59
10 81 6.23
10 82 2.36
10 83 8.93
10 84 7.75
10 85 6.96
10 86 3.60
10 87 9.69
10 88 8.98
10 89 6.89
10 90 7.59
10 91 4.98
10 92 3.90
10 93 5.55
10 94 3.45
10 95 0.92
10 96 5.95
10 97 6.74
10 98 9.53
10 99 1.82
11 12 4.23
11 13 9.11
11 14 1.06
11 15 5.10
11 16 9.29
11 17 1.57
11 18 7.75
11 19 0.24
11 20 5.52
11 21 5.16
11 22 8.17
11 23 6.09
11 24 7.41
11 25 1.63
11 26 1.83
11 27 7.45
11 28 1.88
11 29 2.81
11 30 3.67
11 31 6.66
11 32 9.52
11 33 8.43
11 34 1.06
11 35 5.14
11 36 2.61
11 37 4.33
11 38 9.05
11 39 3.59
11 40 1.90
11 41 8.72
11 42 7.66
11 43 4.40
11 44 2.31
11 45 6.52
11 46 6.61
11 47 8.44
11 48 4.85
11 49 2.21
11 50 5.54
11 51 9.68
11 52 3.95
11 53 8.65
11 54 7.48
11 55 9.47
11 56 7.93
11 57 9.31
11 58 8.98
11 59 6.86
11 60 8.00
11 61 0.54
11 62 3.65
11 63 1.89
11 64 4.03
11 65 2.24
11 66 8.03
11 67 0.95
11 68 9.73
11 69 7.99
11 70 4.65
11 71 8.50
11 72 9.38
11 73 8.74
11 74 3.54
11 75 0.65
11 76 2.39
11 77 6.31
11 78 8.05
11 79 0.10
11 80 8.59
11 81 3.58
11 82 8.56
11 83 9.66
11 84 4.34
11 85 2.07
11 86 5.27
11 87 8.39
11 88 0.94
11 89 0.39
11 90 4.45
11 91 8.43
11 92 3.17
11 93 1.36
11 94 4.83
11 95 0.54
11 96 0.29
11 97 9.25
11 98 3.60
11 99 8.53
12 13 6.47
12 14 2.27
12 15 9.37
12 16 8.09
12 17 0.38
12 18 7.01
12 19 4.26
12 20 1.57
12 21 7.23
12 22 5.72
12 23 2.58
12 24 8.50
12 25 8.79
12 26 0.38
12 27 9.14
12 28 5.44
12 29 0.19
12 30 4.15
12 31 1.60
12 32 8.86
12 33 7.77
12 34 9.89
12 35 1.00
12 36 9.98
12 37 6.25
12 38 7.08
12 39 1.37
12 40 7.47
12 41 2.94
12 42 10.00
12 43 2.95
12 44 5.21
12 45 1.25
12 46 1.08
12 47 7.57
12 48 6.95
12 49 2.02
12 50 7.87
12 51 6.14
12 52 0.69
12 53 3.24
12 54 3.48
12 55 9.04
12 56 9.11
12 57 8.89
12 58 4.46
12 59 4.09
12 60 5.06
12 61 2.12
12 62 7.00
12 63 0.93
12 64 0.40
12 65 8.86
12 66 7.27
12 67 7.95
12 68 0.83
12 69 3.76
12 70 4.87
12 71 5.47
12 72 1.85
12 73 7.66
12 74 3.44
12 75 1.89
12 76 7.62
12 77 2.36
12 78 7.68
12 79 3.44
12 80 9.08
12 81 5.57
12 82 5.72
12 83 6.03
12 84 0.84
12 85 6.72
12 86 5.66
12 87 4.23
12 88 5.72
12 89 6.80
12 90 9.18
12 91 7.10
12 92 9.12
12 93 1.81
12 94 9.53
12 95 3.23
12 96 6.35
12 97 5.07
12 98 0.10
12 99 5.45
13 14 5.05
13 15 4.04
13 16 8.82
13 17 6.85
13 18 6.02
13 19 3.09
13 20 7.22
13 21 9.30
13 22 1.96
13 23 0.69
13 24 8.02
13 25 5.63
13 26 7.54
13 27 0.37
13 28 4.82
13 29 6.00
13 30 0.73
13 31 0.37
13 32 8.83
13 33 9.33
13 34 3.64
13 35 0.72
13 36 5.24
13 37 6.92
13 38 0.20
13 39 9.46
13 40 7.19
13 41 3.36
13 42 9.74
13 43 4.34
13 44 7.81
13 45 2.85
13 46 9.48
13 47 5.51
13 48 0.49
13 49 2.49
13 50 2.86
13 51 6.07
13 52 4.20
13 53 2.24
13 54 5.89
13 55 2.52
13 56 7.82
13 57 1.06
13 58 8.18
13 59 6.21
13 60 3.90
13 61 8.34
13 62 8.58
13 63 8.70
13 64 3.07
13 65 4.75
13 66 7.53
13 67 1.01
13 68 1.22
13 69 2.88
13 70 7.18
13 71 0.53
13 72 8.89
13 73 4.23
13 74 4.58
13 75 7.19
13 76 4.18
13 77 6.08
13 78 7.17
13 79 3.64
13 80 9.90
13 81 0.82
13 82 8.24
13 83 3.98
13 84 2.85
13 85 8.53
13 86 1.81
13 87 5.78
13 88 1.12
13 89 5.44
13 90 6.23
13 91 9.59
13 92 3.84
13 93 1.54
13 94 3.78
13 95 2.71
13 96 1.64
13 97 4.19
13 98 8.85
13 99 1.12
14 15 0.39
14 16 1.23
14 17 0.67
14 18 9.61
14 19 0.79
14 20 8.61
14 21 1.66
14 22 9.73
14 23 2.30
14 24 1.10
14 25 7.86
14 26 2.84
14 27 9.35
14 28 1.90
14 29 2.89
14 30 4.17
14 31 9.37
14 32 9.08
14 33 5.64
14 34 1.28
14 35 5.45
14 36 3.82
14 37 7.81
14 38 1.61
14 39 9.77
14 40 0.93
14 41 5.97
14 42 6.17
14 43 9.25
14 44 5.56
14 45 2.86
14 46 7.49
14 47 1.43
14 48 8.57
14 49 8.63
14 50 4.06
14 51 8.14
14 52 8.65
14 53 2.69
14 54 8.51
14 55 1.50
14 56 1.75
14 57 1.85
14 58 4.47
14 59 7.07
14 60 0.58
14 61 8.69
14 62 8.65
14 63 2.66
14 64 6.04
14 65 8.61
14 66 2.45
14 67 8.33
14 68 6.75
14 69 7.22
14 70 5.69
14 71 7.13
14 72 8.57
14 73 8.75
14 74 2.61
14 75 5.95
14 76 4.62
14 77 5.37
14 78 8.21
14 79 1.85
14 80 1.95
14 81 0.30
14 82 2.07
14 83 1.79
14 84 6.98
14 85 3.22
14 86 4.29
14 87 9.93
14 88 6.41
14 89 8.42
14 90 3.97
14 91 4.67
14 92 5.83
14 93 7.82
14 94 7.11
14 95 4.90
14 96 4.77
14 97 9.13
14 98 0.88
14 99 3.24
15 16 3.90
15 17 6.48
15 18 9.20
15 19 4.31
15 20 0.56
15 21 6.98
15 22 5.81
15 23 6.12
15 24 1.67
15 25 4.83
15 26 4.52
15 27 9.57
15 28 7.63
15 29 7.91
15 30 7.80
15 31 4.75
15 32 7.87
15 33 8.09
15 34 3.38
15 35 7.03
15 36 4.69
15 37 2.75
15 38 7.46
15 39 2.73
15 40 4.07
15 41 3.63
15 42 6.37
15 43 0.75
15 44 2.08
15 45 9.67
15 46 8.49
15 47 6.97
15 48 9.00
15 49 1.60
15 50 6.84
15 51 6.00
15 52 8.54
15 53 7.16
15 54 3.42
15 55 0.69
15 56 7.55
15 57 2.15
15 58 4.39
15 59 4.54
15 60 9.99
15 61 4.61
15 62 3.79
15 63 9.84
15 64 8.43
15 65 2.12
15 66 3.87
15 67 4.76
15 68 3.80
15 69 2.37
15 70 8.18
15 71 5.39
15 72 7.68
15 73 0.23
15 74 7.86
15 75 3.77
15 76 0.20
15 77 0.47
15 78 7.93
15 79 7.88
15 80 8.25
15 81 9.77
15 82 2.03
15 83 6.39
15 84 7.39
15 85 8.45
15 86 6.06
15 87 2.99
15 88 6.89
15 89 3.90
15 90 3.70
15 91 3.42
15 92 5.24
15 93 1.35
15 94 3.30
15 95 0.86
15 96 9.01
15 97 3.31
15 98 7.38
15 99 6.68
16 17 2.31
16 18 5.23
16 19 5.67
16 20 1.09
16 21 9.20
16 22 0.61
16 23 0.70
16 24 8.81
16 25 2.45
16 26 4.14
16 27 6.36
16 28 0.47
16 29 6.92
16 30 8.40
16 31 7.44
16 32 8.62
16 33 7.92
16 34 5.92
16 35 0.45
16 36 1.53
16 37 0.71
16 38 7.14
16 39 0.96
16 40 9.35
16 41 7.09
16 42 2.32
16 43 8.46
16 44 8.48
16 45 7.16
16 46 0.55
16 47 8.46
16 48 2.42
16 49 2.04
16 50 6.83
16 51 3.59
16 52 4.28
16 53 9.42
16 54 4.27
16 55 5.61
16 56 9.01
16 57 5.02
16 58 4.43
16 59 4.97
16 60 9.99
16 61 0.14
16 62 6.74
16 63 3.54
16 64 6.16
16 65 0.04
16 66 8.95
16 67 1.32
16 68 9.83
16 69 0.91
16 70 1.77
16 71 7.31
16 72 9.09
16 73 2.23
16 74 8.05
16 75 6.47
16 76 8.42
16 77 3.45
16 78 6.22
16 79 7.52
16 80 5.45
16 81 7.66
16 82 0.69
16 83 1.08
16 84 6.38
16 85 7.58
16 86 9.38
16 87 5.95
16 88 6.58
16 89 0.95
16 90 4.19
16 91 3.98
16 92 5.50
16 93 7.67
16 94 5.27
16 95 4.93
16 96 8.25
16 97 8.46
16 98 6.48
16 99 5.44
17 18 6.41
17 19 9.69
17 20 6.02
17 21 9.23
17 22 6.76
17 23 0.91
17 24 2.03
17 25 0.71
17 26 9.49
17 27 0.50
17 28 1.24
17 29 6.61
17 30 6.77
17 31 1.09
17 32 2.59
17 33 3.30
17 34 9.38
17 35 3.48
17 36 0.30
17 37 5.04
17 38 6.36
17 39 1.72
17 40 7.81
17 41 0.00
17 42 9.44
17 43 5.92
17 44 3.53
17 45 9.17
17 46 3.08
17 47 0.32
17 48 0.03
17 49 2.15
17 50 4.45
17 51 3.35
17 52 8.72
17 53 2.20
17 54 2.43
17 55 1.38
17 56 6.29
17 57 7.00
17 58 8.45
17 59 4.96
17 60 3.06
17 61 5.83
17 62 7.55
17 63 9.21
17 64 5.32
17 65 3.97
17 66 1.73
17 67 0.10
17 68 4.01
17 69 5.06
17 70 4.31
17 71 1.37
17 72 5.60
17 73 0.85
17 74 3.21
17 75 0.81
17 76 3.03
17 77 9.90
17 78 9.45
17 79 8.42
17 80 6.33
17 81 9.15
17 82 1.18
17 83 1.49
17 84 5.27
17 85 6.41
17 86 6.92
17 87 5.73
17 88 1.50
17 89 4.44
17 90 6.85
17 91 5.41
17 92 8.82
17 93 3.24
17 94 1.40
17 95 8.76
17 96 2.22
17 97 3.51
17 98 4.14
17 99 3.14
18 19 7.21
18 20 1.93
18 21 4.84
18 22 7.00
18 23 6.84
18 24 8.76
18 25 7.93
18 26 0.96
18 27 2.41
18 28 4.49
18 29 5.05
18 30 5.96
18 31 8.83
18 32 6.70
18 33 1.00
18 34 3.06
18 35 5.59
18 36 5.48
18 37 5.09
18 38 1.59
18 39 2.96
18 40 0.11
18 41 8.20
18 42 8.64
18 43 8.89
18 44 7.93
18 45 8.25
18 46 8.96
18 47 1.22
18 48 8.19
18 49 5.19
18 50 0.49
18 51 6.58
18 52 3.70
18 53 7.22
18 54 2.76
18 55 3.31
18 56 1.98
18 57 6.18
18 58 3.12
18 59 2.40
18 60 0.14
18 61 2.41
18 62 5.01
18 63 1.49
18 64 1.92
18 65 6.51
18 66 7.90
18 67 2.69
18 68 3.26
18 69 8.86
18 70 4.45
18 71 6.16
18 72 6.25
18 73 6.80
18 74 1.54
18 75 4.68
18 76 7.17
18 77 9.40
18 78 1.06
18 79 4.35
18 80 3.55
18 81 9.45
18 82 9.59
18 83 7.58
18 84 8.59
18 85 8.07
18 86 0.05
18 87 9.25
18 88 8.72
18 89 8.73
18 90 5.41
18 91 0.36
18 92 8.88
18 93 3.91
18 94 4.74
18 95 2.24
18 96 1.58
18 97 9.24
18 98 3.28
18 99 8.95
19 20 3.21
19 21 8.93
19 22 4.09
19 23 3.81
19 24 2.16
19 25 5.57
19 26 6.75
19 27 2.83
19 28 2.52
19 29 7.08
19 30 4.99
19 31 9.98
19 32 4.16
19 33 7.37
19 34 2.39
19 35 4.09
19 36 7.45
19 37 1.37
19 38 7.94
19 39 4.87
19 40 7.86
19 41 9.24
19 42 6.01
19 43 6.20
19 44 8.93
19 45 9.86
19 46 6.84
19 47 7.59
19 48 1.18
19 49 7.76
19 50 2.04
19 51 8.10
19 52 1.76
19 53 9.06
19 54 1.65
19 55 0.24
19 56 2.83
19 57 8.29
19 58 3.56
19 59 0.35
19 60 8.32
19 61 7.47
19 62 0.50
19 63 6.61
19 64 5.80
19 65 2.77
19 66 9.10
19 67 1.76
19 68 7.02
19 69 8.07
19 70 7.25
19 71 6.75
19 72 1.61
19 73 2.53
19 74 7.58
19 75 7.27
19 76 5.64
19 77 8.16
19 78 5.81
19 79 1.66
19 80 8.28
19 81 6.01
19 82 1.00
19 83 1.08
19 84 0.79
19 85 6.56
19 86 9.53
19 87 9.35
19 88 5.65
19 89 5.78
19 90 1.33
19 91 2.82
19 92 5.66
19 93 2.55
19 94 5.08
19 95 0.88
19 96 6.59
19 97 5.22
19 98 3.50
19 99 0.59
20 21 2.26
20 22 9.87
20 23 4.35
20 24 4.44
20 25 9.89
20 26 2.04
20 27 1.92
20 28 0.88
20 29 1.52
20 30 4.29
20 31 7.37
20 32 9.90
20 33 9.78
20 34 3.42
20 35 2.27
20 36 0.59
20 37 3.57
20 38 2.15
20 39 7.54
20 40 3.09
20 41 8.01
20 42 8.17
20 43 4.27
20 44 9.67
20 45 5.77
20 46 9.23
20 47 9.81
20 48 7.69
20 49 0.78
20 50 3.70
20 51 6.12
20 52 2.97
20 53 9.84
20 54 5.42
20 55 7.49
20 56 7.21
20 57 8.78
20 58 4.40
20 59 1.44
20 60 6.19
20 61 8.62
20 62 4.33
20 63 5.56
20 64 7.11
20 65 3.73
20 66 6.28
20 67 0.79
20 68 3.64
20 69 5.74
20 70 5.00
20 71 9.75
20 72 1.73
20 73 1.88
20 74 8.04
20 75 6.24
20 76 3.68
20 77 9.90
20 78 5.73
20 79 9.99
20 80 4.79
20 81 4.26
20 82 7.59
20 83 2.26
20 84 3.80
20 85 1.88
20 86 2.36
20 87 7.46
20 88 1.21
20 89 3.06
20 90 1.41
20 91 8.66
20 92 5.47
20 93 1.22
20 94 3.83
20 95 7.65
20 96 7.30
20 97 8.82
20 98 6.14
20 99 4.36
21 22 1.69
21 23 1.05
21 24 0.58
21 25 2.37
21 26 8.66
21 27 2.08
21 28 4.07
21 29 8.34
21 30 9.79
21 31 5.92
21 32 0.74
21 33 2.59
21 34 5.44
21 35 9.45
21 36 8.52
21 37 6.16
21 38 1.96
21 39 6.74
21 40 7.82
21 41 3.27
21 42 1.22
21 43 6.27
21 44 4.21
21 45 0.67
21 46 0.28
21 47 5.75
21 48 1.57
21 49 0.95
21 50 7.41
21 51 1.31
21 52 3.12
21 53 3.92
21 54 3.00
21 55 9.53
21 56 3.79
21 57 6.32
21 58 1.44
21 59 2.80
21 60 2.75
21 61 6.76
21 62 2.32
21 63 8.65
21 64 8.02
21 65 7.85
21 66 8.70
21 67 0.08
21 68 3.82
21 69 7.13
21 70 9.74
21 71 9.55
21 72 5.64
21 73 5.67
21 74 8.07
21 75 8.79
21 76 8.61
21 77 5.31
21 78 0.94
21 79 1.01
21 80 5.12
21 81 7.27
21 82 5.16
21 83 7.36
21 84 8.64
21 85 7.40
21 86 0.33
21 87 4.75
21 88 4.95
21 89 4.02
21 90 3.20
21 91 0.36
21 92 6.73
21 93 1.17
21 94 7.99
21 95 0.16
21 96 0.90
21 97 2.55
21 98 0.54
21 99 4.90
22 23 5.42
22 24 0.57
22 25 9.54
22 26 2.57
22 27 6.31
22 28 7.20
22 29 4.87
22 30 8.53
22 31 3.79
22 32 0.63
22 33 6.16
22 34 8.06
22 35 3.97
22 36 2.10
22 37 4.04
22 38 1.24
22 39 8.15
22 40 6.07
22 41 5.47
22 42 3.77
22 43 5.84
22 44 8.14
22 45 7.69
22 46 6.02
22 47 5.91
22 48 4.79
22 49 8.69
22 50 6.44
22 51 6.97
22 52 7.36
22 53 0.85
22 54 7.87
22 55 0.49
22 56 5.51
22 57 9.61
22 58 0.34
22 59 9.48
22 60 1.53
22 61 2.33
22 62 9.62
22 63 9.18
22 64 2.08
22 65 3.43
22 66 3.05
22 67 1.54
22 68 4.12
22 69 5.00
22 70 7.43
22 71 3.55
22 72 9.09
22 73 4.79
22 74 7.72
22 75 8.35
22 76 3.07
22 77 2.71
22 78 0.70
22 79 9.62
22 80 5.97
22 81 3.98
22 82 2.99
22 83 6.23
22 84 0.42
22 85 9.62
22 86 9.01
22 87 4.38
22 88 7.61
22 89 4.04
22 90 8.73
22 91 7.27
22 92 8.92
22 93 1.87
22 94 1.71
22 95 9.49
22 96 7.15
22 97 9.10
22 98 8.52
22 99 7.24
23 24 0.12
23 25 3.43
23 26 2.45
23 27 2.46
23 28 8.46
23 29 9.85
23 30 0.26
23 31 5.79
23 32 2.15
23 33 2.31
23 34 0.35
23 35 7.94
23 36 5.65
23 37 2.33
23 38 6.33
23 39 1.03
23 40 3.51
23 41 8.60
23 42 7.12
23 43 2.65
23 44 0.53
23 45 5.98
23 46 1.52
23 47 6.27
23 48 8.51
23 49 8.94
23 50 1.06
23 51 6.22
23 52 4.25
23 53 2.52
23 54 6.59
23 55 6.36
23 56 1.25
23 57 0.84
23 58 3.22
23 59 9.80
23 60 4.04
23 61 3.10
23 62 8.20
23 63 9.11
23 64 2.78
23 65 4.78
23 66 6.24
23 67 6.45
23 68 2.08
23 69 9.28
23 70 4.73
23 71 9.70
23 72 8.34
23 73 5.48
23 74 9.87
23 75 9.90
23 76 7.17
23 77 6.84
23 78 1.46
23 79 0.14
23 80 5.10
23 81 9.74
23 82 7.24
23 83 0.38
23 84 1.64
23 85 5.97
23 86 8.40
23 87 0.10
23 88 1.12
23 89 3.80
23 90 6.69
23 91 1.16
23 92 5.48
23 93 6.86
23 94 5.94
23 95 5.98
23 96 4.65
23 97 6.38
23 98 1.38
23 99 0.02
24 25 1.46
24 26 1.51
24 27 1.22
24 28 7.78
24 29 9.46
24 30 7.62
24 31 0.34
24 32 0.29
24 33 1.50
24 34 3.18
24 35 7.74
24 36 0.36
24 37 6.91
24 38 1.03
24 39 6.88
24 40 7.19
24 41 2.16
24 42 8.60
24 43 0.27
24 44 7.93
24 45 1.43
24 46 8.63
24 47 1.69
24 48 9.04
24 49 8.81
24 50 9.97
24 51 9.44
24 52 6.94
24 53 8.76
24 54 0.32
24 55 0.72
24 56 5.77
24 57 3.46
24 58 7.10
24 59 7.91
24 60 3.11
24 61 2.81
24 62 5.59
24 63 3.08
24 64 6.41
24 65 3.36
24 66 1.34
24 67 7.17
24 68 9.55
24 69 3.08
24 70 6.60
24 71 5.00
24 72 1.93
24 73 5.41
24 74 5.66
24 75 3.00
24 76 5.71
24 77 2.52
24 78 2.59
24 79 3.34
24 80 7.68
24 81 8.74
24 82 6.06
24 83 1.59
24 84 1.68
24 85 8.77
24 86 9.92
24 87 3.50
24 88 8.42
24 89 2.44
24 90 7.55
24 91 1.99
24 92 3.47
24 93 3.95
24 94 7.95
24 95 4.83
24 96 5.79
24 97 5.98
24 98 0.88
24 99 2.65
25 26 7.60
25 27 5.54
25 28 3.01
25 29 1.02
25 30 8.10
25 31 3.96
25 32 6.98
25 33 2.74
25 34 8.91
25 35 3.67
25 36 9.68
25 37 6.87
25 38 5.65
25 39 2.75
25 40 9.98
25 41 4.85
25 42 1.04
25 43 6.56
25 44 8.62
25 45 7.85
25 46 5.32
25 47 9.45
25 48 7.10
25 49 9.73
25 50 0.16
25 51 0.60
25 52 5.10
25 53 5.76
25 54 1.43
25 55 0.34
25 56 9.51
25 57 2.31
25 58 8.73
25 59 8.71
25 60 2.03
25 61 4.57
25 62 6.07
25 63 7.10
25 64 5.67
25 65 9.48
25 66 2.74
25 67 6.12
25 68 5.90
25 69 5.60
25 70 2.68
25 71 3.00
25 72 7.64
25 73 2.00
25 74 1.77
25 75 3.99
25 76 1.18
25 77 0.63
25 78 5.75
25 79 0.14
25 80 4.97
25 81 9.82
25 82 5.35
25 83 1.29
25 84 6.83
25 85 0.19
25 86 3.89
25 87 4.77
25 88 2.83
25 89 5.03
25 90 2.27
25 91 2.12
25 92 4.50
25 93 7.13
25 94 1.61
25 95 7.62
25 96 3.87
25 97 5.02
25 98 0.76
25 99 5.09
26 27 5.67
26 28 6.67
26 29 2.11
26 30 4.99
26 31 4.94
26 32 7.66
26 33 6.34
26 34 3.22
26 35 1.91
26 36 1.58
26 37 6.72
26 38 8.20
26 39 1.17
26 40 0.20
26 41 3.71
26 42 8.44
26 43 8.50
26 44 2.45
26 45 8.84
26 46 5.28
26 47 8.65
26 48 3.60
26 49 2.62
26 50 7.34
26 51 5.35
26 52 2.78
26 53 4.08
26 54 2.00
26 55 5.40
26 56 6.86
26 57 7.14
26 58 5.58
26 59 3.10
26 60 5.30
26 61 3.21
26 62 8.12
26 63 4.66
26 64 6.02
26 65 4.79
26 66 3.57
26 67 7.67
26 68 8.22
26 69 8.85
26 70 8.85
26 71 7.09
26 72 7.16
26 73 5.42
26 74 1.64
26 75 3.17
26 76 9.10
26 77 2.40
26 78 9.30
26 79 3.17
26 80 8.74
26 81 8.51
26 82 8.49
26 83 9.07
26 84 7.41
26 85 1.74
26 86 1.65
26 87 7.53
26 88 5.08
26 89 2.74
26 90 7.64
26 91 6.30
26 92 3.11
26 93 8.67
26 94 7.74
26 95 1.25
26 96 2.51
26 97 7.71
26 98 3.54
26 99 9.84
27 28 3.63
27 29 5.88
27 30 1.13
27 31 1.21
27 32 4.06
27 33 6.38
27 34 9.32
27 35 8.10
27 36 1.66
27 37 9.36
27 38 9.80
27 39 7.55
27 40 8.63
27 41 5.62
27 42 7.86
27 43 3.43
27 44 4.89
27 45 8.57
27 46 4.91
27 47 2.67
27 48 6.92
27 49 8.68
27 50 7.34
27 51 0.37
27 52 3.30
27 53 1.33
27 54 8.34
27 55 5.02
27 56 6.90
27 57 3.69
27 58 1.38
27 59 5.16
27 60 3.19
27 61 4.29
27 62 8.47
27 63 4.82
27 64 7.06
27 65 1.48
27 66 1.34
27 67 5.53
27 68 9.79
27 69 8.92
27 70 6.33
27 71 4.85
27 72 5.64
27 73 2.34
27 74 8.05
27 75 2.55
27 76 2.00
27 77 4.89
27 78 8.00
27 79 8.38
27 80 7.00
27 81 8.06
27 82 6.28
27 83 3.00
27 84 0.11
27 85 7.97
27 86 3.43
27 87 1.28
27 88 3.65
27 89 1.65
27 90 5.28
27 91 1.32
27 92 8.18
27 93 8.17
27 94 6.14
27 95 0.53
27 96 7.92
27 97 6.17
27 98 0.68
27 99 9.35
28 29 1.01
28 30 0.42
28 31 0.60
28 32 3.87
28 33 0.29
28 34 8.34
28 35 0.35
28 36 9.71
28 37 4.19
28 38 0.30
28 39 1.50
28 40 6.68
28 41 3.56
28 42 8.93
28 43 1.94
28 44 4.37
28 45 2.84
28 46 3.22
28 47 2.41
28 48 2.56
28 49 8.53
28 50 4.94
28 51 5.28
28 52 3.60
28 53 0.14
28 54 4.87
28 55 4.49
28 56 5.14
28 57 3.05
28 58 0.00
28 59 7.58
28 60 5.55
28 61 3.04
28 62 5.61
28 63 9.87
28 64 9.24
28 65 1.91
28 66 2.98
28 67 5.87
28 68 0.66
28 69 6.78
28 70 2.78
28 71 1.36
28 72 7.60
28 73 4.81
28 74 6.35
28 75 8.80
28 76 2.89
28 77 9.66
28 78 4.39
28 79 3.31
28 80 2.98
28 81 0.09
28 82 2.53
28 83 3.74
28 84 4.73
28 85 3.84
28 86 6.48
28 87 0.09
28 88 7.55
28 89 0.20
28 90 9.06
28 91 0.27
28 92 9.59
28 93 4.08
28 94 6.23
28 95 3.29
28 96 0.82
28 97 8.36
28 98 7.40
28 99 2.76
29 30 4.17
29 31 3.62
29 32 6.59
29 33 5.22
29 34 3.44
29 35 3.21
29 36 0.47
29 37 7.27
29 38 3.31
29 39 1.27
29 40 3.64
29 41 1.19
29 42 5.11
29 43 1.83
29 44 7.94
29 45 1.18
29 46 0.62
29 47 9.11
29 48 7.99
29 49 1.03
29 50 4.48
29 51 2.54
29 52 2.62
29 53 9.26
29 54 3.02
29 55 6.56
29 56 0.89
29 57 9.79
29 58 2.73
29 59 1.50
29 60 3.15
29 61 4.18
29 62 2.73
29 63 2.66
29 64 6.92
29 65 6.28
29 66 2.65
29 67 4.98
29 68 3.66
29 69 0.71
29 70 5.16
29 71 0.35
29 72 3.84
29 73 8.20
29 74 8.86
29 75 1.40
29 76 8.80
29 77 7.01
29 78 4.66
29 79 3.40
29 80 6.73
29 81 1.51
29 82 4.44
29 83 8.73
29 84 1.99
29 85 5.59
29 86 2.64
29 87 7.62
29 88 9.23
29 89 6.07
29 90 8.99
29 91 8.33
29 92 0.59
29 93 5.17
29 94 9.81
29 95 0.22
29 96 8.77
29 97 2.74
29 98 9.43
29 99 2.04
30 31 5.07
30 32 8.46
30 33 2.59
30 34 6.92
30 35 0.18
30 36 3.71
30 37 9.18
30 38 6.84
30 39 0.67
30 40 7.28
30 41 9.28
30 42 3.89
30 43 3.62
30 44 3.69
30 45 5.64
30 46 4.33
30 47 3.28
30 48 6.92
30 49 2.02
30 50 5.01
30 51 4.99
30 52 7.00
30 53 2.92
30 54 2.50
30 55 0.89
30 56 3.97
30 57 1.39
30 58 5.58
30 59 1.06
30 60 1.39
30 61 9.48
30 62 0.39
30 63 2.59
30 64 7.97
30 65 2.16
30 66 0.46
30 67 8.91
30 68 4.98
30 69 9.90
30 70 3.76
30 71 3.33
30 72 5.63
30 73 6.11
30 74 4.34
30 75 4.18
30 76 2.50
30 77 7.83
30 78 1.13
30 79 6.45
30 80 1.11
30 81 8.54
30 82 0.66
30 83 1.07
30 84 8.60
30 85 4.69
30 86 7.66
30 87 5.28
30 88 8.74
30 89 6.88
30 90 5.72
30 91 2.42
30 92 4.55
30 93 9.43
30 94 2.16
30 95 7.61
30 96 1.68
30 97 2.03
30 98 3.73
30 99 0.93
31 32 5.49
31 33 5.05
31 34 4.27
31 35 2.32
31 36 5.29
31 37 7.47
31 38 0.84
31 39 7.98
31 40 7.70
31 41 1.24
31 42 2.36
31 43 4.72
31 44 5.94
31 45 8.74
31 46 0.81
31 47 2.99
31 48 8.27
31 49 0.49
31 50 3.02
31 51 6.48
31 52 4.46
31 53 6.22
31 54 4.03
31 55 5.25
31 56 5.09
31 57 8.98
31 58 7.01
31 59 5.31
31 60 1.20
31 61 3.86
31 62 6.06
31 63 2.56
31 64 2.21
31 65 6.20
31 66 0.18
31 67 8.60
31 68 6.66
31 69 3.29
31 70 1.82
31 71 7.19
31 72 5.54
31 73 6.69
31 74 1.75
31 75 8.88
31 76 3.68
31 77 7.14
31 78 8.89
31 79 9.71
31 80 7.75
31 81 2.45
31 82 3.76
31 83 1.66
31 84 0.46
31 85 1.72
31 86 1.74
31 87 6.41
31 88 4.65
31 89 0.49
31 90 5.93
31 91 8.64
31 92 4.78
31 93 1.24
31 94 6.21
31 95 9.68
31 96 5.16
31 97 6.74
31 98 1.25
31 99 4.97
32 33 2.69
32 34 8.87
32 35 8.95
32 36 8.71
32 37 1.27
32 38 5.64
32 39 9.29
32 40 2.25
32 41 4.04
32 42 9.71
32 43 0.58
32 44 5.83
32 45 5.62
32 46 0.20
32 47 5.36
32 48 8.63
32 49 6.58
32 50 5.48
32 51 7.44
32 52 9.06
32 53 8.46
32 54 2.01
32 55 3.59
32 56 7.80
32 57 2.95
32 58 5.29
32 59 2.72
32 60 6.24
32 61 7.88
32 62 7.89
32 63 3.74
32 64 3.05
32 65 7.09
32 66 9.67
32 67 1.15
32 68 9.20
32 69 4.83
32 70 2.64
32 71 5.59
32 72 6.57
32 73 9.08
32 74 0.97
32 75 6.79
32 76 7.10
32 77 6.91
32 78 2.51
32 79 0.99
32 80 1.69
32 81 9.72
32 82 6.84
32 83 7.71
32 84 6.94
32 85 5.47
32 86 8.85
32 87 2.90
32 88 0.49
32 89 1.73
32 90 5.47
32 91 3.52
32 92 9.35
32 93 1.77
32 94 6.01
32 95 1.70
32 96 1.89
32 97 3.03
32 98 0.32
32 99 3.82
33 34 1.93
33 35 9.75
33 36 4.26
33 37 2.52
33 38 1.50
33 39 5.75
33 40 0.12
33 41 9.10
33 42 1.46
33 43 2.01
33 44 9.84
33 45 3.91
33 46 1.26
33 47 2.74
33 48 1.49
33 49 6.38
33 50 5.57
33 51 7.73
33 52 0.93
33 53 0.29
33 54 8.47
33 55 7.77
33 56 1.04
33 57 8.02
33 58 9.21
33 59 1.07
33 60 1.90
33 61 7.80
33 62 1.62
33 63 7.50
33 64 5.45
33 65 0.00
33 66 9.67
33 67 0.95
33 68 2.85
33 69 2.00
33 70 4.77
33 71 6.19
33 72 9.24
33 73 3.66
33 74 0.54
33 75 7.56
33 76 2.68
33 77 7.08
33 78 2.48
33 79 6.52
33 80 1.65
33 81 1.71
33 82 6.97
33 83 9.98
33 84 0.23
33 85 3.78
33 86 7.65
33 87 0.27
33 88 1.41
33 89 6.13
33 90 8.88
33 91 6.83
33 92 7.89
33 93 0.90
33 94 4.04
33 95 0.65
33 96 5.25
33 97 6.61
33 98 2.04
33 99 0.21
34 35 2.53
34 36 3.18
34 37 8.15
34 38 8.86
34 39 3.38
34 40 8.90
34 41 1.66
34 42 6.38
34 43 8.08
34 44 7.51
34 45 7.97
34 46 2.19
34 47 4.73
34 48 8.46
34 49 4.17
34 50 1.73
34 51 3.47
34 52 5.29
34 53 8.39
34 54 2.74
34 55 6.28
34 56 5.61
34 57 1.04
34 58 4.65
34 59 2.62
34 60 0.65
34 61 4.52
34 62 4.91
34 63 3.22
34 64 2.12
34 65 6.30
34 66 9.61
34 67 3.01
34 68 4.65
34 69 4.58
34 70 9.95
34 71 1.97
34 72 2.63
34 73 2.70
34 74 3.53
34 75 8.87
34 76 3.91
34 77 1.37
34 78 5.68
34 79 9.41
34 80 1.25
34 81 8.75
34 82 2.04
34 83 0.83
34 84 9.09
34 85 4.84
34 86 7.64
34 87 5.43
34 88 9.41
34 89 8.46
34 90 2.01
34 91 6.93
34 92 0.74
34 93 1.13
34 94 1.02
34 95 7.07
34 96 3.63
34 97 1.75
34 98 0.60
34 99 6.86
35 36 3.96
35 37 8.48
35 38 4.35
35 39 7.73
35 40 8.19
35 41 0.58
35 42 8.26
35 43 8.62
35 44 4.77
35 45 5.81
35 46 7.33
35 47 4.85
35 48 6.29
35 49 2.92
35 50 8.38
35 51 9.65
35 52 5.49
35 53 5.94
35 54 0.62
35 55 6.96
35 56 3.34
35 57 0.92
35 58 1.24
35 59 0.86
35 60 3.52
35 61 6.87
35 62 3.11
35 63 0.49
35 64 4.41
35 65 0.26
35 66 6.31
35 67 5.32
35 68 2.91
35 69 9.01
35 70 3.52
35 71 0.13
35 72 4.20
35 73 4.03
35 74 2.23
35 75 3.53
35 76 8.70
35 77 0.54
35 78 2.77
35 79 0.60
35 80 4.38
35 81 2.78
35 82 4.40
35 83 4.39
35 84 8.40
35 85 2.10
35 86 0.52
35 87 1.01
35 88 5.75
35 89 9.81
35 90 4.47
35 91 2.72
35 92 8.77
35 93 6.81
35 94 1.82
35 95 3.61
35 96 9.68
35 97 0.03
35 98 0.36
35 99 3.29
36 37 9.39
36 38 7.01
36 39 4.49
36 40 2.45
36 41 8.17
36 42 0.61
36 43 7.20
36 44 4.04
36 45 3.82
36 46 1.64
36 47 5.74
36 48 4.40
36 49 5.83
36 50 1.70
36 51 6.24
36 52 4.32
36 53 0.30
36 54 8.85
36 55 6.14
36 56 7.76
36 57 4.18
36 58 1.54
36 59 9.51
36 60 7.10
36 61 4.09
36 62 6.76
36 63 2.05
36 64 6.11
36 65 2.02
36 66 9.47
36 67 4.30
36 68 3.80
36 69 7.05
36 70 5.94
36 71 6.70
36 72 6.34
36 73 3.06
36 74 8.86
36 75 5.97
36 76 0.25
36 77 3.25
36 78 9.43
36 79 1.18
36 80 9.14
36 81 3.28
36 82 7.74
36 83 3.54
36 84 9.58
36 85 6.89
36 86 6.94
36 87 0.80
36 88 9.17
36 89 4.27
36 90 9.62
36 91 4.84
36 92 6.40
36 93 3.53
36 94 4.38
36 95 1.33
36 96 3.18
36 97 7.59
36 98 5.99
36 99 0.36
37 38 2.21
37 39 1.75
37 40 5.24
37 41 2.23
37 42 6.95
37 43 9.08
37 44 8.27
37 45 7.87
37 46 3.96
37 47 6.01
37 48 7.79
37 49 2.51
37 50 0.70
37 51 8.36
37 52 5.64
37 53 0.83
37 54 6.32
37 55 0.03
37 56 2.20
37 57 7.73
37 58 7.65
37 59 7.63
37 60 9.58
37 61 6.02
37 62 4.12
37 63 6.78
37 64 8.90
37 65 8.35
37 66 1.37
37 67 9.58
37 68 6.66
37 69 1.81
37 70 0.51
37 71 3.03
37 72 6.40
37 73 6.13
37 74 5.61
37 75 9.66
37 76 4.70
37 77 0.00
37 78 8.71
37 79 1.51
37 80 2.30
37 81 2.96
37 82 0.97
37 83 4.33
37 84 4.71
37 85 6.40
37 86 1.01
37 87 4.75
37 88 0.38
37 89 4.15
37 90 7.33
37 91 0.60
37 92 0.67
37 93 1.54
37 94 1.17
37 95 4.23
37 96 7.59
37 97 3.66
37 98 3.83
37 99 4.14
38 39 1.54
38 40 8.69
38 41 1.69
38 42 3.91
38 43 4.95
38 44 6.21
38 45 8.51
38 46 2.81
38 47 2.80
38 48 3.28
38 49 8.96
38 50 5.24
38 51 7.88
38 52 0.93
38 53 5.14
38 54 2.02
38 55 1.84
38 56 6.74
38 57 2.52
38 58 2.69
38 59 4.74
38 60 4.95
38 61 7.14
38 62 7.78
38 63 5.21
38 64 9.92
38 65 7.64
38 66 9.08
38 67 2.51
38 68 5.71
38 69 7.29
38 70 7.13
38 71 4.23
38 72 5.06
38 73 9.00
38 74 2.66
38 75 3.34
38 76 4.29
38 77 3.92
38 78 6.92
38 79 2.72
38 80 2.09
38 81 1.91
38 82 4.83
38 83 7.98
38 84 4.52
38 85 7.37
38 86 3.60
38 87 2.45
38 88 3.25
38 89 0.59
38 90 0.33
38 91 7.32
38 92 2.07
38 93 1.15
38 94 9.34
38 95 6.32
38 96 8.92
38 97 2.31
38 98 8.40
38 99 1.88
39 40 7.10
39 41 2.23
39 42 5.94
39 43 7.67
39 44 8.93
39 45 0.14
39 46 6.06
39 47 0.32
39 48 7.17
39 49 0.09
39 50 7.68
39 51 0.86
39 52 9.12
39 53 5.41
39 54 10.00
39 55 0.05
39 56 2.23
39 57 3.43
39 58 0.09
39 59 4.76
39 60 1.10
39 61 3.51
39 62 1.31
39 63 6.97
39 64 3.50
39 65 0.53
39 66 9.20
39 67 5.34
39 68 2.85
39 69 2.16
39 70 8.21
39 71 9.53
39 72 2.03
39 73 7.43
39 74 8.50
39 75 1.64
39 76 0.26
39 77 5.44
39 78 1.65
39 79 6.94
39 80 4.62
39 81 1.28
39 82 4.73
39 83 1.13
39 84 5.89
39 85 8.32
39 86 6.70
39 87 8.52
39 88 0.07
39 89 7.62
39 90 6.20
39 91 5.92
39 92 0.08
39 93 3.64
39 94 2.84
39 95 9.03
39 96 7.50
39 97 3.67
39 98 4.75
39 99 6.38
40 41 8.67
40 42 9.53
40 43 6.51
40 44 5.72
40 45 4.03
40 46 6.96
40 47 6.37
40 48 6.32
40 49 9.64
40 50 9.00
40 51 8.26
40 52 2.06
40 53 2.10
40 54 5.26
40 55 0.48
40 56 9.23
40 57 6.79
40 58 4.89
40 59 7.94
40 60 2.95
40 61 7.88
40 62 6.01
40 63 2.32
40 64 9.97
40 65 4.70
40 66 8.35
40 67 8.65
40 68 8.86
40 69 0.19
40 70 8.05
40 71 9.09
40 72 6.42
40 73 4.86
40 74 9.16
40 75 8.59
40 76 6.19
40 77 1.26
40 78 2.18
40 79 1.07
40 80 3.58
40 81 0.46
40 82 6.41
40 83 1.27
40 84 4.51
40 85 3.35
40 86 7.15
40 87 5.80
40 88 0.48
40 89 3.48
40 90 1.37
40 91 4.30
40 92 0.08
40 93 5.29
40 94 2.17
40 95 8.41
40 96 6.32
40 97 8.12
40 98 6.82
40 99 7.91
41 42 1.95
41 43 8.24
41 44 1.60
41 45 3.71
41 46 2.69
41 47 0.37
41 48 8.18
41 49 3.63
41 50 4.93
41 51 9.21
41 52 8.38
41 53 3.21
41 54 7.68
41 55 6.50
41 56 5.49
41 57 8.09
41 58 5.36
41 59 1.02
41 60 4.61
41 61 7.57
41 62 5.87
41 63 8.10
41 64 7.06
41 65 7.59
41 66 1.67
41 67 8.81
41 68 0.54
41 69 3.56
41 70 2.16
41 71 2.92
41 72 9.31
41 73 0.96
41 74 1.98
41 75 1.33
41 76 8.45
41 77 5.18
41 78 8.54
41 79 6.21
41 80 6.22
41 81 2.30
41 82 9.94
41 83 4.87
41 84 9.89
41 85 7.61
41 86 5.70
41 87 5.37
41 88 1.24
41 89 7.94
41 90 4.54
41 91 1.12
41 92 3.89
41 93 0.86
41 94 2.14
41 95 1.38
41 96 6.26
41 97 1.21
41 98 2.94
41 99 4.60
42 43 6.55
42 44 6.89
42 45 6.76
42 46 7.20
42 47 1.16
42 48 3.72
42 49 9.87
42 50 9.26
42 51 8.41
42 52 5.36
42 53 5.40
42 54 4.23
42 55 1.10
42 56 6.17
42 57 1.73
42 58 2.82
42 59 9.43
42 60 6.26
42 61 3.69
42 62 8.88
42 63 8.89
42 64 5.50
42 65 0.99
42 66 6.34
42 67 4.32
42 68 7.39
42 69 2.55
42 70 0.95
42 71 2.48
42 72 7.05
42 73 0.55
42 74 4.92
42 75 9.33
42 76 5.37
42 77 8.22
42 78 6.42
42 79 6.15
42 80 7.04
42 81 5.09
42 82 3.04
42 83 0.87
42 84 3.44
42 85 9.68
42 86 9.37
42 87 2.08
42 88 4.86
42 89 0.70
42 90 0.50
42 91 9.46
42 92 0.66
42 93 6.06
42 94 5.05
42 95 6.67
42 96 3.45
42 97 4.87
42 98 4.11
42 99 0.51
43 44 9.22
43 45 5.74
43 46 0.20
43 47 1.77
43 48 8.45
43 49 6.40
43 50 0.89
43 51 5.93
43 52 4.85
43 53 0.98
43 54 4.52
43 55 1.23
43 56 1.10
43 57 8.05
43 58 1.67
43 59 8.14
43 60 0.61
43 61 4.02
43 62 9.42
43 63 6.65
43 64 2.96
43 65 4.74
43 66 0.76
43 67 1.61
43 68 1.83
43 69 4.49
43 70 6.00
43 71 6.63
43 72 3.92
43 73 9.64
43 74 9.07
43 75 1.18
43 76 3.09
43 77 3.46
43 78 4.15
43 79 0.83
43 80 0.97
43 81 5.69
43 82 5.17
43 83 9.16
43 84 3.73
43 85 9.06
43 86 1.27
43 87 8.45
43 88 2.14
43 89 7.03
43 90 5.85
43 91 9.72
43 92 9.85
43 93 5.22
43 94 7.22
43 95 7.89
43 96 5.10
43 97 2.10
43 98 3.00
43 99 6.44
44 45 7.07
44 46 2.82
44 47 1.35
44 48 3.07
44 49 7.92
44 50 7.61
44 51 3.43
44 52 9.07
44 53 8.55
44 54 0.40
44 55 6.47
44 56 4.92
44 57 9.98
44 58 9.71
44 59 6.12
44 60 3.21
44 61 5.72
44 62 7.36
44 63 6.35
44 64 4.86
44 65 0.10
44 66 1.08
44 67 8.59
44 68 0.63
44 69 2.27
44 70 3.12
44 71 1.22
44 72 5.02
44 73 0.02
44 74 7.50
44 75 8.92
44 76 1.86
44 77 8.16
44 78 5.75
44 79 0.13
44 80 8.10
44 81 4.20
44 82 7.80
44 83 7.52
44 84 8.94
44 85 8.21
44 86 0.79
44 87 0.32
44 88 3.55
44 89 7.79
44 90 0.48
44 91 2.59
44 92 6.90
44 93 9.80
44 94 8.70
44 95 7.68
44 96 8.49
44 97 3.98
44 98 6.07
44 99 7.91
45 46 0.55
45 47 0.09
45 48 5.78
45 49 1.29
45 50 3.06
45 51 9.33
45 52 1.73
45 53 5.39
45 54 9.65
45 55 2.01
45 56 3.27
45 57 6.32
45 58 6.79
45 59 1.15
45 60 8.92
45 61 8.42
45 62 6.59
45 63 5.50
45 64 7.66
45 65 6.84
45 66 0.82
45 67 0.27
45 68 3.33
45 69 1.63
45 70 4.90
45 71 1.54
45 72 4.32
45 73 1.04
45 74 1.14
45 75 7.73
45 76 2.85
45 77 9.60
45 78 1.80
45 79 5.01
45 80 2.73
45 81 8.98
45 82 0.89
45 83 8.08
45 84 6.40
45 85 6.81
45 86 7.55
45 87 1.10
45 88 5.94
45 89 2.09
45 90 6.43
45 91 6.99
45 92 8.47
45 93 0.67
45 94 2.52
45 95 4.61
45 96 0.15
45 97 0.43
45 98 7.83
45 99 4.98
46 47 1.77
46 48 8.29
46 49 9.57
46 50 9.54
46 51 8.44
46 52 4.26
46 53 3.92
46 54 0.55
46 55 3.53
46 56 6.70
46 57 8.07
46 58 6.57
46 59 4.88
46 60 7.67
46 61 4.15
46 62 4.23
46 63 6.15
46 64 9.81
46 65 1.14
46 66 9.07
46 67 4.55
46 68 4.91
46 69 3.30
46 70 8.75
46 71 5.61
46 72 0.45
46 73 6.58
46 74 5.70
46 75 8.00
46 76 4.22
46 77 2.72
46 78 3.24
46 79 3.41
46 80 6.26
46 81 7.68
46 82 6.09
46 83 8.53
46 84 0.01
46 85 9.29
46 86 2.50
46 87 0.88
46 88 7.88
46 89 1.14
46 90 7.00
46 91 1.47
46 92 9.85
46 93 1.97
46 94 2.57
46 95 8.29
46 96 6.30
46 97 1.16
46 98 9.62
46 99 4.06
47 48 6.24
47 49 4.78
47 50 8.90
47 51 7.71
47 52 3.50
47 53 2.24
47 54 8.51
47 55 0.89
47 56 7.53
47 57 3.45
47 58 9.25
47 59 4.72
47 60 3.05
47 61 3.16
47 62 3.57
47 63 6.33
47 64 9.89
47 65 2.13
47 66 4.59
47 67 8.35
47 68 0.92
47 69 1.21
47 70 9.94
47 71 1.48
47 72 8.69
47 73 4.78
47 74 7.01
47 75 7.03
47 76 7.51
47 77 5.79
47 78 0.78
47 79 6.37
47 80 2.50
47 81 6.54
47 82 8.67
47 83 5.47
47 84 0.02
47 85 9.69
47 86 9.53
47 87 1.69
47 88 0.61
47 89 5.27
47 90 1.41
47 91 9.23
47 92 4.87
47 93 6.48
47 94 9.09
47 95 8.50
47 96 3.02
47 97 8.31
47 98 4.89
47 99 6.22
48 49 5.99
48 50 5.26
48 51 4.16
48 52 9.08
48 53 0.61
48 54 0.59
48 55 4.81
48 56 9.03
48 57 1.86
48 58 6.33
48 59 4.25
48 60 1.37
48 61 2.85
48 62 0.54
48 63 9.26
48 64 1.57
48 65 1.00
48 66 5.18
48 67 5.24
48 68 2.69
48 69 1.84
48 70 3.11
48 71 7.95
48 72 3.47
48 73 9.84
48 74 0.56
48 75 1.18
48 76 4.61
48 77 0.31
48 78 2.52
48 79 1.01
48 80 4.54
48 81 10.00
48 82 0.09
48 83 8.51
48 84 8.71
48 85 0.38
48 86 1.07
48 87 8.69
48 88 2.52
48 89 0.33
48 90 1.32
48 91 5.76
48 92 1.36
48 93 0.20
48 94 6.85
48 95 4.44
48 96 5.80
48 97 3.89
48 98 2.65
48 99 0.64
49 50 3.62
49 51 6.33
49 52 5.35
49 53 9.40
49 54 3.95
49 55 8.50
49 56 4.64
49 57 2.57
49 58 9.31
49 59 1.61
49 60 0.38
49 61 7.78
49 62 8.74
49 63 5.49
49 64 4.46
49 65 4.85
49 66 8.37
49 67 0.78
49 68 2.92
49 69 9.71
49 70 7.86
49 71 3.72
49 72 4.15
49 73 1.37
49 74 4.20
49 75 6.82
49 76 6.13
49 77 0.37
49 78 3.09
49 79 7.67
49 80 7.01
49 81 7.85
49 82 6.91
49 83 5.53
49 84 6.34
49 85 4.26
49 86 3.09
49 87 8.90
49 88 3.59
49 89 9.27
49 90 6.74
49 91 5.12
49 92 7.69
49 93 9.28
49 94 7.82
49 95 4.08
49 96 5.04
49 97 8.27
49 98 4.60
49 99 0.93
50 51 9.56
50 52 6.76
50 53 2.91
50 54 3.29
50 55 1.01
50 56 7.73
50 57 3.10
50 58 9.28
50 59 2.75
50 60 7.07
50 61 5.47
50 62 5.41
50 63 8.69
50 64 6.60
50 65 6.27
50 66 8.50
50 67 0.75
50 68 2.22
50 69 8.41
50 70 2.68
50 71 5.55
50 72 7.70
50 73 3.96
50 74 6.22
50 75 0.14
50 76 7.86
50 77 1.04
50 78 0.97
50 79 1.24
50 80 5.11
50 81 0.17
50 82 5.12
50 83 7.06
50 84 5.64
50 85 3.01
50 86 9.54
50 87 4.25
50 88 7.88
50 89 5.59
50 90 2.68
50 91 2.56
50 92 3.77
50 93 8.94
50 94 5.30
50 95 1.04
50 96 8.28
50 97 7.96
50 98 8.24
50 99 6.36
51 52 6.67
51 53 9.62
51 54 1.00
51 55 5.67
51 56 0.26
51 57 9.52
51 58 6.51
51 59 2.27
51 60 4.94
51 61 9.53
51 62 9.93
51 63 8.99
51 64 7.13
51 65 6.53
51 66 0.13
51 67 2.84
51 68 0.46
51 69 7.74
51 70 0.73
51 71 6.96
51 72 6.17
51 73 3.90
51 74 9.18
51 75 4.71
51 76 7.31
51 77 3.77
51 78 0.41
51 79 7.12
51 80 0.70
51 81 0.51
51 82 8.81
51 83 0.28
51 84 8.58
51 85 4.29
51 86 8.41
51 87 5.57
51 88 1.70
51 89 6.94
51 90 9.11
51 91 6.35
51 92 5.68
51 93 2.30
51 94 8.94
51 95 0.27
51 96 0.46
51 97 9.59
51 98 7.41
51 99 9.30
52 53 1.18
52 54 7.89
52 55 4.57
52 56 2.90
52 57 6.18
52 58 5.48
52 59 3.20
52 60 1.32
52 61 6.96
52 62 9.04
52 63 2.57
52 64 1.03
52 65 1.37
52 66 5.00
52 67 1.43
52 68 6.56
52 69 8.00
52 70 9.60
52 71 8.07
52 72 3.59
52 73 5.55
52 74 6.41
52 75 8.89
52 76 3.90
52 77 2.10
52 78 8.85
52 79 2.47
52 80 2.30
52 81 8.92
52 82 3.22
52 83 2.73
52 84 1.90
52 85 0.97
52 86 6.03
52 87 3.24
52 88 8.69
52 89 3.55
52 90 3.86
52 91 5.19
52 92 8.79
52 93 6.14
52 94 3.67
52 95 4.40
52 96 6.83
52 97 0.38
52 98 9.26
52 99 7.77
53 54 8.53
53 55 5.01
53 56 0.80
53 57 9.24
53 58 7.32
53 59 4.96
53 60 8.99
53 61 1.28
53 62 3.73
53 63 8.48
53 64 1.26
53 65 7.74
53 66 6.65
53 67 6.97
53 68 6.55
53 69 2.87
53 70 9.07
53 71 8.02
53 72 1.26
53 73 6.26
53 74 1.27
53 75 6.16
53 76 6.60
53 77 1.38
53 78 2.51
53 79 1.01
53 80 0.60
53 81 5.98
53 82 2.59
53 83 0.47
53 84 3.56
53 85 8.52
53 86 4.44
53 87 1.32
53 88 8.16
53 89 3.47
53 90 2.89
53 91 9.91
53 92 0.89
53 93 5.92
53 94 2.67
53 95 1.35
53 96 6.51
53 97 6.23
53 98 0.13
53 99 1.80
54 55 5.45
54 56 4.61
54 57 1.18
54 58 5.54
54 59 8.73
54 60 1.84
54 61 1.68
54 62 8.08
54 63 2.42
54 64 5.50
54 65 2.32
54 66 1.10
54 67 2.26
54 68 6.04
54 69 1.07
54 70 6.59
54 71 1.21
54 72 5.05
54 73 2.39
54 74 5.60
54 75 5.47
54 76 3.40
54 77 9.85
54 78 7.74
54 79 9.44
54 80 9.25
54 81 4.06
54 82 2.81
54 83 0.63
54 84 7.79
54 85 0.19
54 86 2.53
54 87 2.51
54 88 7.36
54 89 8.64
54 90 6.26
54 91 6.90
54 92 0.64
54 93 0.13
54 94 3.22
54 95 9.17
54 96 6.77
54 97 5.92
54 98 3.53
54 99 5.78
55 56 1.57
55 57 3.79
55 58 4.36
55 59 6.65
55 60 6.59
55 61 4.39
55 62 7.00
55 63 0.98
55 64 0.84
55 65 6.63
55 66 8.44
55 67 3.30
55 68 5.77
55 69 2.20
55 70 9.71
55 71 0.73
55 72 6.33
55 73 7.17
55 74 7.92
55 75 0.24
55 76 6.47
55 77 0.63
55 78 2.99
55 79 1.95
55 80 3.54
55 81 6.82
55 82 5.14
55 83 7.65
55 84 6.26
55 85 6.36
55 86 0.00
55 87 9.38
55 88 2.59
55 89 6.56
55 90 8.33
55 91 1.02
55 92 5.73
55 93 6.92
55 94 4.80
55 95 5.70
55 96 2.89
55 97 5.47
55 98 8.01
55 99 6.62
56 57 3.82
56 58 8.02
56 59 8.90
56 60 3.28
56 61 7.05
56 62 1.96
56 63 3.67
56 64 7.15
56 65 2.19
56 66 9.28
56 67 1.37
56 68 2.13
56 69 0.42
56 70 7.29
56 71 9.99
56 72 7.60
56 73 6.16
56 74 2.80
56 75 2.39
56 76 4.04
56 77 3.02
56 78 1.04
56 79 8.88
56 80 7.56
56 81 9.66
56 82 7.78
56 83 4.41
56 84 1.94
56 85 6.83
56 86 1.80
56 87 6.87
56 88 0.49
56 89 7.63
56 90 8.84
56 91 1.02
56 92 3.35
56 93 0.76
56 94 2.28
56 95 1.44
56 96 3.47
56 97 7.55
56 98 0.67
56 99 7.40
57 58 1.52
57 59 3.92
57 60 0.51
57 61 5.24
57 62 0.41
57 63 9.14
57 64 7.31
57 65 8.36
57 66 1.93
57 67 4.21
57 68 5.71
57 69 1.07
57 70 6.42
57 71 8.98
57 72 7.30
57 73 7.98
57 74 2.67
57 75 0.57
57 76 7.14
57 77 2.95
57 78 1.70
57 79 4.08
57 80 0.89
57 81 9.81
57 82 6.51
57 83 4.18
57 84 3.31
57 85 7.80
57 86 8.00
57 87 4.93
57 88 0.23
57 89 8.06
57 90 3.59
57 91 7.43
57 92 7.86
57 93 3.46
57 94 1.50
57 95 2.58
57 96 9.61
57 97 8.57
57 98 3.05
57 99 6.65
58 59 2.11
58 60 5.28
58 61 9.27
58 62 7.90
58 63 0.95
58 64 7.10
58 65 2.34
58 66 7.63
58 67 6.81
58 68 4.39
58 69 4.31
58 70 9.96
58 71 3.13
58 72 0.32
58 73 5.71
58 74 1.12
58 75 6.75
58 76 4.40
58 77 3.94
58 78 6.67
58 79 4.14
58 80 0.16
58 81 9.42
58 82 8.71
58 83 8.09
58 84 7.81
58 85 0.68
58 86 7.87
58 87 7.25
58 88 1.37
58 89 8.04
58 90 9.36
58 91 5.74
58 92 6.00
58 93 2.50
58 94 1.32
58 95 8.01
58 96 9.90
58 97 0.83
58 98 5.86
58 99 6.31
59 60 7.33
59 61 8.00
59 62 7.91
59 63 9.12
59 64 7.58
59 65 8.56
59 66 1.40
59 67 7.74
59 68 5.50
59 69 6.63
59 70 1.87
59 71 1.53
59 72 7.21
59 73 8.59
59 74 4.18
59 75 5.27
59 76 7.48
59 77 7.62
59 78 6.61
59 79 3.06
59 80 1.31
59 81 4.34
59 82 3.99
59 83 2.99
59 84 6.02
59 85 4.86
59 86 2.35
59 87 3.94
59 88 5.74
59 89 6.98
59 90 8.49
59 91 5.48
59 92 4.35
59 93 3.59
59 94 9.48
59 95 7.46
59 96 2.45
59 97 4.97
59 98 3.48
59 99 5.34
60 61 8.60
60 62 4.31
60 63 8.86
60 64 5.68
60 65 8.69
60 66 3.91
60 67 3.13
60 68 5.88
60 69 1.52
60 70 5.18
60 71 9.47
60 72 4.80
60 73 7.89
60 74 0.93
60 75 0.07
60 76 2.72
60 77 5.74
60 78 3.17
60 79 7.40
60 80 4.62
60 81 4.11
60 82 0.45
60 83 2.54
60 84 2.98
60 85 5.21
60 86 3.87
60 87 6.14
60 88 3.75
60 89 3.61
60 90 9.12
60 91 9.18
60 92 2.89
60 93 2.29
60 94 3.56
60 95 1.57
60 96 4.78
60 97 2.81
60 98 1.11
60 99 2.28
61 62 8.22
61 63 4.84
61 64 9.50
61 65 8.07
61 66 9.42
61 67 0.42
61 68 1.66
61 69 9.16
61 70 2.37
61 71 6.68
61 72 1.52
61 73 5.71
61 74 3.00
61 75 3.71
61 76 4.81
61 77 5.61
61 78 6.44
61 79 8.02
61 80 9.16
61 81 2.54
61 82 9.54
61 83 7.40
61 84 8.27
61 85 9.77
61 86 6.53
61 87 0.54
61 88 7.19
61 89 9.58
61 90 4.63
61 91 6.78
61 92 8.64
61 93 8.63
61 94 0.79
61 95 2.09
61 96 9.93
61 97 0.83
61 98 2.98
61 99 3.54
62 63 3.40
62 64 6.11
62 65 9.44
62 66 1.68
62 67 5.65
62 68 0.59
62 69 2.33
62 70 2.70
62 71 5.64
62 72 2.38
62 73 2.89
62 74 1.40
62 75 9.90
62 76 9.08
62 77 9.32
62 78 7.78
62 79 7.11
62 80 5.15
62 81 5.50
62 82 8.09
62 83 2.30
62 84 2.98
62 85 7.15
62 86 9.44
62 87 6.01
62 88 7.77
62 89 2.86
62 90 5.74
62 91 2.87
62 92 8.80
62 93 1.56
62 94 7.06
62 95 6.16
62 96 1.35
62 97 5.82
62 98 2.08
62 99 8.54
63 64 9.27
63 65 3.68
63 66 8.68
63 67 0.73
63 68 6.54
63 69 3.08
63 70 4.67
63 71 2.90
63 72 0.83
63 73 0.74
63 74 8.35
63 75 3.37
63 76 2.30
63 77 1.23
63 78 6.94
63 79 6.17
63 80 5.21
63 81 6.80
63 82 8.55
63 83 9.22
63 84 9.63
63 85 6.02
63 86 0.70
63 87 1.44
63 88 8.70
63 89 1.55
63 90 8.84
63 91 3.94
63 92 6.82
63 93 2.28
63 94 8.13
63 95 4.36
63 96 4.68
63 97 2.85
63 98 9.68
63 99 3.56
64 65 4.68
64 66 5.31
64 67 2.45
64 68 7.66
64 69 0.31
64 70 6.61
64 71 2.92
64 72 4.31
64 73 4.89
64 74 5.81
64 75 6.98
64 76 0.79
64 77 1.47
64 78 9.97
64 79 5.00
64 80 4.18
64 81 8.20
64 82 1.87
64 83 0.32
64 84 3.84
64 85 8.84
64 86 5.29
64 87 7.59
64 88 8.39
64 89 0.61
64 90 3.91
64 91 7.22
64 92 4.38
64 93 9.50
64 94 0.55
64 95 8.47
64 96 4.32
64 97 5.79
64 98 2.71
64 99 3.35
65 66 9.50
65 67 6.51
65 68 1.73
65 69 6.47
65 70 4.21
65 71 3.55
65 72 0.21
65 73 7.00
65 74 7.12
65 75 1.08
65 76 2.53
65 77 3.48
65 78 1.99
65 79 5.29
65 80 5.24
65 81 1.09
65 82 1.59
65 83 4.15
65 84 5.21
65 85 4.50
65 86 7.79
65 87 6.39
65 88 5.86
65 89 6.73
65 90 9.78
65 91 0.85
65 92 7.15
65 93 4.30
65 94 7.20
65 95 5.67
65 96 4.06
65 97 7.96
65 98 0.07
65 99 7.07
66 67 1.17
66 68 5.70
66 69 9.48
66 70 3.76
66 71 1.86
66 72 1.46
66 73 8.09
66 74 3.78
66 75 7.05
66 76 5.56
66 77 3.71
66 78 6.37
66 79 1.41
66 80 9.36
66 81 6.06
66 82 1.26
66 83 1.72
66 84 6.83
66 85 7.21
66 86 5.38
66 87 5.10
66 88 0.04
66 89 7.51
66 90 8.75
66 91 5.16
66 92 3.67
66 93 0.97
66 94 9.42
66 95 9.56
66 96 2.83
66 97 2.51
66 98 1.11
66 99 0.44
67 68 1.04
67 69 0.37
67 70 3.86
67 71 9.84
67 72 6.13
67 73 6.67
67 74 5.47
67 75 9.90
67 76 1.93
67 77 2.42
67 78 2.77
67 79 8.79
67 80 1.52
67 81 9.58
67 82 8.22
67 83 2.83
67 84 8.70
67 85 1.87
67 86 8.55
67 87 0.21
67 88 2.76
67 89 6.88
67 90 4.58
67 91 3.54
67 92 2.78
67 93 9.55
67 94 1.26
67 95 2.60
67 96 4.86
67 97 4.41
67 98 3.79
67 99 9.34
68 69 9.45
68 70 2.28
68 71 7.16
68 72 2.46
68 73 1.77
68 74 5.42
68 75 9.07
68 76 6.52
68 77 5.01
68 78 1.82
68 79 3.60
68 80 7.42
68 81 9.21
68 82 0.17
68 83 8.69
68 84 6.11
68 85 8.40
68 86 8.24
68 87 1.62
68 88 7.77
68 89 9.58
68 90 4.39
68 91 2.99
68 92 8.57
68 93 7.52
68 94 9.82
68 95 7.55
68 96 6.41
68 97 7.35
68 98 4.17
68 99 1.78
69 70 8.82
69 71 7.80
69 72 2.39
69 73 6.09
69 74 8.36
69 75 7.66
69 76 7.62
69 77 6.43
69 78 4.46
69 79 5.07
69 80 9.20
69 81 0.56
69 82 1.19
69 83 9.76
69 84 0.27
69 85 4.88
69 86 4.76
69 87 2.90
69 88 5.56
69 89 9.55
69 90 5.24
69 91 1.85
69 92 4.53
69 93 0.65
69 94 5.35
69 95 4.37
69 96 1.30
69 97 0.22
69 98 4.18
69 99 7.97
70 71 4.13
70 72 6.99
70 73 1.87
70 74 7.92
70 75 8.92
70 76 2.44
70 77 9.77
70 78 6.57
70 79 8.64
70 80 4.06
70 81 4.30
70 82 6.80
70 83 9.64
70 84 8.78
70 85 8.64
70 86 4.76
70 87 0.02
70 88 9.87
70 89 1.31
70 90 1.06
70 91 9.33
70 92 8.33
70 93 9.06
70 94 5.66
70 95 7.58
70 96 9.62
70 97 6.55
70 98 1.67
70 99 9.93
71 72 5.41
71 73 0.86
71 74 9.19
71 75 3.53
71 76 7.99
71 77 9.53
71 78 0.31
71 79 4.11
71 80 2.36
71 81 4.72
71 82 1.17
71 83 8.33
71 84 3.46
71 85 2.90
71 86 3.22
71 87 5.89
71 88 7.46
71 89 0.91
71 90 3.91
71 91 6.12
71 92 0.13
71 93 4.89
71 94 8.63
71 95 1.43
71 96 6.45
71 97 2.28
71 98 9.12
71 99 3.65
72 73 1.54
72 74 4.18
72 75 3.72
72 76 8.56
72 77 4.86
72 78 8.64
72 79 7.01
72 80 7.88
72 81 0.17
72 82 1.94
72 83 8.10
72 84 6.15
72 85 3.68
72 86 3.70
72 87 3.86
72 88 1.46
72 89 3.11
72 90 1.32
72 91 8.23
72 92 9.57
72 93 4.30
72 94 2.79
72 95 9.56
72 96 0.11
72 97 0.10
72 98 3.39
72 99 6.33
73 74 0.92
73 75 6.27
73 76 8.74
73 77 2.85
73 78 7.88
73 79 7.64
73 80 3.58
73 81 6.60
73 82 7.24
73 83 0.54
73 84 0.73
73 85 0.40
73 86 2.71
73 87 9.66
73 88 1.36
73 89 4.50
73 90 7.25
73 91 7.52
73 92 6.12
73 93 7.14
73 94 8.90
73 95 5.80
73 96 9.88
73 97 9.45
73 98 1.87
73 99 3.95
74 75 6.36
74 76 6.35
74 77 0.31
74 78 5.48
74 79 8.22
74 80 9.91
74 81 0.95
74 82 9.52
74 83 4.47
74 84 5.56
74 85 4.05
74 86 8.77
74 87 1.77
74 88 2.14
74 89 5.77
74 90 7.92
74 91 9.72
74 92 8.41
74 93 4.14
74 94 8.74
74 95 5.90
74 96 5.67
74 97 9.11
74 98 9.59
74 99 7.25
75 76 5.46
75 77 1.02
75 78 3.03
75 79 4.48
75 80 6.80
75 81 3.99
75 82 9.73
75 83 7.99
75 84 1.92
75 85 0.76
75 86 2.34
75 87 7.19
75 88 0.11
75 89 3.25
75 90 2.41
75 91 0.01
75 92 1.33
75 93 7.85
75 94 0.54
75 95 8.28
75 96 9.59
75 97 8.93
75 98 0.27
75 99 6.93
76 77 2.12
76 78 4.69
76 79 3.52
76 80 8.70
76 81 4.25
76 82 7.57
76 83 8.48
76 84 7.35
76 85 2.35
76 86 3.33
76 87 3.92
76 88 4.91
76 89 3.57
76 90 5.23
76 91 6.07
76 92 7.15
76 93 6.99
76 94 4.33
76 95 7.92
76 96 6.87
76 97 7.62
76 98 5.82
76 99 4.55
77 78 7.42
77 79 9.09
77 80 0.15
77 81 7.83
77 82 7.53
77 83 7.22
77 84 2.36
77 85 4.93
77 86 2.09
77 87 5.58
77 88 8.45
77 89 8.44
77 90 0.39
77 91 4.98
77 92 3.72
77 93 1.26
77 94 9.24
77 95 6.48
77 96 4.54
77 97 1.95
77 98 2.98
77 99 8.63
78 79 9.76
78 80 0.31
78 81 3.29
78 82 1.24
78 83 4.12
78 84 0.91
78 85 0.94
78 86 5.66
78 87 9.93
78 88 6.38
78 89 2.37
78 90 1.85
78 91 4.92
78 92 8.02
78 93 1.31
78 94 0.69
78 95 1.25
78 96 4.54
78 97 5.06
78 98 1.31
78 99 8.66
79 80 2.05
79 81 8.46
79 82 1.87
79 83 0.93
79 84 3.99
79 85 6.04
79 86 3.25
79 87 6.74
79 88 2.32
79 89 3.36
79 90 1.74
79 91 3.69
79 92 7.06
79 93 0.78
79 94 6.00
79 95 8.60
79 96 6.76
79 97 4.48
79 98 6.69
79 99 9.12
80 81 1.95
80 82 0.09
80 83 2.38
80 84 1.97
80 85 3.99
80 86 8.75
80 87 7.61
80 88 2.32
80 89 3.57
80 90 4.40
80 91 3.96
80 92 5.22
80 93 5.71
80 94 3.62
80 95 2.89
80 96 0.08
80 97 2.06
80 98 8.16
80 99 9.25
81 82 1.80
81 83 7.13
81 84 8.21
81 85 4.03
81 86 3.37
81 87 6.74
81 88 1.10
81 89 3.69
81 90 7.22
81 91 7.63
81 92 1.76
81 93 4.65
81 94 1.55
81 95 0.36
81 96 9.64
81 97 6.92
81 98 0.16
81 99 2.39
82 83 5.56
82 84 0.17
82 85 4.91
82 86 5.94
82 87 8.09
82 88 3.20
82 89 5.41
82 90 4.82
82 91 8.33
82 92 0.46
82 93 5.08
82 94 4.04
82 95 9.09
82 96 1.38
82 97 4.53
82 98 2.86
82 99 1.10
83 84 0.06
83 85 8.39
83 86 4.25
83 87 1.33
83 88 6.33
83 89 0.82
83 90 7.90
83 91 5.32
83 92 5.50
83 93 6.26
83 94 9.64
83 95 5.63
83 96 5.79
83 97 7.05
83 98 2.88
83 99 7.64
84 85 2.41
84 86 2.21
84 87 8.20
84 88 2.39
84 89 4.10
84 90 6.72
84 91 2.59
84 92 2.50
84 93 9.27
84 94 1.59
84 95 2.52
84 96 7.92
84 97 8.94
84 98 8.26
84 99 8.40
85 86 2.42
85 87 5.07
85 88 9.82
85 89 0.20
85 90 6.31
85 91 7.63
85 92 6.80
85 93 4.82
85 94 8.52
85 95 5.48
85 96 1.36
85 97 9.87
85 98 8.69
85 99 3.66
86 87 1.43
86 88 2.46
86 89 1.71
86 90 6.92
86 91 2.32
86 92 2.52
86 93 8.74
86 94 0.35
86 95 6.37
86 96 7.81
86 97 9.25
86 98 7.22
86 99 3.89
87 88 7.86
87 89 6.07
87 90 0.76
87 91 5.29
87 92 4.00
87 93 3.85
87 94 1.42
87 95 1.09
87 96 2.26
87 97 0.92
87 98 0.18
87 99 4.87
88 89 5.67
88 90 1.36
88 91 5.28
88 92 6.70
88 93 0.73
88 94 8.74
88 95 2.26
88 96 0.14
88 97 8.61
88 98 5.59
88 99 6.43
89 90 9.83
89 91 8.16
89 92 0.18
89 93 5.76
89 94 0.84
89 95 4.77
89 96 0.22
89 97 1.89
89 98 7.08
89 99 4.25
90 91 1.31
90 92 6.91
90 93 3.31
90 94 8.64
90 95 7.84
90 96 5.73
90 97 0.41
90 98 1.88
90 99 2.98
91 92 2.77
91 93 1.77
91 94 9.53
91 95 4.40
91 96 4.36
91 97 8.37
91 98 3.02
91 99 8.76
92 93 2.10
92 94 7.43
92 95 6.20
92 96 5.61
92 97 9.64
92 98 3.23
92 99 9.34
93 94 2.33
93 95 6.27
93 96 6.98
93 97 2.99
93 98 9.52
93 99 8.18
94 95 7.53
94 96 5.01
94 97 3.67
94 98 5.91
94 99 4.96
95 96 9.78
95 97 4.98
95 98 4.28
95 99 6.43
96 97 3.48
96 98 8.38
96 99 3.97
97 98 1.81
97 99 7.96
98 99 1.84
