100 10
0 1 6.75
0 2 4.94
0 3 7.93
0 4 5.14
0 5 1.52
0 6 0.86
0 7 9.66
0 8 8.86
0 9 7.24
0 10 4.34
0 11 9.53
0 12 1.06
0 13 0.89
0 14 0.00
0 15 3.35
0 16 2.31
0 17 8.90
0 18 3.20
0 19 8.82
0 20 5.22
0 21 3.52
0 22 0.39
0 23 1.72
0 24 8.77
0 25 7.52
0 26 7.89
0 27 7.20
0 28 5.63
0 29 5.89
0 30 9.84
0 31 4.75
0 32 9.31
0 33 2.50
0 34 2.91
0 35 8.15
0 36 4.51
0 37 2.13
0 38 1.07
0 39 5.25
0 40 5.13
0 41 9.85
0 42 2.09
0 43 0.63
0 44 2.75
0 45 5.27
0 46 6.04
0 47 9.61
0 48 3.35
0 49 3.30
0 50 6.89
0 51 3.00
0 52 0.86
0 53 6.61
0 54 0.24
0 55 1.26
0 56 8.37
0 57 7.72
0 58 7.32
0 59 4.83
0 60 9.05
0 61 6.67
0 62 5.41
0 63 9.19
0 64 2.93
0 65 2.02
0 66 8.26
0 67 0.81
0 68 1.49
0 69 4.52
0 70 9.60
0 71 0.77
0 72 7.01
0 73 6.41
0 74 2.58
0 75 5.77
0 76 9.49
0 77 1.98
0 78 6.62
0 79 7.49
0 80 2.30
0 81 7.36
0 82 1.48
0 83 2.44
0 84 2.10
0 85 1.35
0 86 8.82
0 87 6.22
0 88 5.05
0 89 5.26
0 90 1.82
0 91 0.23
0 92 4.76
0 93 7.08
0 94 6.42
0 95 2.88
0 96 1.63
0 97 5.91
0 98 6.98
0 99 0.83
1 2 2.22
1 3 4.81
1 4 0.17
1 5 9.69
1 6 8.24
1 7 9.18
1 8 7.35
1 9 0.75
1 10 0.60
1 11 7.74
1 12 9.18
1 13 2.01
1 14 8.40
1 15 8.91
1 16 8.42
1 17 7.67
1 18 6.02
1 19 1.72
1 20 6.40
1 21 6.61
1 22 3.98
1 23 8.44
1 24 9.24
1 25 4.64
1 26 9.24
1 27 7.18
1 28 0.23
1 29 3.01
1 30 8.65
1 31 2.43
1 32 9.45
1 33 2.57
1 34 6.14
1 35 1.46
1 36 0.32
1 37 5.24
1 38 8.85
1 39 2.40
1 40 8.20
1 41 9.67
1 42 0.23
1 43 7.14
1 44 3.93
1 45 1.44
1 46 9.64
1 47 0.34
1 48 8.37
1 49 0.05
1 50 9.26
1 51 0.01
1 52 9.28
1 53 2.19
1 54 7.89
1 55 1.19
1 56 1.56
1 57 6.42
1 58 1.05
1 59 6.82
1 60 0.92
1 61 6.12
1 62 6.82
1 63 5.88
1 64 6.51
1 65 8.91
1 66 7.30
1 67 6.28
1 68 2.59
1 69 2.82
1 70 3.41
1 71 4.93
1 72 2.33
1 73 1.82
1 74 1.60
1 75 1.56
1 76 6.33
1 77 5.86
1 78 6.37
1 79 0.85
1 80 6.33
1 81 7.59
1 82 2.00
1 83 7.76
1 84 6.57
1 85 3.29
1 86 5.75
1 87 7.16
1 88 9.01
1 89 2.69
1 90 3.39
1 91 1.91
1 92 7.41
1 93 6.47
1 94 0.31
1 95 2.18
1 96 1.37
1 97 3.98
1 98 8.77
1 99 5.59
2 3 5.05
2 4 2.48
2 5 7.83
2 6 4.25
2 7 1.87
2 8 3.98
2 9 2.62
2 10 9.12
2 11 5.08
2 12 9.44
2 13 5.18
2 14 0.70
2 15 3.82
2 16 7.31
2 17 0.08
2 18 8.63
2 19 9.19
2 20 9.81
2 21 8.22
2 22 8.27
2 23 3.58
2 24 2.71
2 25 4.36
2 26 7.92
2 27 2.01
2 28 2.19
2 29 1.05
2 30 2.24
2 31 1.44
2 32 2.77
2 33 7.23
2 34 6.74
2 35 3.97
2 36 3.32
2 37 3.36
2 38 9.07
2 39 5.50
2 40 2.30
2 41 5.33
2 42 1.62
2 43 4.54
2 44 3.45
2 45 0.49
2 46 7.70
2 47 7.38
2 48 1.53
2 49 9.17
2 50 2.57
2 51 1.52
2 52 8.87
2 53 0.34
2 54 5.46
2 55 8.04
2 56 4.25
2 57 5.88
2 58 4.60
2 59 9.90
2 60 9.76
2 61 7.12
2 62 7.40
2 63 0.53
2 64 2.69
2 65 9.49
2 66 6.24
2 67 6.37
2 68 5.78
2 69 5.79
2 70 4.92
2 71 0.69
2 72 7.64
2 73 4.23
2 74 1.23
2 75 9.67
2 76 7.17
2 77 2.22
2 78 3.95
2 79 5.61
2 80 9.82
2 81 1.83
2 82 0.60
2 83 4.82
2 84 4.08
2 85 6.55
2 86 6.72
2 87 3.71
2 88 2.26
2 89 3.70
2 90 6.24
2 91 7.62
2 92 0.77
2 93 4.97
2 94 7.38
2 95 0.76
2 96 2.96
2 97 6.30
2 98 6.17
2 99 1.30
3 4 5.31
3 5 2.94
3 6 1.33
3 7 9.07
3 8 2.02
3 9 2.54
3 10 9.96
3 11 3.01
3 12 3.46
3 13 0.07
3 14 4.06
3 15 1.85
3 16 7.21
3 17 7.60
3 18 6.34
3 19 2.22
3 20 3.86
3 21 4.21
3 22 0.66
3 23 9.02
3 24 0.09
3 25 0.35
3 26 5.45
3 27 6.84
3 28 1.10
3 29 5.63
3 30 7.73
3 31 9.55
3 32 4.35
3 33 6.35
3 34 9.74
3 35 5.81
3 36 3.74
3 37 2.74
3 38 7.45
3 39 5.32
3 40 6.92
3 41 9.99
3 42 7.92
3 43 7.41
3 44 1.26
3 45 2.77
3 46 8.54
3 47 6.67
3 48 6.92
3 49 5.14
3 50 8.20
3 51 6.18
3 52 6.45
3 53 6.25
3 54 9.92
3 55 1.87
3 56 0.43
3 57 2.35
3 58 2.09
3 59 4.87
3 60 7.92
3 61 4.54
3 62 4.93
3 63 1.50
3 64 1.99
3 65 3.81
3 66 8.08
3 67 8.01
3 68 2.53
3 69 1.15
3 70 8.75
3 71 5.53
3 72 5.41
3 73 4.86
3 74 5.19
3 75 1.00
3 76 2.56
3 77 3.47
3 78 4.41
3 79 6.80
3 80 9.22
3 81 6.70
3 82 0.00
3 83 8.96
3 84 1.70
3 85 0.41
3 86 1.18
3 87 0.70
3 88 0.48
3 89 2.83
3 90 2.58
3 91 3.86
3 92 5.87
3 93 1.74
3 94 0.80
3 95 0.12
3 96 6.21
3 97 9.87
3 98 0.60
3 99 7.44
4 5 9.61
4 6 8.24
4 7 6.96
4 8 6.83
4 9 2.60
4 10 2.75
4 11 3.32
4 12 2.50
4 13 6.06
4 14 2.51
4 15 9.91
4 16 6.44
4 17 0.21
4 18 7.50
4 19 9.43
4 20 6.72
4 21 6.56
4 22 2.05
4 23 9.77
4 24 7.55
4 25 9.26
4 26 9.04
4 27 2.59
4 28 5.27
4 29 7.71
4 30 4.14
4 31 2.80
4 32 2.31
4 33 0.73
4 34 3.98
4 35 7.85
4 36 9.07
4 37 8.08
4 38 9.50
4 39 3.56
4 40 7.67
4 41 9.23
4 42 1.08
4 43 6.54
4 44 6.39
4 45 0.72
4 46 7.83
4 47 6.28
4 48 8.85
4 49 0.18
4 50 3.30
4 51 8.93
4 52 5.78
4 53 0.90
4 54 9.94
4 55 1.78
4 56 4.36
4 57 4.22
4 58 6.61
4 59 0.67
4 60 4.91
4 61 3.54
4 62 4.93
4 63 9.01
4 64 5.25
4 65 5.58
4 66 6.32
4 67 3.62
4 68 3.89
4 69 9.13
4 70 5.54
4 71 3.39
4 72 7.31
4 73 9.22
4 74 3.24
4 75 0.52
4 76 8.18
4 77 4.48
4 78 5.03
4 79 6.45
4 80 4.07
4 81 2.01
4 82 2.71
4 83 6.26
4 84 1.75
4 85 4.63
4 86 5.66
4 87 5.79
4 88 9.60
4 89 2.32
4 90 8.24
4 91 2.83
4 92 5.56
4 93 4.87
4 94 0.12
4 95 4.63
4 96 4.71
4 97 7.12
4 98 6.52
4 99 2.67
5 6 6.93
5 7 6.12
5 8 0.49
5 9 7.62
5 10 1.43
5 11 6.09
5 12 6.98
5 13 8.73
5 14 3.87
5 15 3.76
5 16 8.80
5 17 3.48
5 18 3.65
5 19 8.77
5 20 2.32
5 21 5.53
5 22 2.57
5 23 7.19
5 24 8.31
5 25 3.31
5 26 1.03
5 27 8.93
5 28 4.77
5 29 9.95
5 30 7.28
5 31 5.74
5 32 3.62
5 33 6.57
5 34 3.20
5 35 1.38
5 36 0.20
5 37 8.23
5 38 0.75
5 39 7.31
5 40 9.21
5 41 8.29
5 42 5.26
5 43 7.68
5 44 1.62
5 45 2.64
5 46 3.72
5 47 1.02
5 48 0.22
5 49 7.85
5 50 1.90
5 51 9.18
5 52 6.25
5 53 2.76
5 54 4.97
5 55 3.56
5 56 3.48
5 57 6.82
5 58 6.11
5 59 0.97
5 60 4.68
5 61 2.37
5 62 4.44
5 63 8.45
5 64 8.26
5 65 0.82
5 66 0.49
5 67 9.50
5 68 8.84
5 69 9.44
5 70 0.94
5 71 9.00
5 72 3.32
5 73 0.19
5 74 8.73
5 75 6.96
5 76 3.38
5 77 9.23
5 78 2.90
5 79 1.63
5 80 7.97
5 81 2.05
5 82 0.13
5 83 7.51
5 84 3.26
5 85 1.22
5 86 8.02
5 87 2.11
5 88 2.92
5 89 5.76
5 90 3.21
5 91 3.64
5 92 1.23
5 93 0.50
5 94 7.83
5 95 1.74
5 96 6.76
5 97 4.56
5 98 4.47
5 99 9.45
6 7 9.69
6 8 3.42
6 9 6.68
6 10 3.40
6 11 4.98
6 12 7.01
6 13 4.65
6 14 2.84
6 15 0.14
6 16 6.81
6 17 0.77
6 18 6.93
6 19 9.13
6 20 2.73
6 21 0.48
6 22 0.83
6 23 6.74
6 24 0.77
6 25 3.16
6 26 7.86
6 27 9.87
6 28 1.16
6 29 4.55
6 30 9.79
6 31 4.92
6 32 1.11
6 33 7.45
6 34 7.55
6 35 5.25
6 36 0.93
6 37 1.70
6 38 7.60
6 39 8.65
6 40 1.12
6 41 5.56
6 42 9.95
6 43 0.38
6 44 6.47
6 45 4.31
6 46 1.44
6 47 2.68
6 48 6.33
6 49 4.63
6 50 8.57
6 51 0.45
6 52 0.97
6 53 4.03
6 54 4.71
6 55 6.93
6 56 7.58
6 57 2.26
6 58 7.77
6 59 7.15
6 60 9.06
6 61 7.50
6 62 9.53
6 63 0.98
6 64 4.51
6 65 6.70
6 66 4.05
6 67 1.16
6 68 9.44
6 69 0.34
6 70 5.68
6 71 0.49
6 72 0.80
6 73 7.20
6 74 2.23
6 75 4.59
6 76 9.62
6 77 3.10
6 78 5.10
6 79 0.93
6 80 6.98
6 81 4.92
6 82 3.62
6 83 4.32
6 84 6.80
6 85 7.10
6 86 5.31
6 87 7.01
6 88 0.42
6 89 4.89
6 90 6.18
6 91 0.15
6 92 3.41
6 93 9.67
6 94 1.18
6 95 6.86
6 96 7.04
6 97 5.36
6 98 3.42
6 99 9.60
7 8 2.40
7 9 2.18
7 10 0.27
7 11 7.57
7 12 5.79
7 13 3.36
7 14 7.94
7 15 4.37
7 16 4.87
7 17 4.71
7 18 2.47
7 19 4.39
7 20 5.76
7 21 2.03
7 22 6.24
7 23 7.86
7 24 2.13
7 25 8.40
7 26 2.61
7 27 4.78
7 28 1.20
7 29 8.47
7 30 7.53
7 31 6.34
7 32 5.28
7 33 9.82
7 34 5.72
7 35 8.07
7 36 9.00
7 37 7.41
7 38 8.85
7 39 7.64
7 40 7.90
7 41 7.96
7 42 2.01
7 43 8.56
7 44 7.35
7 45 7.32
7 46 3.69
7 47 4.80
7 48 6.47
7 49 1.73
7 50 1.50
7 51 5.00
7 52 3.68
7 53 5.61
7 54 1.01
7 55 9.82
7 56 2.49
7 57 9.17
7 58 0.05
7 59 8.49
7 60 9.75
7 61 6.86
7 62 1.15
7 63 1.02
7 64 0.21
7 65 6.95
7 66 5.55
7 67 7.58
7 68 9.02
7 69 2.62
7 70 4.57
7 71 5.03
7 72 3.27
7 73 2.98
7 74 7.56
7 75 4.35
7 76 0.70
7 77 0.07
7 78 3.30
7 79 0.40
7 80 7.04
7 81 5.98
7 82 9.69
7 83 1.27
7 84 6.47
7 85 7.46
7 86 2.72
7 87 8.29
7 88 1.85
7 89 4.84
7 90 6.78
7 91 7.86
7 92 8.62
7 93 5.29
7 94 4.53
7 95 7.71
7 96 7.23
7 97 2.59
7 98 5.72
7 99 8.67
8 9 3.60
8 10 1.93
8 11 5.46
8 12 8.27
8 13 0.10
8 14 7.29
8 15 9.22
8 16 3.69
8 17 5.98
8 18 2.60
8 19 6.35
8 20 1.97
8 21 7.07
8 22 3.69
8 23 0.93
8 24 8.05
8 25 2.18
8 26 1.06
8 27 0.32
8 28 1.61
8 29 6.63
8 30 5.29
8 31 3.33
8 32 9.02
8 33 2.66
8 34 1.79
8 35 5.86
8 36 2.10
8 37 1.49
8 38 7.85
8 39 7.82
8 40 2.73
8 41 2.72
8 42 2.44
8 43 2.34
8 44 6.01
8 45 5.09
8 46 9.53
8 47 5.49
8 48 1.86
8 49 0.04
8 50 6.47
8 51 7.08
8 52 2.67
8 53 3.77
8 54 5.86
8 55 2.24
8 56 3.71
8 57 7.16
8 58 7.80
8 59 4.37
8 60 8.91
8 61 2.27
8 62 8.59
8 63 6.03
8 64 2.99
8 65 3.23
8 66 3.16
8 67 7.31
8 68 5.61
8 69 9.54
8 70 1.13
8 71 7.30
8 72 7.48
8 73 4.84
8 74 2.11
8 75 9.79
8 76 8.41
8 77 5.83
8 78 9.06
8 79 6.47
8 80 3.22
8 81 9.88
8 82 3.63
8 83 9.74
8 84 6.78
8 85 8.42
8 86 0.98
8 87 3.07
8 88 4.76
8 89 8.94
8 90 2.68
8 91 4.65
8 92 6.44
8 93 7.29
8 94 0.18
8 95 1.68
8 96 6.83
8 97 6.10
8 98 7.96
8 99 1.63
9 10 1.85
9 11 7.04
9 12 1.53
9 13 2.68
9 14 1.20
9 15 0.43
9 16 9.59
9 17 3.55
9 18 4.82
9 19 2.60
9 20 0.17
9 21 9.74
9 22 2.10
9 23 4.86
9 24 3.30
9 25 7.80
9 26 8.87
9 27 5.71
9 28 8.70
9 29 5.83
9 30 0.45
9 31 2.68
9 32 9.97
9 33 4.29
9 34 4.14
9 35 7.18
9 36 0.65
9 37 3.34
9 38 0.28
9 39 7.24
9 40 6.43
9 41 8.32
9 42 0.56
9 43 2.62
9 44 6.28
9 45 2.42
9 46 1.09
9 47 1.74
9 48 8.24
9 49 3.03
9 50 8.17
9 51 8.52
9 52 0.78
9 53 8.66
9 54 1.80
9 55 9.98
9 56 6.48
9 57 1.13
9 58 8.38
9 59 4.81
9 60 0.21
9 61 7.18
9 62 3.18
9 63 6.42
9 64 5.67
9 65 9.19
9 66 1.47
9 67 2.24
9 68 5.51
9 69 9.90
9 70 5.54
9 71 1.10
9 72 9.76
9 73 5.91
9 74 0.58
9 75 7.60
9 76 7.88
9 77 6.99
9 78 7.42
9 79 1.50
9 80 0.00
9 81 4.78
9 82 7.81
9 83 4.43
9 84 4.92
9 85 3.35
9 86 5.13
9 87 6.79
9 88 8.79
9 89 9.09
9 90 4.22
9 91 8.61
9 92 6.21
9 93 9.31
9 94 9.15
9 95 5.03
9 96 9.40
9 97 0.67
9 98 1.71
9 99 3.25
10 11 7.31
10 12 9.50
10 13 9.79
10 14 6.08
10 15 7.09
10 16 0.74
10 17 2.99
10 18 5.59
10 19 9.94
10 20 2.13
10 21 9.22
10 22 5.42
10 23 1.60
10 24 8.02
10 25 4.57
10 26 2.85
10 27 4.99
10 28 3.61
10 29 4.53
10 30 9.36
10 31 0.19
10 32 4.91
10 33 9.20
10 34 5.53
10 35 1.33
10 36 2.38
10 37 1.52
10 38 6.80
10 39 1.21
10 40 7.39
10 41 4.63
10 42 7.60
10 43 2.31
10 44 9.80
10 45 5.78
10 46 0.92
10 47 6.07
10 48 5.74
10 49 3.89
10 50 0.27
10 51 4.45
10 52 0.64
10 53 3.12
10 54 8.96
10 55 2.25
10 56 2.77
10 57 0.11
10 58 1.27
10 59 6.63
10 60 2.79
10 61 3.70
10 62 8.84
10 63 9.09
10 64 1.16
10 65 9.51
10 66 4.49
10 67 9.69
10 68 4.71
10 69 6.08
10 70 7.97
10 71 7.76
10 72 1.32
10 73 5.38
10 74 9.60
10 75 5.21
10 76 6.50
10 77 7.71
10 78 3.40
10 79 1.56
10 80 1.08
10 81 3.04
10 82 8.26
10 83 5.43
10 84 0.57
10 85 6.63
10 86 5.96
10 87 3.30
10 88 7.84
10 89 6.79
10 90 5.67
10 91 6.04
10 92 7.51
10 93 9.94
10 94 0.66
10 95 0.18
10 96 4.66
10 97 9.12
10 98 0.81
10 99 2.63
11 12 0.49
11 13 0.01
11 14 5.16
11 15 8.19
11 16 5.15
11 17 5.88
11 18 9.18
11 19 2.49
11 20 1.28
11 21 6.38
11 22 7.83
11 23 8.71
11 24 4.25
11 25 7.64
11 26 4.07
11 27 2.79
11 28 1.95
11 29 2.09
11 30 5.60
11 31 9.92
11 32 5.04
11 33 7.69
11 34 1.95
11 35 8.30
11 36 4.28
11 37 0.88
11 38 9.70
11 39 3.42
11 40 8.43
11 41 0.20
11 42 2.82
11 43 8.11
11 44 2.08
11 45 9.82
11 46 0.43
11 47 4.53
11 48 2.56
11 49 3.92
11 50 3.54
11 51 0.85
11 52 6.48
11 53 9.16
11 54 7.94
11 55 2.50
11 56 6.24
11 57 9.41
11 58 0.18
11 59 2.09
11 60 7.65
11 61 0.47
11 62 4.80
11 63 6.62
11 64 4.61
11 65 7.52
11 66 6.13
11 67 6.70
11 68 1.32
11 69 7.54
11 70 9.30
11 71 2.19
11 72 7.97
11 73 3.13
11 74 1.88
11 75 8.56
11 76 5.32
11 77 6.05
11 78 6.30
11 79 1.25
11 80 2.27
11 81 8.98
11 82 2.77
11 83 3.51
11 84 8.39
11 85 9.94
11 86 9.01
11 87 4.22
11 88 3.95
11 89 8.90
11 90 5.92
11 91 0.42
11 92 5.84
11 93 6.86
11 94 6.40
11 95 8.76
11 96 7.22
11 97 1.22
11 98 0.24
11 99 5.76
12 13 7.66
12 14 1.59
12 15 1.17
12 16 9.97
12 17 8.99
12 18 2.82
12 19 1.08
12 20 3.54
12 21 5.87
12 22 6.62
12 23 2.26
12 24 3.09
12 25 6.95
12 26 7.43
12 27 6.69
12 28 3.87
12 29 2.33
12 30 2.47
12 31 6.77
12 32 1.46
12 33 4.85
12 34 5.68
12 35 3.70
12 36 4.61
12 37 4.68
12 38 0.64
12 39 4.68
12 40 7.79
12 41 5.26
12 42 7.07
12 43 4.17
12 44 4.90
12 45 2.12
12 46 4.88
12 47 5.21
12 48 9.21
12 49 1.41
12 50 8.47
12 51 7.71
12 52 8.98
12 53 3.79
12 54 6.23
12 55 1.89
12 56 0.85
12 57 1.40
12 58 9.14
12 59 1.23
12 60 2.31
12 61 5.34
12 62 4.36
12 63 9.27
12 64 7.78
12 65 2.50
12 66 0.49
12 67 3.56
12 68 1.68
12 69 3.12
12 70 5.03
12 71 0.12
12 72 5.72
12 73 6.91
12 74 6.99
12 75 9.18
12 76 2.18
12 77 0.42
12 78 5.04
12 79 5.36
12 80 3.32
12 81 8.76
12 82 9.21
12 83 3.88
12 84 3.41
12 85 5.68
12 86 1.91
12 87 4.49
12 88 8.79
12 89 7.72
12 90 8.40
12 91 8.65
12 92 2.78
12 93 2.69
12 94 1.18
12 95 2.28
12 96 6.68
12 97 2.42
12 98 2.06
12 99 4.43
13 14 8.13
13 15 9.29
13 16 1.94
13 17 7.42
13 18 1.33
13 19 9.09
13 20 8.78
13 21 3.92
13 22 8.92
13 23 5.94
13 24 4.25
13 25 7.38
13 26 7.60
13 27 4.77
13 28 7.25
13 29 1.10
13 30 1.48
13 31 3.51
13 32 8.62
13 33 7.84
13 34 2.96
13 35 7.59
13 36 2.33
13 37 7.06
13 38 0.12
13 39 0.32
13 40 4.06
13 41 7.47
13 42 7.04
13 43 7.67
13 44 5.38
13 45 4.05
13 46 5.20
13 47 7.00
13 48 2.93
13 49 6.89
13 50 5.18
13 51 2.37
13 52 1.02
13 53 9.91
13 54 3.34
13 55 8.25
13 56 3.58
13 57 9.30
13 58 2.10
13 59 8.40
13 60 3.86
13 61 3.37
13 62 2.15
13 63 4.31
13 64 4.87
13 65 0.54
13 66 8.66
13 67 5.75
13 68 4.21
13 69 3.19
13 70 7.18
13 71 0.21
13 72 4.80
13 73 4.92
13 74 2.98
13 75 0.52
13 76 4.25
13 77 7.24
13 78 7.19
13 79 8.65
13 80 1.69
13 81 6.73
13 82 1.26
13 83 7.62
13 84 0.60
13 85 4.05
13 86 7.37
13 87 8.20
13 88 2.66
13 89 3.50
13 90 2.94
13 91 4.53
13 92 0.57
13 93 8.93
13 94 2.90
13 95 8.63
13 96 2.08
13 97 6.73
13 98 1.34
13 99 9.85
14 15 9.56
14 16 3.14
14 17 0.12
14 18 4.97
14 19 3.56
14 20 2.69
14 21 5.16
14 22 5.58
14 23 7.43
14 24 6.18
14 25 1.28
14 26 0.42
14 27 8.32
14 28 3.19
14 29 4.32
14 30 0.45
14 31 5.16
14 32 0.20
14 33 1.86
14 34 9.24
14 35 5.89
14 36 0.11
14 37 7.85
14 38 1.20
14 39 4.62
14 40 2.08
14 41 7.61
14 42 1.60
14 43 9.17
14 44 1.88
14 45 6.29
14 46 3.42
14 47 9.40
14 48 3.62
14 49 3.38
14 50 4.35
14 51 6.79
14 52 5.42
14 53 2.23
14 54 5.60
14 55 2.17
14 56 4.57
14 57 1.67
14 58 5.56
14 59 1.90
14 60 0.51
14 61 0.32
14 62 7.42
14 63 6.58
14 64 5.59
14 65 7.24
14 66 4.08
14 67 4.71
14 68 2.72
14 69 4.28
14 70 5.49
14 71 5.70
14 72 5.00
14 73 6.29
14 74 9.54
14 75 4.03
14 76 1.46
14 77 2.13
14 78 6.11
14 79 2.35
14 80 6.26
14 81 4.62
14 82 7.00
14 83 3.36
14 84 4.49
14 85 0.98
14 86 2.77
14 87 4.60
14 88 7.00
14 89 6.09
14 90 2.37
14 91 4.82
14 92 2.90
14 93 3.06
14 94 3.48
14 95 1.68
14 96 0.28
14 97 9.95
14 98 8.84
14 99 4.93
15 16 9.25
15 17 9.16
15 18 5.79
15 19 2.80
15 20 6.67
15 21 5.18
15 22 2.06
15 23 1.58
15 24 6.73
15 25 4.53
15 26 6.58
15 27 5.22
15 28 4.23
15 29 8.70
15 30 2.25
15 31 1.48
15 32 4.48
15 33 7.64
15 34 5.42
15 35 3.41
15 36 3.43
15 37 6.61
15 38 1.20
15 39 0.04
15 40 7.31
15 41 7.71
15 42 2.37
15 43 4.73
15 44 6.87
15 45 3.63
15 46 7.19
15 47 9.70
15 48 3.60
15 49 5.37
15 50 5.54
15 51 5.42
15 52 5.96
15 53 2.40
15 54 0.14
15 55 1.40
15 56 1.16
15 57 1.05
15 58 1.77
15 59 1.17
15 60 2.33
15 61 4.86
15 62 8.00
15 63 1.93
15 64 7.69
15 65 5.56
15 66 7.87
15 67 7.80
15 68 9.98
15 69 3.22
15 70 9.67
15 71 8.72
15 72 5.98
15 73 2.62
15 74 5.08
15 75 3.82
15 76 0.73
15 77 1.74
15 78 7.37
15 79 6.89
15 80 1.19
15 81 4.91
15 82 3.94
15 83 3.63
15 84 4.23
15 85 4.05
15 86 5.05
15 87 9.25
15 88 3.17
15 89 3.51
15 90 5.45
15 91 2.29
15 92 1.30
15 93 7.81
15 94 0.33
15 95 8.54
15 96 8.97
15 97 6.37
15 98 4.51
15 99 1.60
16 17 9.48
16 18 4.51
16 19 8.64
16 20 8.44
16 21 9.09
16 22 9.95
16 23 7.62
16 24 5.51
16 25 7.81
16 26 7.11
16 27 0.48
16 28 4.00
16 29 1.33
16 30 3.71
16 31 6.56
16 32 3.68
16 33 6.83
16 34 9.73
16 35 6.96
16 36 0.76
16 37 3.86
16 38 6.16
16 39 1.49
16 40 0.25
16 41 2.33
16 42 1.03
16 43 2.96
16 44 5.25
16 45 7.40
16 46 7.86
16 47 4.23
16 48 7.65
16 49 4.89
16 50 4.46
16 51 7.57
16 52 8.61
16 53 8.25
16 54 7.00
16 55 2.67
16 56 6.51
16 57 2.20
16 58 2.69
16 59 7.53
16 60 3.58
16 61 8.13
16 62 9.75
16 63 6.09
16 64 2.24
16 65 3.67
16 66 0.46
16 67 9.74
16 68 2.85
16 69 3.82
16 70 5.51
16 71 3.29
16 72 8.54
16 73 0.68
16 74 0.46
16 75 2.14
16 76 4.89
16 77 6.16
16 78 6.58
16 79 0.04
16 80 9.74
16 81 7.26
16 82 5.74
16 83 4.07
16 84 5.25
16 85 8.63
16 86 2.97
16 87 5.19
16 88 6.15
16 89 7.61
16 90 1.48
16 91 5.26
16 92 0.89
16 93 5.49
16 94 0.10
16 95 6.23
16 96 3.08
16 97 5.84
16 98 5.77
16 99 2.74
17 18 1.30
17 19 9.92
17 20 8.46
17 21 6.44
17 22 6.62
17 23 9.13
17 24 8.89
17 25 2.07
17 26 8.70
17 27 6.74
17 28 4.09
17 29 4.49
17 30 5.40
17 31 3.70
17 32 2.12
17 33 0.58
17 34 0.70
17 35 0.70
17 36 5.16
17 37 8.01
17 38 6.91
17 39 5.90
17 40 7.81
17 41 4.66
17 42 5.65
17 43 1.37
17 44 5.44
17 45 1.11
17 46 2.40
17 47 0.43
17 48 2.56
17 49 9.00
17 50 3.54
17 51 1.53
17 52 1.02
17 53 8.00
17 54 4.60
17 55 0.89
17 56 2.16
17 57 1.04
17 58 1.91
17 59 0.98
17 60 4.02
17 61 5.55
17 62 5.82
17 63 4.07
17 64 8.83
17 65 8.42
17 66 0.18
17 67 8.20
17 68 3.61
17 69 4.07
17 70 1.07
17 71 7.27
17 72 0.70
17 73 4.45
17 74 1.58
17 75 4.36
17 76 8.01
17 77 3.87
17 78 6.86
17 79 1.42
17 80 8.10
17 81 0.14
17 82 9.33
17 83 4.32
17 84 9.92
17 85 9.43
17 86 8.71
17 87 5.90
17 88 4.87
17 89 5.12
17 90 3.57
17 91 9.50
17 92 0.71
17 93 8.96
17 94 3.03
17 95 5.92
17 96 1.20
17 97 5.16
17 98 0.15
17 99 5.95
18 19 2.65
18 20 4.17
18 21 3.30
18 22 7.33
18 23 8.54
18 24 5.72
18 25 6.33
18 26 4.61
18 27 7.12
18 28 1.06
18 29 2.83
18 30 1.84
18 31 0.15
18 32 8.17
18 33 7.31
18 34 3.32
18 35 3.91
18 36 0.69
18 37 5.83
18 38 9.02
18 39 8.08
18 40 6.91
18 41 2.28
18 42 5.85
18 43 3.78
18 44 9.65
18 45 2.29
18 46 6.53
18 47 9.48
18 48 2.54
18 49 1.62
18 50 2.43
18 51 3.70
18 52 2.88
18 53 5.94
18 54 8.15
18 55 9.72
18 56 6.92
18 57 8.06
18 58 5.88
18 59 9.99
18 60 3.43
18 61 8.74
18 62 5.58
18 63 8.34
18 64 1.95
18 65 9.01
18 66 2.17
18 67 8.74
18 68 4.97
18 69 3.48
18 70 6.77
18 71 8.37
18 72 0.32
18 73 0.67
18 74 8.47
18 75 3.84
18 76 4.39
18 77 4.82
18 78 5.80
18 79 2.55
18 80 9.08
18 81 7.97
18 82 2.13
18 83 0.65
18 84 6.01
18 85 9.55
18 86 6.79
18 87 1.81
18 88 1.48
18 89 9.92
18 90 7.08
18 91 7.30
18 92 9.70
18 93 5.22
18 94 3.35
18 95 6.31
18 96 9.22
18 97 6.99
18 98 8.69
18 99 0.23
19 20 9.07
19 21 9.46
19 22 2.69
19 23 5.97
19 24 3.76
19 25 3.19
19 26 4.66
19 27 4.97
19 28 7.82
19 29 0.39
19 30 7.83
19 31 8.46
19 32 7.67
19 33 3.35
19 34 2.27
19 35 3.29
19 36 4.90
19 37 3.66
19 38 3.73
19 39 0.26
19 40 2.91
19 41 2.39
19 42 2.76
19 43 6.14
19 44 5.61
19 45 0.05
19 46 9.14
19 47 1.53
19 48 1.75
19 49 7.41
19 50 4.54
19 51 7.28
19 52 7.96
19 53 3.61
19 54 6.83
19 55 7.98
19 56 1.87
19 57 9.14
19 58 6.20
19 59 3.68
19 60 3.68
19 61 8.83
19 62 3.20
19 63 4.18
19 64 8.08
19 65 8.17
19 66 0.97
19 67 5.71
19 68 6.91
19 69 5.52
19 70 7.36
19 71 5.50
19 72 3.87
19 73 6.64
19 74 0.63
19 75 9.45
19 76 5.16
19 77 9.45
19 78 7.97
19 79 8.73
19 80 7.19
19 81 1.58
19 82 1.06
19 83 6.89
19 84 1.96
19 85 1.35
19 86 6.43
19 87 9.26
19 88 6.04
19 89 0.89
19 90 7.48
19 91 1.95
19 92 9.67
19 93 8.66
19 94 3.46
19 95 5.17
19 96 0.47
19 97 9.36
19 98 4.89
19 99 4.12
20 21 8.48
20 22 2.82
20 23 3.66
20 24 4.64
20 25 7.78
20 26 7.61
20 27 8.72
20 28 9.91
20 29 5.42
20 30 9.77
20 31 7.49
20 32 5.94
20 33 9.59
20 34 6.86
20 35 7.46
20 36 5.77
20 37 5.86
20 38 1.07
20 39 5.24
20 40 3.12
20 41 4.62
20 42 9.40
20 43 7.82
20 44 8.84
20 45 7.13
20 46 6.79
20 47 4.52
20 48 1.05
20 49 1.86
20 50 6.19
20 51 0.30
20 52 9.53
20 53 2.03
20 54 5.87
20 55 3.27
20 56 4.64
20 57 5.33
20 58 4.55
20 59 6.97
20 60 3.90
20 61 3.26
20 62 1.25
20 63 6.53
20 64 4.94
20 65 2.85
20 66 5.15
20 67 0.53
20 68 3.00
20 69 9.24
20 70 9.58
20 71 7.58
20 72 5.83
20 73 7.53
20 74 6.20
20 75 3.13
20 76 5.35
20 77 4.29
20 78 8.26
20 79 9.35
20 80 5.26
20 81 3.70
20 82 9.06
20 83 1.54
20 84 4.80
20 85 8.49
20 86 4.09
20 87 3.38
20 88 1.76
20 89 5.85
20 90 0.28
20 91 1.23
20 92 9.65
20 93 3.27
20 94 9.31
20 95 3.51
20 96 3.19
20 97 1.54
20 98 6.09
20 99 2.25
21 22 4.75
21 23 4.43
21 24 2.05
21 25 7.93
21 26 3.28
21 27 3.13
21 28 5.77
21 29 4.08
21 30 7.31
21 31 3.69
21 32 7.31
21 33 3.01
21 34 1.22
21 35 2.71
21 36 5.01
21 37 7.63
21 38 0.98
21 39 0.38
21 40 2.96
21 41 9.94
21 42 3.42
21 43 6.39
21 44 9.64
21 45 3.07
21 46 3.27
21 47 6.73
21 48 8.45
21 49 7.43
21 50 7.62
21 51 9.67
21 52 5.30
21 53 10.00
21 54 2.66
21 55 3.81
21 56 3.95
21 57 5.17
21 58 8.62
21 59 2.41
21 60 9.84
21 61 2.68
21 62 2.01
21 63 3.31
21 64 2.91
21 65 8.12
21 66 1.93
21 67 3.03
21 68 3.89
21 69 6.28
21 70 0.58
21 71 4.82
21 72 9.78
21 73 8.14
21 74 2.71
21 75 5.62
21 76 3.07
21 77 7.40
21 78 3.66
21 79 5.54
21 80 3.58
21 81 6.55
21 82 9.38
21 83 0.25
21 84 2.34
21 85 7.45
21 86 1.75
21 87 6.59
21 88 9.14
21 89 3.72
21 90 4.64
21 91 8.12
21 92 6.58
21 93 3.09
21 94 4.42
21 95 1.44
21 96 0.00
21 97 2.18
21 98 3.48
21 99 7.37
22 23 6.51
22 24 2.93
22 25 5.80
22 26 7.16
22 27 7.91
22 28 1.68
22 29 3.97
22 30 4.89
22 31 6.89
22 32 1.55
22 33 3.70
22 34 2.38
22 35 8.47
22 36 4.05
22 37 6.36
22 38 0.81
22 39 0.08
22 40 2.96
22 41 4.09
22 42 7.80
22 43 9.61
22 44 5.92
22 45 8.78
22 46 0.76
22 47 2.87
22 48 9.94
22 49 6.96
22 50 4.16
22 51 2.89
22 52 2.25
22 53 8.51
22 54 5.87
22 55 9.04
22 56 7.14
22 57 8.57
22 58 9.68
22 59 8.53
22 60 7.96
22 61 1.10
22 62 6.47
22 63 9.38
22 64 3.21
22 65 3.48
22 66 0.12
22 67 5.58
22 68 3.35
22 69 0.01
22 70 5.64
22 71 5.15
22 72 8.32
22 73 1.01
22 74 5.30
22 75 1.38
22 76 5.99
22 77 6.71
22 78 8.18
22 79 3.68
22 80 1.31
22 81 4.10
22 82 0.46
22 83 1.37
22 84 0.67
22 85 9.10
22 86 8.82
22 87 3.93
22 88 0.83
22 89 5.99
22 90 5.13
22 91 2.55
22 92 3.88
22 93 2.54
22 94 9.50
22 95 1.53
22 96 1.23
22 97 9.34
22 98 7.40
22 99 2.74
23 24 9.21
23 25 3.09
23 26 2.19
23 27 6.19
23 28 1.00
23 29 2.74
23 30 2.90
23 31 0.13
23 32 9.86
23 33 1.05
23 34 5.38
23 35 8.53
23 36 1.91
23 37 5.12
23 38 5.39
23 39 9.95
23 40 3.07
23 41 6.33
23 42 6.06
23 43 6.82
23 44 1.43
23 45 9.23
23 46 0.48
23 47 9.99
23 48 1.14
23 49 8.94
23 50 2.87
23 51 6.35
23 52 1.24
23 53 4.88
23 54 2.39
23 55 4.17
23 56 1.19
23 57 6.42
23 58 5.76
23 59 2.19
23 60 7.12
23 61 9.21
23 62 1.95
23 63 8.74
23 64 3.84
23 65 9.23
23 66 7.58
23 67 6.51
23 68 8.28
23 69 7.47
23 70 0.55
23 71 9.06
23 72 9.55
23 73 4.04
23 74 1.86
23 75 3.10
23 76 0.86
23 77 9.23
23 78 4.66
23 79 0.16
23 80 9.01
23 81 8.66
23 82 6.07
23 83 2.10
23 84 7.77
23 85 4.82
23 86 4.97
23 87 6.25
23 88 0.78
23 89 1.19
23 90 2.55
23 91 4.84
23 92 8.41
23 93 5.17
23 94 9.76
23 95 7.52
23 96 3.25
23 97 1.52
23 98 5.12
23 99 2.06
24 25 2.24
24 26 3.50
24 27 7.38
24 28 8.93
24 29 6.24
24 30 8.33
24 31 5.13
24 32 9.10
24 33 7.74
24 34 0.11
24 35 1.47
24 36 1.80
24 37 1.27
24 38 0.25
24 39 5.38
24 40 2.12
24 41 5.07
24 42 5.53
24 43 8.31
24 44 3.90
24 45 3.93
24 46 0.69
24 47 4.95
24 48 0.48
24 49 0.37
24 50 1.61
24 51 7.07
24 52 0.70
24 53 7.31
24 54 6.60
24 55 4.16
24 56 1.53
24 57 7.50
24 58 9.29
24 59 4.19
24 60 6.30
24 61 5.94
24 62 9.36
24 63 2.75
24 64 6.30
24 65 9.05
24 66 9.29
24 67 5.89
24 68 6.70
24 69 4.31
24 70 7.52
24 71 0.57
24 72 0.98
24 73 8.34
24 74 2.66
24 75 7.70
24 76 9.36
24 77 2.04
24 78 0.37
24 79 2.07
24 80 3.72
24 81 4.33
24 82 9.19
24 83 1.59
24 84 7.26
24 85 5.77
24 86 6.25
24 87 0.95
24 88 6.78
24 89 9.67
24 90 2.82
24 91 6.87
24 92 7.49
24 93 1.73
24 94 0.94
24 95 6.05
24 96 2.03
24 97 5.32
24 98 0.96
24 99 6.34
25 26 4.35
25 27 8.19
25 28 7.17
25 29 4.21
25 30 2.57
25 31 8.05
25 32 5.00
25 33 0.74
25 34 7.92
25 35 7.47
25 36 2.67
25 37 1.45
25 38 5.77
25 39 3.15
25 40 7.81
25 41 3.89
25 42 9.03
25 43 1.72
25 44 6.07
25 45 9.07
25 46 4.82
25 47 0.67
25 48 6.58
25 49 9.12
25 50 4.06
25 51 8.95
25 52 9.03
25 53 4.58
25 54 8.41
25 55 6.33
25 56 3.05
25 57 2.11
25 58 6.18
25 59 0.46
25 60 6.79
25 61 7.16
25 62 6.80
25 63 7.33
25 64 8.71
25 65 2.91
25 66 4.61
25 67 9.66
25 68 0.85
25 69 1.35
25 70 4.11
25 71 4.69
25 72 4.35
25 73 4.85
25 74 7.14
25 75 7.14
25 76 5.15
25 77 8.32
25 78 2.79
25 79 1.41
25 80 1.77
25 81 7.56
25 82 7.92
25 83 8.24
25 84 4.16
25 85 6.53
25 86 8.48
25 87 5.56
25 88 0.14
25 89 1.85
25 90 0.98
25 91 2.86
25 92 9.14
25 93 7.28
25 94 2.61
25 95 2.50
25 96 6.51
25 97 3.95
25 98 0.19
25 99 5.35
26 27 8.04
26 28 3.75
26 29 9.17
26 30 2.00
26 31 4.56
26 32 0.05
26 33 7.30
26 34 3.23
26 35 5.83
26 36 6.19
26 37 9.37
26 38 2.23
26 39 1.31
26 40 9.72
26 41 1.85
26 42 6.84
26 43 4.21
26 44 7.11
26 45 8.39
26 46 1.61
26 47 3.99
26 48 5.82
26 49 6.14
26 50 1.23
26 51 2.42
26 52 7.37
26 53 7.39
26 54 7.59
26 55 0.02
26 56 1.13
26 57 8.11
26 58 8.29
26 59 4.00
26 60 2.25
26 61 3.52
26 62 6.00
26 63 0.46
26 64 3.93
26 65 0.73
26 66 3.26
26 67 3.74
26 68 7.09
26 69 3.44
26 70 8.75
26 71 0.38
26 72 8.38
26 73 1.18
26 74 3.80
26 75 9.76
26 76 7.90
26 77 0.64
26 78 9.07
26 79 5.64
26 80 2.72
26 81 2.13
26 82 1.27
26 83 2.08
26 84 1.51
26 85 0.08
26 86 1.22
26 87 9.63
26 88 5.51
26 89 9.90
26 90 7.51
26 91 5.15
26 92 5.36
26 93 1.77
26 94 2.10
26 95 3.74
26 96 8.22
26 97 4.06
26 98 2.00
26 99 5.42
27 28 3.66
27 29 8.25
27 30 8.99
27 31 2.47
27 32 1.51
27 33 2.24
27 34 6.68
27 35 8.55
27 36 7.05
27 37 0.77
27 38 5.22
27 39 6.34
27 40 1.66
27 41 1.09
27 42 7.39
27 43 5.46
27 44 6.64
27 45 3.42
27 46 5.50
27 47 4.86
27 48 6.80
27 49 6.10
27 50 2.96
27 51 6.51
27 52 2.81
27 53 8.63
27 54 8.75
27 55 5.93
27 56 9.36
27 57 6.06
27 58 2.87
27 59 5.50
27 60 5.92
27 61 2.61
27 62 3.16
27 63 5.40
27 64 7.68
27 65 9.83
27 66 8.38
27 67 7.69
27 68 1.82
27 69 4.32
27 70 8.23
27 71 3.12
27 72 0.62
27 73 5.24
27 74 2.79
27 75 5.34
27 76 4.29
27 77 4.66
27 78 9.54
27 79 7.98
27 80 7.10
27 81 9.35
27 82 6.92
27 83 2.98
27 84 4.55
27 85 4.66
27 86 7.68
27 87 1.70
27 88 5.74
27 89 3.91
27 90 2.71
27 91 7.71
27 92 2.56
27 93 2.66
27 94 1.55
27 95 4.70
27 96 1.18
27 97 4.46
27 98 0.19
27 99 3.16
28 29 3.03
28 30 9.29
28 31 9.93
28 32 8.33
28 33 6.77
28 34 9.62
28 35 6.87
28 36 1.17
28 37 1.66
28 38 9.32
28 39 5.64
28 40 9.42
28 41 4.82
28 42 4.35
28 43 4.22
28 44 2.72
28 45 2.38
28 46 5.26
28 47 2.10
28 48 1.19
28 49 9.04
28 50 1.40
28 51 6.72
28 52 6.80
28 53 3.05
28 54 9.14
28 55 9.68
28 56 8.63
28 57 9.22
28 58 6.81
28 59 8.47
28 60 0.65
28 61 4.31
28 62 4.03
28 63 8.29
28 64 6.92
28 65 0.77
28 66 5.36
28 67 4.36
28 68 7.57
28 69 4.18
28 70 3.36
28 71 7.16
28 72 7.33
28 73 7.16
28 74 0.00
28 75 4.43
28 76 4.76
28 77 8.84
28 78 7.74
28 79 8.09
28 80 4.68
28 81 8.45
28 82 4.56
28 83 5.87
28 84 3.07
28 85 3.09
28 86 3.40
28 87 1.10
28 88 3.47
28 89 3.42
28 90 1.28
28 91 0.68
28 92 3.46
28 93 1.25
28 94 4.06
28 95 3.68
28 96 2.99
28 97 8.73
28 98 1.71
28 99 3.39
29 30 9.31
29 31 6.55
29 32 9.30
29 33 4.51
29 34 9.48
29 35 0.02
29 36 8.78
29 37 2.20
29 38 0.48
29 39 4.64
29 40 3.09
29 41 6.75
29 42 0.20
29 43 7.32
29 44 8.69
29 45 1.49
29 46 7.96
29 47 4.87
29 48 9.23
29 49 4.51
29 50 0.56
29 51 5.91
29 52 4.34
29 53 9.29
29 54 9.04
29 55 2.30
29 56 8.21
29 57 9.39
29 58 3.95
29 59 4.46
29 60 2.08
29 61 4.55
29 62 0.90
29 63 7.81
29 64 1.02
29 65 0.95
29 66 3.61
29 67 7.91
29 68 1.37
29 69 7.03
29 70 2.75
29 71 3.90
29 72 1.71
29 73 7.33
29 74 1.91
29 75 0.10
29 76 1.29
29 77 3.56
29 78 6.15
29 79 5.94
29 80 6.11
29 81 4.17
29 82 1.89
29 83 4.86
29 84 8.92
29 85 2.64
29 86 9.98
29 87 5.74
29 88 8.77
29 89 3.28
29 90 9.90
29 91 6.65
29 92 0.21
29 93 3.88
29 94 7.67
29 95 5.74
29 96 2.98
29 97 7.86
29 98 5.17
29 99 2.15
30 31 6.63
30 32 3.78
30 33 6.26
30 34 5.80
30 35 8.63
30 36 8.02
30 37 7.14
30 38 2.77
30 39 7.81
30 40 2.59
30 41 8.62
30 42 1.71
30 43 7.32
30 44 0.78
30 45 6.44
30 46 3.94
30 47 0.56
30 48 5.13
30 49 6.85
30 50 2.54
30 51 0.20
30 52 0.49
30 53 5.51
30 54 0.04
30 55 2.63
30 56 3.88
30 57 9.17
30 58 8.08
30 59 4.10
30 60 8.33
30 61 3.02
30 62 8.61
30 63 3.28
30 64 1.34
30 65 6.47
30 66 1.84
30 67 5.67
30 68 2.61
30 69 2.07
30 70 8.57
30 71 0.27
30 72 8.07
30 73 5.34
30 74 5.77
30 75 0.85
30 76 1.41
30 77 3.42
30 78 8.96
30 79 4.80
30 80 0.10
30 81 8.20
30 82 6.72
30 83 6.95
30 84 9.98
30 85 10.00
30 86 3.23
30 87 1.93
30 88 9.83
30 89 6.84
30 90 8.04
30 91 0.75
30 92 9.53
30 93 2.88
30 94 4.38
30 95 9.82
30 96 4.44
30 97 2.55
30 98 1.62
30 99 4.15
31 32 8.15
31 33 4.74
31 34 7.87
31 35 1.94
31 36 8.11
31 37 0.55
31 38 7.12
31 39 9.20
31 40 2.33
31 41 1.62
31 42 8.22
31 43 9.00
31 44 7.93
31 45 1.89
31 46 9.92
31 47 9.83
31 48 0.79
31 49 5.93
31 50 5.63
31 51 6.23
31 52 6.13
31 53 0.74
31 54 8.43
31 55 0.15
31 56 3.89
31 57 4.38
31 58 6.34
31 59 6.06
31 60 8.39
31 61 2.07
31 62 9.69
31 63 2.89
31 64 4.13
31 65 5.53
31 66 7.28
31 67 9.30
31 68 9.93
31 69 0.18
31 70 7.20
31 71 4.29
31 72 0.29
31 73 4.11
31 74 5.94
31 75 8.58
31 76 3.25
31 77 6.44
31 78 8.88
31 79 7.24
31 80 9.52
31 81 2.46
31 82 7.88
31 83 2.58
31 84 2.47
31 85 9.98
31 86 2.39
31 87 3.91
31 88 2.81
31 89 7.14
31 90 3.04
31 91 10.00
31 92 1.12
31 93 4.32
31 94 9.90
31 95 2.02
31 96 2.99
31 97 9.91
31 98 7.80
31 99 7.97
32 33 3.44
32 34 0.43
32 35 5.19
32 36 2.39
32 37 8.00
32 38 2.31
32 39 3.16
32 40 2.61
32 41 9.25
32 42 7.59
32 43 5.57
32 44 4.94
32 45 5.77
32 46 7.72
32 47 5.73
32 48 9.23
32 49 4.64
32 50 9.19
32 51 1.94
32 52 4.30
32 53 3.94
32 54 2.02
32 55 3.60
32 56 5.00
32 57 2.76
32 58 7.59
32 59 7.60
32 60 4.46
32 61 9.12
32 62 3.39
32 63 4.38
32 64 0.98
32 65 6.71
32 66 6.51
32 67 4.11
32 68 7.14
32 69 7.26
32 70 0.53
32 71 8.19
32 72 2.81
32 73 9.27
32 74 9.49
32 75 7.21
32 76 4.73
32 77 0.88
32 78 3.34
32 79 5.85
32 80 2.29
32 81 3.30
32 82 1.39
32 83 5.44
32 84 1.44
32 85 0.94
32 86 6.13
32 87 4.42
32 88 8.01
32 89 3.80
32 90 0.99
32 91 9.87
32 92 4.93
32 93 5.47
32 94 1.42
32 95 9.25
32 96 5.51
32 97 5.74
32 98 3.13
32 99 0.11
33 34 2.65
33 35 8.98
33 36 3.25
33 37 0.97
33 38 3.37
33 39 4.91
33 40 8.74
33 41 7.13
33 42 8.44
33 43 0.46
33 44 2.82
33 45 9.57
33 46 2.61
33 47 1.47
33 48 6.65
33 49 3.36
33 50 9.30
33 51 3.14
33 52 6.56
33 53 2.94
33 54 6.83
33 55 5.85
33 56 1.79
33 57 4.88
33 58 3.93
33 59 5.41
33 60 6.36
33 61 6.32
33 62 2.99
33 63 9.87
33 64 3.81
33 65 3.42
33 66 0.43
33 67 3.07
33 68 0.01
33 69 9.23
33 70 9.37
33 71 3.14
33 72 4.20
33 73 8.28
33 74 3.96
33 75 10.00
33 76 6.48
33 77 2.19
33 78 2.04
33 79 4.34
33 80 4.85
33 81 7.87
33 82 4.51
33 83 1.36
33 84 3.30
33 85 8.03
33 86 1.74
33 87 1.13
33 88 7.68
33 89 4.44
33 90 8.01
33 91 6.59
33 92 6.29
33 93 9.64
33 94 6.21
33 95 1.05
33 96 0.72
33 97 6.06
33 98 5.71
33 99 1.04
34 35 8.36
34 36 1.09
34 37 7.59
34 38 9.65
34 39 3.62
34 40 7.61
34 41 6.29
34 42 5.42
34 43 3.26
34 44 3.64
34 45 1.95
34 46 1.33
34 47 3.25
34 48 9.33
34 49 2.82
34 50 8.46
34 51 3.74
34 52 8.75
34 53 3.64
34 54 4.72
34 55 6.58
34 56 0.32
34 57 8.77
34 58 0.22
34 59 1.37
34 60 9.40
34 61 3.94
34 62 3.22
34 63 8.58
34 64 5.71
34 65 0.00
34 66 1.72
34 67 4.60
34 68 5.14
34 69 6.22
34 70 4.54
34 71 6.66
34 72 9.74
34 73 8.30
34 74 5.13
34 75 9.67
34 76 9.88
34 77 6.64
34 78 0.82
34 79 3.70
34 80 6.33
34 81 4.73
34 82 1.06
34 83 4.08
34 84 1.25
34 85 7.05
34 86 6.04
34 87 1.41
34 88 2.44
34 89 2.10
34 90 1.22
34 91 4.11
34 92 6.19
34 93 9.98
34 94 3.06
34 95 7.76
34 96 3.54
34 97 0.54
34 98 6.66
34 99 5.97
35 36 5.95
35 37 2.12
35 38 5.70
35 39 2.46
35 40 3.19
35 41 6.59
35 42 8.75
35 43 0.77
35 44 5.48
35 45 0.03
35 46 2.10
35 47 2.41
35 48 1.72
35 49 4.31
35 50 5.05
35 51 1.85
35 52 2.68
35 53 3.06
35 54 9.88
35 55 4.59
35 56 4.73
35 57 1.85
35 58 8.06
35 59 5.42
35 60 6.61
35 61 6.01
35 62 5.73
35 63 9.15
35 64 5.86
35 65 2.88
35 66 8.55
35 67 4.96
35 68 5.24
35 69 5.02
35 70 0.90
35 71 1.49
35 72 4.97
35 73 8.52
35 74 2.96
35 75 0.88
35 76 3.83
35 77 8.32
35 78 5.68
35 79 5.32
35 80 0.92
35 81 9.16
35 82 9.88
35 83 8.16
35 84 7.10
35 85 7.08
35 86 3.65
35 87 7.17
35 88 2.14
35 89 1.96
35 90 5.64
35 91 2.46
35 92 1.65
35 93 2.09
35 94 8.73
35 95 1.89
35 96 3.25
35 97 5.40
35 98 0.61
35 99 3.31
36 37 6.39
36 38 1.61
36 39 3.63
36 40 2.08
36 41 2.62
36 42 8.96
36 43 8.85
36 44 7.17
36 45 3.99
36 46 7.74
36 47 3.04
36 48 0.81
36 49 4.18
36 50 8.15
36 51 8.72
36 52 8.77
36 53 8.37
36 54 1.57
36 55 0.97
36 56 7.45
36 57 4.88
36 58 8.18
36 59 5.72
36 60 9.44
36 61 3.58
36 62 8.38
36 63 9.99
36 64 7.56
36 65 8.77
36 66 7.16
36 67 8.92
36 68 2.18
36 69 5.36
36 70 6.62
36 71 3.95
36 72 4.53
36 73 3.04
36 74 1.39
36 75 1.21
36 76 3.99
36 77 4.11
36 78 2.10
36 79 6.43
36 80 8.02
36 81 4.53
36 82 7.50
36 83 2.48
36 84 0.47
36 85 2.94
36 86 5.71
36 87 3.44
36 88 1.60
36 89 6.78
36 90 1.55
36 91 8.59
36 92 9.71
36 93 3.72
36 94 9.56
36 95 6.27
36 96 3.43
36 97 5.20
36 98 4.69
36 99 8.89
37 38 1.84
37 39 1.97
37 40 8.41
37 41 2.69
37 42 3.47
37 43 9.08
37 44 2.39
37 45 1.34
37 46 4.84
37 47 8.62
37 48 8.41
37 49 9.70
37 50 8.81
37 51 5.48
37 52 2.69
37 53 2.98
37 54 1.90
37 55 6.06
37 56 6.55
37 57 0.25
37 58 2.84
37 59 0.62
37 60 5.03
37 61 1.50
37 62 0.77
37 63 1.21
37 64 3.79
37 65 3.12
37 66 1.66
37 67 4.30
37 68 6.52
37 69 9.00
37 70 2.61
37 71 9.02
37 72 7.79
37 73 1.71
37 74 9.34
37 75 3.66
37 76 4.68
37 77 2.97
37 78 1.87
37 79 4.70
37 80 8.58
37 81 2.62
37 82 7.65
37 83 0.82
37 84 3.71
37 85 1.34
37 86 0.08
37 87 4.74
37 88 5.62
37 89 6.26
37 90 2.96
37 91 4.20
37 92 1.57
37 93 8.00
37 94 1.98
37 95 4.16
37 96 5.80
37 97 6.55
37 98 2.93
37 99 2.54
38 39 1.59
38 40 1.94
38 41 2.64
38 42 1.46
38 43 4.07
38 44 8.94
38 45 4.52
38 46 3.71
38 47 3.44
38 48 7.13
38 49 4.67
38 50 2.40
38 51 2.47
38 52 5.98
38 53 5.83
38 54 9.93
38 55 7.32
38 56 1.50
38 57 9.31
38 58 2.12
38 59 6.90
38 60 4.33
38 61 7.97
38 62 5.32
38 63 9.74
38 64 2.37
38 65 4.75
38 66 2.72
38 67 0.52
38 68 4.07
38 69 8.16
38 70 6.64
38 71 0.76
38 72 7.92
38 73 9.44
38 74 4.10
38 75 6.65
38 76 6.05
38 77 3.90
38 78 4.30
38 79 2.20
38 80 6.46
38 81 5.70
38 82 9.07
38 83 3.21
38 84 9.06
38 85 3.45
38 86 8.51
38 87 9.69
38 88 5.92
38 89 0.95
38 90 2.12
38 91 8.73
38 92 0.08
38 93 2.28
38 94 1.87
38 95 5.67
38 96 1.24
38 97 4.21
38 98 6.50
38 99 6.12
39 40 2.23
39 41 4.43
39 42 3.92
39 43 8.32
39 44 5.39
39 45 1.04
39 46 2.67
39 47 1.88
39 48 0.34
39 49 7.82
39 50 6.65
39 51 8.60
39 52 0.10
39 53 1.31
39 54 1.31
39 55 0.39
39 56 5.19
39 57 1.26
39 58 0.47
39 59 9.03
39 60 9.34
39 61 5.90
39 62 7.02
39 63 2.91
39 64 6.34
39 65 8.19
39 66 8.76
39 67 8.87
39 68 0.88
39 69 1.20
39 70 4.51
39 71 5.48
39 72 4.86
39 73 5.30
39 74 9.63
39 75 6.60
39 76 0.13
39 77 0.72
39 78 0.94
39 79 5.60
39 80 1.50
39 81 9.70
39 82 9.51
39 83 6.06
39 84 9.65
39 85 4.53
39 86 1.45
39 87 4.95
39 88 7.44
39 89 2.87
39 90 1.72
39 91 8.93
39 92 4.39
39 93 6.21
39 94 6.77
39 95 4.29
39 96 6.09
39 97 8.72
39 98 3.57
39 99 2.14
40 41 3.58
40 42 7.80
40 43 7.47
40 44 5.88
40 45 9.20
40 46 3.99
40 47 0.97
40 48 3.08
40 49 5.63
40 50 6.56
40 51 7.78
40 52 9.53
40 53 5.76
40 54 6.59
40 55 8.50
40 56 4.83
40 57 4.33
40 58 1.22
40 59 8.04
40 60 0.76
40 61 9.45
40 62 0.00
40 63 8.09
40 64 3.09
40 65 0.64
40 66 0.44
40 67 8.11
40 68 1.25
40 69 0.65
40 70 4.00
40 71 7.82
40 72 6.75
40 73 4.68
40 74 9.18
40 75 5.76
40 76 4.92
40 77 7.06
40 78 9.06
40 79 8.99
40 80 5.50
40 81 4.65
40 82 7.74
40 83 4.55
40 84 8.58
40 85 8.02
40 86 2.88
40 87 6.71
40 88 6.30
40 89 6.81
40 90 2.06
40 91 0.93
40 92 6.95
40 93 8.99
40 94 5.89
40 95 7.72
40 96 9.12
40 97 7.46
40 98 8.98
40 99 7.89
41 42 4.69
41 43 5.72
41 44 4.91
41 45 4.03
41 46 8.52
41 47 2.93
41 48 0.35
41 49 2.04
41 50 5.29
41 51 7.76
41 52 8.75
41 53 2.30
41 54 0.02
41 55 4.27
41 56 3.32
41 57 8.26
41 58 0.46
41 59 1.14
41 60 1.55
41 61 0.24
41 62 9.85
41 63 9.07
41 64 8.08
41 65 5.95
41 66 6.77
41 67 2.06
41 68 0.88
41 69 9.13
41 70 8.56
41 71 2.17
41 72 0.75
41 73 9.43
41 74 9.97
41 75 5.53
41 76 9.10
41 77 6.55
41 78 0.77
41 79 2.25
41 80 1.13
41 81 4.61
41 82 7.70
41 83 2.60
41 84 4.84
41 85 1.36
41 86 5.27
41 87 0.51
41 88 0.62
41 89 1.15
41 90 5.36
41 91 3.13
41 92 7.75
41 93 0.75
41 94 0.95
41 95 8.04
41 96 5.67
41 97 5.45
41 98 1.87
41 99 3.45
42 43 6.77
42 44 5.33
42 45 1.99
42 46 1.21
42 47 0.58
42 48 3.60
42 49 3.00
42 50 4.83
42 51 0.29
42 52 9.59
42 53 9.27
42 54 7.85
42 55 4.04
42 56 2.85
42 57 4.12
42 58 1.11
42 59 9.41
42 60 5.52
42 61 1.14
42 62 8.23
42 63 5.36
42 64 2.88
42 65 4.42
42 66 4.77
42 67 7.94
42 68 5.82
42 69 6.29
42 70 4.20
42 71 9.69
42 72 2.79
42 73 7.29
42 74 4.28
42 75 1.47
42 76 6.82
42 77 0.33
42 78 1.51
42 79 9.93
42 80 3.41
42 81 9.95
42 82 4.61
42 83 9.56
42 84 2.26
42 85 0.00
42 86 5.78
42 87 3.40
42 88 0.10
42 89 9.94
42 90 7.45
42 91 8.69
42 92 1.84
42 93 6.81
42 94 8.72
42 95 2.56
42 96 2.84
42 97 4.24
42 98 7.34
42 99 6.65
43 44 6.32
43 45 7.08
43 46 7.69
43 47 5.75
43 48 2.81
43 49 7.00
43 50 8.15
43 51 9.90
43 52 2.75
43 53 4.70
43 54 9.67
43 55 0.91
43 56 3.59
43 57 9.11
43 58 0.57
43 59 3.96
43 60 5.76
43 61 2.13
43 62 4.90
43 63 5.72
43 64 3.09
43 65 5.03
43 66 0.30
43 67 2.72
43 68 6.68
43 69 9.18
43 70 1.39
43 71 4.51
43 72 7.65
43 73 0.24
43 74 0.17
43 75 2.31
43 76 8.66
43 77 9.32
43 78 8.28
43 79 0.71
43 80 7.75
43 81 7.97
43 82 1.76
43 83 0.46
43 84 7.23
43 85 1.95
43 86 0.23
43 87 4.60
43 88 6.48
43 89 9.09
43 90 7.92
43 91 9.42
43 92 0.16
43 93 6.42
43 94 7.60
43 95 9.72
43 96 9.95
43 97 7.41
43 98 6.60
43 99 7.55
44 45 0.01
44 46 1.48
44 47 5.54
44 48 5.82
44 49 5.22
44 50 2.96
44 51 5.93
44 52 8.58
44 53 4.92
44 54 0.82
44 55 6.62
44 56 7.24
44 57 9.59
44 58 7.85
44 59 3.97
44 60 8.69
44 61 4.97
44 62 1.42
44 63 1.45
44 64 2.54
44 65 8.37
44 66 4.53
44 67 6.45
44 68 7.64
44 69 0.15
44 70 5.25
44 71 8.59
44 72 5.57
44 73 0.89
44 74 4.46
44 75 6.57
44 76 9.51
44 77 5.47
44 78 9.47
44 79 8.91
44 80 1.88
44 81 6.75
44 82 6.81
44 83 8.16
44 84 8.55
44 85 7.32
44 86 0.49
44 87 3.36
44 88 4.77
44 89 3.41
44 90 3.89
44 91 7.93
44 92 3.32
44 93 7.23
44 94 4.04
44 95 4.13
44 96 2.13
44 97 2.86
44 98 6.54
44 99 2.73
45 46 5.28
45 47 1.95
45 48 7.31
45 49 6.68
45 50 5.88
45 51 8.34
45 52 2.47
45 53 3.83
45 54 4.63
45 55 0.63
45 56 0.48
45 57 2.10
45 58 5.73
45 59 9.58
45 60 2.53
45 61 6.59
45 62 6.51
45 63 3.97
45 64 5.69
45 65 1.58
45 66 5.37
45 67 5.96
45 68 8.24
45 69 8.08
45 70 6.93
45 71 4.86
45 72 7.72
45 73 6.56
45 74 2.79
45 75 8.52
45 76 9.74
45 77 0.95
45 78 7.22
45 79 1.29
45 80 8.06
45 81 8.50
45 82 5.93
45 83 1.99
45 84 9.38
45 85 1.42
45 86 1.61
45 87 1.91
45 88 3.67
45 89 6.95
45 90 2.94
45 91 1.18
45 92 9.72
45 93 1.82
45 94 2.79
45 95 5.56
45 96 6.85
45 97 0.45
45 98 5.20
45 99 0.03
46 47 7.68
46 48 6.27
46 49 3.12
46 50 1.99
46 51 5.08
46 52 9.75
46 53 6.63
46 54 2.38
46 55 6.44
46 56 1.13
46 57 9.76
46 58 2.93
46 59 9.56
46 60 1.15
46 61 8.92
46 62 4.19
46 63 4.92
46 64 0.44
46 65 6.88
46 66 0.78
46 67 0.27
46 68 9.90
46 69 6.07
46 70 1.76
46 71 4.40
46 72 1.74
46 73 7.68
46 74 5.58
46 75 6.43
46 76 4.18
46 77 4.35
46 78 9.61
46 79 9.78
46 80 9.15
46 81 9.22
46 82 4.65
46 83 6.75
46 84 8.96
46 85 4.51
46 86 4.32
46 87 3.62
46 88 0.29
46 89 4.02
46 90 1.53
46 91 0.82
46 92 6.54
46 93 2.88
46 94 5.86
46 95 7.04
46 96 0.83
46 97 8.89
46 98 3.96
46 99 1.69
47 48 9.77
47 49 7.27
47 50 5.69
47 51 6.53
47 52 4.04
47 53 6.52
47 54 2.55
47 55 6.50
47 56 5.56
47 57 1.15
47 58 8.08
47 59 3.59
47 60 7.16
47 61 4.41
47 62 8.51
47 63 5.83
47 64 8.10
47 65 0.92
47 66 9.31
47 67 7.77
47 68 8.07
47 69 5.91
47 70 1.96
47 71 5.21
47 72 9.93
47 73 0.27
47 74 3.79
47 75 3.84
47 76 1.90
47 77 3.46
47 78 8.06
47 79 3.34
47 80 8.04
47 81 5.12
47 82 7.46
47 83 2.31
47 84 7.17
47 85 6.86
47 86 1.21
47 87 4.39
47 88 2.13
47 89 8.48
47 90 9.70
47 91 3.75
47 92 7.42
47 93 7.00
47 94 7.95
47 95 7.19
47 96 5.18
47 97 2.44
47 98 2.31
47 99 9.20
48 49 9.04
48 50 7.59
48 51 8.77
48 52 8.64
48 53 6.59
48 54 4.12
48 55 4.98
48 56 4.08
48 57 0.11
48 58 7.32
48 59 9.42
48 60 5.07
48 61 9.87
48 62 9.81
48 63 4.57
48 64 5.06
48 65 7.72
48 66 9.84
48 67 0.81
48 68 3.27
48 69 4.17
48 70 7.81
48 71 9.59
48 72 3.61
48 73 6.37
48 74 7.10
48 75 8.90
48 76 1.29
48 77 8.06
48 78 7.35
48 79 9.46
48 80 9.46
48 81 4.86
48 82 7.61
48 83 0.74
48 84 4.51
48 85 8.03
48 86 6.91
48 87 8.43
48 88 0.04
48 89 9.15
48 90 0.61
48 91 3.20
48 92 3.52
48 93 5.99
48 94 3.53
48 95 8.45
48 96 4.56
48 97 8.06
48 98 7.74
48 99 0.26
49 50 3.31
49 51 0.89
49 52 4.31
49 53 7.22
49 54 2.66
49 55 7.59
49 56 2.43
49 57 4.45
49 58 7.54
49 59 7.31
49 60 9.98
49 61 8.98
49 62 7.43
49 63 0.39
49 64 7.93
49 65 5.70
49 66 0.41
49 67 0.24
49 68 7.84
49 69 7.03
49 70 5.36
49 71 8.54
49 72 9.08
49 73 3.34
49 74 8.15
49 75 3.85
49 76 9.99
49 77 6.09
49 78 3.07
49 79 3.98
49 80 8.76
49 81 6.20
49 82 8.52
49 83 0.45
49 84 3.37
49 85 2.62
49 86 0.41
49 87 1.65
49 88 3.22
49 89 9.82
49 90 0.03
49 91 0.65
49 92 8.08
49 93 7.37
49 94 2.08
49 95 5.49
49 96 0.64
49 97 1.17
49 98 4.73
49 99 9.16
50 51 9.68
50 52 7.53
50 53 5.42
50 54 2.35
50 55 2.48
50 56 9.43
50 57 7.04
50 58 3.65
50 59 8.07
50 60 5.21
50 61 6.76
50 62 5.21
50 63 3.60
50 64 6.18
50 65 7.70
50 66 2.68
50 67 7.57
50 68 5.02
50 69 2.63
50 70 4.76
50 71 4.08
50 72 6.60
50 73 2.53
50 74 2.02
50 75 4.75
50 76 8.97
50 77 6.36
50 78 8.91
50 79 7.20
50 80 1.63
50 81 3.05
50 82 4.96
50 83 6.76
50 84 5.67
50 85 3.50
50 86 4.42
50 87 6.96
50 88 9.10
50 89 6.25
50 90 2.18
50 91 1.02
50 92 1.40
50 93 3.14
50 94 0.67
50 95 5.76
50 96 3.91
50 97 6.10
50 98 4.00
50 99 9.04
51 52 4.48
51 53 8.82
51 54 9.16
51 55 1.42
51 56 4.63
51 57 2.23
51 58 5.82
51 59 6.58
51 60 4.32
51 61 2.55
51 62 2.55
51 63 1.35
51 64 1.10
51 65 1.76
51 66 8.85
51 67 0.61
51 68 5.94
51 69 0.17
51 70 6.28
51 71 2.72
51 72 5.86
51 73 5.90
51 74 3.07
51 75 9.82
51 76 3.89
51 77 6.77
51 78 6.02
51 79 4.07
51 80 7.71
51 81 1.59
51 82 3.31
51 83 7.17
51 84 7.24
51 85 5.20
51 86 7.27
51 87 3.45
51 88 3.62
51 89 4.57
51 90 1.57
51 91 7.60
51 92 7.00
51 93 2.23
51 94 9.24
51 95 5.32
51 96 8.93
51 97 6.21
51 98 2.54
51 99 5.69
52 53 9.62
52 54 3.19
52 55 0.13
52 56 1.75
52 57 2.47
52 58 1.09
52 59 1.37
52 60 4.67
52 61 0.95
52 62 2.07
52 63 4.96
52 64 1.71
52 65 4.48
52 66 5.59
52 67 1.41
52 68 2.11
52 69 9.59
52 70 6.30
52 71 1.37
52 72 8.18
52 73 0.10
52 74 3.22
52 75 7.94
52 76 7.58
52 77 7.63
52 78 0.24
52 79 0.96
52 80 8.54
52 81 3.47
52 82 8.14
52 83 7.12
52 84 9.21
52 85 7.99
52 86 5.83
52 87 9.57
52 88 0.75
52 89 3.22
52 90 3.71
52 91 0.88
52 92 8.74
52 93 9.50
52 94 1.19
52 95 5.77
52 96 3.61
52 97 5.87
52 98 0.71
52 99 7.09
53 54 0.85
53 55 4.72
53 56 8.03
53 57 2.89
53 58 0.64
53 59 9.28
53 60 6.71
53 61 3.17
53 62 8.15
53 63 2.88
53 64 5.79
53 65 2.80
53 66 7.01
53 67 9.51
53 68 8.67
53 69 2.40
53 70 8.16
53 71 3.14
53 72 4.50
53 73 7.15
53 74 5.95
53 75 9.24
53 76 3.38
53 77 5.27
53 78 7.33
53 79 7.12
53 80 3.24
53 81 0.83
53 82 7.41
53 83 0.12
53 84 9.21
53 85 7.84
53 86 7.87
53 87 6.59
53 88 4.50
53 89 2.02
53 90 9.86
53 91 0.69
53 92 9.23
53 93 7.87
53 94 2.24
53 95 8.07
53 96 2.06
53 97 2.21
53 98 3.00
53 99 6.72
54 55 1.64
54 56 3.26
54 57 9.59
54 58 1.53
54 59 1.34
54 60 3.08
54 61 0.97
54 62 4.62
54 63 8.21
54 64 8.87
54 65 4.45
54 66 9.97
54 67 3.74
54 68 2.78
54 69 8.06
54 70 8.58
54 71 0.07
54 72 6.51
54 73 3.37
54 74 1.14
54 75 8.06
54 76 6.38
54 77 1.55
54 78 5.95
54 79 9.10
54 80 8.33
54 81 6.55
54 82 9.52
54 83 0.97
54 84 0.53
54 85 0.61
54 86 5.53
54 87 3.56
54 88 8.66
54 89 7.74
54 90 7.65
54 91 9.69
54 92 4.63
54 93 7.28
54 94 9.49
54 95 1.54
54 96 8.55
54 97 0.75
54 98 5.24
54 99 4.75
55 56 7.87
55 57 3.65
55 58 7.03
55 59 4.92
55 60 2.44
55 61 6.15
55 62 4.80
55 63 3.10
55 64 5.18
55 65 3.08
55 66 7.16
55 67 2.37
55 68 8.41
55 69 6.51
55 70 6.33
55 71 6.39
55 72 3.83
55 73 4.69
55 74 7.92
55 75 6.33
55 76 1.68
55 77 8.80
55 78 9.25
55 79 6.09
55 80 4.43
55 81 0.67
55 82 9.37
55 83 3.02
55 84 7.58
55 85 3.80
55 86 1.92
55 87 0.88
55 88 9.92
55 89 3.18
55 90 2.84
55 91 9.71
55 92 3.58
55 93 5.77
55 94 6.93
55 95 1.10
55 96 4.47
55 97 3.44
55 98 8.36
55 99 4.16
56 57 9.72
56 58 7.16
56 59 2.60
56 60 4.38
56 61 2.11
56 62 9.73
56 63 3.74
56 64 5.12
56 65 5.93
56 66 0.41
56 67 2.48
56 68 6.47
56 69 0.14
56 70 4.03
56 71 3.30
56 72 7.99
56 73 7.08
56 74 1.51
56 75 8.67
56 76 2.57
56 77 1.36
56 78 1.02
56 79 0.64
56 80 5.24
56 81 2.24
56 82 8.89
56 83 5.62
56 84 4.35
56 85 2.17
56 86 2.07
56 87 7.52
56 88 9.53
56 89 2.15
56 90 3.26
56 91 3.52
56 92 3.51
56 93 7.98
56 94 5.99
56 95 5.95
56 96 2.37
56 97 3.41
56 98 3.94
56 99 2.23
57 58 3.25
57 59 8.34
57 60 0.95
57 61 1.07
57 62 2.47
57 63 6.22
57 64 7.23
57 65 3.18
57 66 1.44
57 67 6.06
57 68 5.42
57 69 7.67
57 70 2.94
57 71 1.74
57 72 4.29
57 73 0.05
57 74 0.30
57 75 1.90
57 76 5.15
57 77 6.22
57 78 1.43
57 79 1.56
57 80 3.72
57 81 3.79
57 82 5.22
57 83 5.26
57 84 6.48
57 85 6.25
57 86 8.77
57 87 3.06
57 88 4.76
57 89 9.69
57 90 5.54
57 91 5.81
57 92 8.92
57 93 8.83
57 94 0.93
57 95 6.25
57 96 0.29
57 97 6.69
57 98 2.77
57 99 6.33
58 59 9.90
58 60 7.36
58 61 6.13
58 62 1.45
58 63 6.17
58 64 6.09
58 65 8.04
58 66 5.55
58 67 8.89
58 68 9.05
58 69 6.75
58 70 2.60
58 71 2.12
58 72 0.98
58 73 4.49
58 74 4.20
58 75 2.17
58 76 2.06
58 77 3.53
58 78 0.22
58 79 0.60
58 80 0.57
58 81 1.28
58 82 3.14
58 83 9.16
58 84 9.50
58 85 0.44
58 86 0.34
58 87 7.81
58 88 1.96
58 89 0.84
58 90 1.80
58 91 0.94
58 92 7.94
58 93 3.32
58 94 8.28
58 95 4.92
58 96 0.34
58 97 2.04
58 98 3.69
58 99 5.43
59 60 7.00
59 61 2.19
59 62 5.66
59 63 8.16
59 64 0.39
59 65 1.19
59 66 6.21
59 67 0.36
59 68 5.56
59 69 1.33
59 70 9.09
59 71 3.79
59 72 2.06
59 73 5.72
59 74 7.66
59 75 7.03
59 76 3.58
59 77 0.26
59 78 0.68
59 79 5.85
59 80 4.99
59 81 4.59
59 82 8.55
59 83 7.28
59 84 7.71
59 85 8.74
59 86 7.87
59 87 3.70
59 88 8.16
59 89 4.48
59 90 5.17
59 91 0.37
59 92 4.09
59 93 9.68
59 94 8.60
59 95 0.29
59 96 6.85
59 97 3.06
59 98 3.50
59 99 0.00
60 61 3.78
60 62 1.13
60 63 9.66
60 64 6.04
60 65 1.26
60 66 2.93
60 67 2.31
60 68 4.98
60 69 0.31
60 70 6.69
60 71 1.60
60 72 2.42
60 73 6.81
60 74 0.20
60 75 6.02
60 76 2.62
60 77 1.63
60 78 4.23
60 79 2.22
60 80 7.05
60 81 3.51
60 82 5.05
60 83 0.40
60 84 6.62
60 85 3.50
60 86 5.28
60 87 4.91
60 88 8.26
60 89 7.85
60 90 3.82
60 91 1.10
60 92 0.57
60 93 8.73
60 94 6.27
60 95 7.45
60 96 3.21
60 97 3.41
60 98 4.29
60 99 1.76
61 62 7.09
61 63 0.58
61 64 8.84
61 65 4.23
61 66 3.29
61 67 0.96
61 68 7.67
61 69 4.53
61 70 5.01
61 71 7.53
61 72 7.56
61 73 0.94
61 74 8.23
61 75 4.86
61 76 1.20
61 77 6.74
61 78 0.05
61 79 4.78
61 80 8.58
61 81 6.87
61 82 9.31
61 83 0.98
61 84 7.97
61 85 0.35
61 86 4.82
61 87 2.94
61 88 3.23
61 89 0.32
61 90 6.78
61 91 1.09
61 92 7.89
61 93 8.62
61 94 6.65
61 95 8.22
61 96 1.21
61 97 5.70
61 98 0.10
61 99 6.42
62 63 3.35
62 64 2.53
62 65 8.72
62 66 9.49
62 67 6.82
62 68 6.60
62 69 1.66
62 70 7.57
62 71 9.54
62 72 3.17
62 73 9.68
62 74 5.65
62 75 1.16
62 76 2.35
62 77 1.38
62 78 3.35
62 79 2.63
62 80 4.40
62 81 8.59
62 82 5.42
62 83 2.49
62 84 8.55
62 85 6.77
62 86 5.94
62 87 4.94
62 88 8.34
62 89 2.19
62 90 9.44
62 91 7.23
62 92 4.61
62 93 8.41
62 94 7.11
62 95 9.84
62 96 8.60
62 97 8.74
62 98 0.29
62 99 1.99
63 64 1.51
63 65 9.43
63 66 0.67
63 67 6.08
63 68 9.88
63 69 2.79
63 70 3.36
63 71 9.55
63 72 0.25
63 73 0.21
63 74 4.26
63 75 0.34
63 76 0.14
63 77 0.15
63 78 4.26
63 79 3.34
63 80 3.64
63 81 1.83
63 82 4.61
63 83 3.72
63 84 0.75
63 85 1.18
63 86 1.23
63 87 5.59
63 88 8.91
63 89 4.37
63 90 8.98
63 91 2.50
63 92 6.75
63 93 8.59
63 94 4.58
63 95 4.73
63 96 5.49
63 97 5.87
63 98 8.37
63 99 5.47
64 65 8.45
64 66 3.16
64 67 7.48
64 68 3.06
64 69 9.13
64 70 2.15
64 71 8.54
64 72 4.29
64 73 0.58
64 74 8.80
64 75 3.36
64 76 4.01
64 77 4.13
64 78 9.22
64 79 4.75
64 80 3.48
64 81 7.50
64 82 2.60
64 83 3.62
64 84 3.28
64 85 0.54
64 86 8.90
64 87 9.31
64 88 1.99
64 89 9.92
64 90 0.36
64 91 9.80
64 92 4.58
64 93 8.37
64 94 3.17
64 95 3.03
64 96 7.28
64 97 2.95
64 98 7.83
64 99 3.48
65 66 8.06
65 67 4.95
65 68 2.41
65 69 0.85
65 70 6.25
65 71 7.47
65 72 1.03
65 73 5.77
65 74 3.92
65 75 3.80
65 76 1.76
65 77 5.51
65 78 4.74
65 79 3.07
65 80 2.60
65 81 9.61
65 82 7.37
65 83 7.08
65 84 6.46
65 85 5.17
65 86 0.27
65 87 7.25
65 88 0.30
65 89 3.74
65 90 7.39
65 91 1.81
65 92 0.31
65 93 0.26
65 94 9.34
65 95 8.53
65 96 9.91
65 97 3.65
65 98 2.43
65 99 3.50
66 67 3.47
66 68 3.13
66 69 0.92
66 70 6.57
66 71 1.37
66 72 3.55
66 73 2.05
66 74 0.60
66 75 0.71
66 76 7.96
66 77 4.97
66 78 3.49
66 79 4.40
66 80 2.99
66 81 4.56
66 82 2.91
66 83 2.26
66 84 1.53
66 85 4.79
66 86 7.00
66 87 3.47
66 88 4.32
66 89 6.15
66 90 3.60
66 91 5.52
66 92 7.89
66 93 9.39
66 94 7.88
66 95 7.97
66 96 9.05
66 97 4.25
66 98 8.58
66 99 3.99
67 68 5.48
67 69 4.36
67 70 0.27
67 71 2.30
67 72 7.38
67 73 9.49
67 74 6.05
67 75 4.96
67 76 4.27
67 77 9.58
67 78 8.81
67 79 4.42
67 80 6.19
67 81 1.60
67 82 6.02
67 83 0.19
67 84 2.33
67 85 9.62
67 86 8.25
67 87 8.64
67 88 4.03
67 89 2.69
67 90 7.03
67 91 7.20
67 92 3.86
67 93 9.11
67 94 0.74
67 95 0.54
67 96 8.43
67 97 0.87
67 98 2.99
67 99 2.16
68 69 8.81
68 70 2.19
68 71 7.49
68 72 4.26
68 73 7.49
68 74 3.80
68 75 6.39
68 76 3.16
68 77 1.83
68 78 8.84
68 79 6.40
68 80 1.45
68 81 6.03
68 82 6.42
68 83 7.46
68 84 5.30
68 85 2.48
68 86 5.33
68 87 5.05
68 88 3.24
68 89 2.29
68 90 6.28
68 91 1.29
68 92 9.40
68 93 0.12
68 94 6.65
68 95 5.96
68 96 6.53
68 97 4.63
68 98 0.99
68 99 8.74
69 70 0.14
69 71 7.18
69 72 1.27
69 73 2.93
69 74 4.35
69 75 3.34
69 76 7.38
69 77 3.03
69 78 1.47
69 79 2.76
69 80 2.77
69 81 1.58
69 82 5.19
69 83 6.66
69 84 0.68
69 85 2.39
69 86 6.39
69 87 0.17
69 88 8.04
69 89 5.08
69 90 4.07
69 91 9.62
69 92 5.09
69 93 4.33
69 94 6.63
69 95 4.66
69 96 3.22
69 97 0.42
69 98 6.69
69 99 3.16
70 71 6.84
70 72 1.17
70 73 5.40
70 74 3.27
70 75 5.99
70 76 2.71
70 77 2.52
70 78 0.11
70 79 3.57
70 80 3.36
70 81 4.74
70 82 3.23
70 83 0.55
70 84 8.42
70 85 2.53
70 86 5.80
70 87 7.44
70 88 0.60
70 89 8.88
70 90 7.93
70 91 6.80
70 92 1.12
70 93 1.94
70 94 3.02
70 95 7.75
70 96 2.76
70 97 4.22
70 98 1.32
70 99 5.65
71 72 9.03
71 73 2.04
71 74 9.90
71 75 0.01
71 76 1.07
71 77 7.02
71 78 3.34
71 79 2.60
71 80 1.29
71 81 6.58
71 82 6.18
71 83 4.44
71 84 4.62
71 85 7.07
71 86 4.60
71 87 1.74
71 88 8.01
71 89 9.51
71 90 0.05
71 91 3.44
71 92 0.68
71 93 3.35
71 94 3.72
71 95 1.04
71 96 1.23
71 97 5.54
71 98 2.47
71 99 5.56
72 73 6.26
72 74 2.72
72 75 9.50
72 76 4.27
72 77 4.45
72 78 5.98
72 79 8.27
72 80 5.54
72 81 7.77
72 82 7.95
72 83 5.55
72 84 5.43
72 85 9.80
72 86 6.36
72 87 0.87
72 88 3.15
72 89 9.26
72 90 2.22
72 91 0.26
72 92 9.60
72 93 0.63
72 94 9.74
72 95 4.76
72 96 3.18
72 97 9.24
72 98 6.14
72 99 1.10
73 74 0.54
73 75 3.44
73 76 1.40
73 77 8.89
73 78 7.80
73 79 5.29
73 80 9.52
73 81 7.34
73 82 5.84
73 83 7.37
73 84 8.61
73 85 5.56
73 86 7.61
73 87 1.62
73 88 6.53
73 89 4.03
73 90 1.65
73 91 0.72
73 92 8.22
73 93 9.35
73 94 9.60
73 95 6.28
73 96 9.31
73 97 0.80
73 98 8.08
73 99 7.26
74 75 5.10
74 76 1.63
74 77 3.57
74 78 1.59
74 79 4.20
74 80 5.25
74 81 0.18
74 82 8.17
74 83 2.81
74 84 3.97
74 85 8.96
74 86 3.60
74 87 4.75
74 88 7.69
74 89 3.96
74 90 1.15
74 91 8.60
74 92 5.25
74 93 5.30
74 94 8.84
74 95 9.64
74 96 0.02
74 97 5.71
74 98 0.16
74 99 5.23
75 76 1.24
75 77 4.77
75 78 8.94
75 79 1.56
75 80 4.40
75 81 7.57
75 82 0.58
75 83 9.03
75 84 2.09
75 85 4.88
75 86 2.89
75 87 4.24
75 88 9.55
75 89 3.09
75 90 5.35
75 91 8.30
75 92 1.19
75 93 0.53
75 94 7.25
75 95 5.05
75 96 0.24
75 97 3.73
75 98 5.32
75 99 7.89
76 77 0.64
76 78 5.12
76 79 9.75
76 80 6.60
76 81 3.74
76 82 8.68
76 83 2.18
76 84 7.75
76 85 9.67
76 86 6.37
76 87 1.20
76 88 4.23
76 89 2.52
76 90 0.22
76 91 8.07
76 92 1.82
76 93 5.86
76 94 6.42
76 95 1.65
76 96 6.36
76 97 4.06
76 98 6.10
76 99 8.17
77 78 8.45
77 79 8.01
77 80 7.15
77 81 6.08
77 82 9.91
77 83 4.07
77 84 6.25
77 85 8.20
77 86 6.18
77 87 5.31
77 88 8.06
77 89 4.77
77 90 6.21
77 91 8.45
77 92 6.12
77 93 6.65
77 94 8.02
77 95 0.78
77 96 6.55
77 97 7.80
77 98 2.31
77 99 4.33
78 79 4.30
78 80 3.19
78 81 9.10
78 82 9.59
78 83 7.38
78 84 0.18
78 85 1.31
78 86 9.83
78 87 2.38
78 88 6.67
78 89 3.47
78 90 5.85
78 91 5.72
78 92 4.98
78 93 9.03
78 94 7.02
78 95 2.09
78 96 0.51
78 97 3.03
78 98 1.15
78 99 1.24
79 80 1.57
79 81 1.06
79 82 5.45
79 83 6.46
79 84 1.31
79 85 5.30
79 86 5.29
79 87 9.46
79 88 4.33
79 89 0.56
79 90 2.92
79 91 5.68
79 92 2.55
79 93 9.86
79 94 0.42
79 95 4.94
79 96 5.66
79 97 8.22
79 98 6.54
79 99 7.47
80 81 9.12
80 82 7.64
80 83 3.15
80 84 0.76
80 85 6.02
80 86 8.40
80 87 5.51
80 88 3.40
80 89 3.71
80 90 6.80
80 91 7.66
80 92 1.08
80 93 2.28
80 94 0.34
80 95 7.50
80 96 4.15
80 97 8.51
80 98 8.12
80 99 8.44
81 82 6.04
81 83 5.35
81 84 6.64
81 85 3.41
81 86 3.52
81 87 5.67
81 88 0.49
81 89 7.59
81 90 5.37
81 91 2.62
81 92 4.82
81 93 8.62
81 94 2.03
81 95 8.65
81 96 8.72
81 97 8.91
81 98 9.08
81 99 4.77
82 83 5.33
82 84 4.19
82 85 6.34
82 86 2.11
82 87 1.15
82 88 1.53
82 89 6.63
82 90 5.69
82 91 6.10
82 92 8.65
82 93 5.98
82 94 6.52
82 95 5.38
82 96 9.28
82 97 5.36
82 98 9.61
82 99 3.11
83 84 4.79
83 85 7.29
83 86 3.53
83 87 7.83
83 88 9.98
83 89 9.06
83 90 1.59
83 91 1.10
83 92 8.10
83 93 9.61
83 94 9.23
83 95 9.08
83 96 7.49
83 97 7.45
83 98 1.74
83 99 7.08
84 85 0.68
84 86 8.57
84 87 0.06
84 88 1.08
84 89 4.35
84 90 5.44
84 91 8.14
84 92 0.79
84 93 3.18
84 94 4.33
84 95 1.85
84 96 2.14
84 97 6.15
84 98 1.01
84 99 6.34
85 86 5.13
85 87 4.30
85 88 1.72
85 89 0.59
85 90 3.30
85 91 6.36
85 92 9.87
85 93 8.70
85 94 1.21
85 95 3.86
85 96 1.02
85 97 9.14
85 98 6.51
85 99 5.43
86 87 8.29
86 88 8.31
86 89 9.10
86 90 2.01
86 91 9.36
86 92 6.18
86 93 4.13
86 94 3.31
86 95 3.76
86 96 9.83
86 97 1.28
86 98 2.13
86 99 7.69
87 88 8.51
87 89 0.67
87 90 5.80
87 91 3.82
87 92 6.30
87 93 6.55
87 94 8.30
87 95 7.50
87 96 6.43
87 97 5.37
87 98 8.31
87 99 3.23
88 89 9.35
88 90 1.93
88 91 3.38
88 92 9.80
88 93 0.35
88 94 3.30
88 95 3.33
88 96 7.63
88 97 6.51
88 98 7.32
88 99 0.82
89 90 3.29
89 91 7.87
89 92 7.69
89 93 2.12
89 94 3.89
89 95 8.59
89 96 8.08
89 97 9.77
89 98 3.14
89 99 2.47
90 91 1.11
90 92 3.95
90 93 1.14
90 94 4.64
90 95 6.19
90 96 9.33
90 97 2.65
90 98 9.45
90 99 4.66
91 92 4.93
91 93 7.50
91 94 3.26
91 95 9.53
91 96 2.90
91 97 8.48
91 98 1.74
91 99 5.45
92 93 8.11
92 94 6.21
92 95 4.72
92 96 1.42
92 97 3.59
92 98 1.78
92 99 9.80
93 94 9.50
93 95 4.50
93 96 9.73
93 97 6.02
93 98 3.93
93 99 6.91
94 95 1.91
94 96 6.05
94 97 4.05
94 98 6.30
94 99 1.08
95 96 3.69
95 97 5.47
95 98 4.11
95 99 3.43
96 97 7.01
96 98 2.02
96 99 9.18
97 98 2.13
97 99 7.92
98 99 1.32
