100 10
0 1 8.10
0 2 2.24
0 3 0.67
0 4 0.77
0 5 1.52
0 6 8.85
0 7 0.85
0 8 7.71
0 9 0.62
0 10 7.30
0 11 1.33
0 12 8.65
0 13 9.28
0 14 2.13
0 15 8.90
0 16 2.71
0 17 7.36
0 18 7.23
0 19 9.38
0 20 2.02
0 21 0.82
0 22 3.06
0 23 9.09
0 24 8.98
0 25 6.43
0 26 8.69
0 27 7.46
0 28 0.93
0 29 8.72
0 30 6.03
0 31 5.73
0 32 8.89
0 33 4.12
0 34 1.13
0 35 8.49
0 36 0.27
0 37 4.18
0 38 0.60
0 39 2.50
0 40 1.93
0 41 1.80
0 42 4.94
0 43 3.59
0 44 4.27
0 45 0.90
0 46 3.98
0 47 9.29
0 48 2.55
0 49 6.83
0 50 2.74
0 51 7.10
0 52 1.95
0 53 4.14
0 54 4.14
0 55 1.12
0 56 0.97
0 57 6.65
0 58 0.88
0 59 9.18
0 60 4.22
0 61 4.09
0 62 5.81
0 63 2.52
0 64 0.10
0 65 2.86
0 66 6.48
0 67 0.61
0 68 6.96
0 69 9.89
0 70 7.93
0 71 7.61
0 72 2.08
0 73 4.67
0 74 5.36
0 75 0.31
0 76 1.77
0 77 2.71
0 78 9.19
0 79 5.49
0 80 1.43
0 81 7.28
0 82 3.36
0 83 7.08
0 84 2.05
0 85 9.75
0 86 0.60
0 87 3.52
0 88 9.41
0 89 3.43
0 90 6.13
0 91 9.55
0 92 7.39
0 93 0.68
0 94 7.82
0 95 4.90
0 96 7.38
0 97 7.94
0 98 8.59
0 99 3.57
1 2 0.12
1 3 5.72
1 4 4.80
1 5 2.71
1 6 5.49
1 7 2.03
1 8 6.37
1 9 7.77
1 10 3.67
1 11 4.33
1 12 2.53
1 13 5.54
1 14 4.17
1 15 0.18
1 16 9.28
1 17 6.47
1 18 7.24
1 19 1.68
1 20 3.67
1 21 6.13
1 22 6.79
1 23 1.72
1 24 9.72
1 25 4.42
1 26 4.86
1 27 3.12
1 28 9.57
1 29 6.31
1 30 3.74
1 31 6.66
1 32 8.31
1 33 4.54
1 34 2.60
1 35 4.72
1 36 6.24
1 37 9.80
1 38 5.60
1 39 4.34
1 40 9.86
1 41 0.77
1 42 1.62
1 43 2.56
1 44 5.56
1 45 1.71
1 46 5.52
1 47 5.46
1 48 1.40
1 49 2.91
1 50 3.09
1 51 2.42
1 52 7.98
1 53 6.41
1 54 2.57
1 55 2.48
1 56 7.54
1 57 9.91
1 58 5.44
1 59 1.23
1 60 0.45
1 61 0.48
1 62 1.95
1 63 1.23
1 64 7.76
1 65 7.47
1 66 3.57
1 67 0.79
1 68 9.64
1 69 7.18
1 70 1.24
1 71 9.78
1 72 7.15
1 73 6.41
1 74 9.42
1 75 4.83
1 76 1.48
1 77 3.47
1 78 0.40
1 79 2.97
1 80 7.47
1 81 3.99
1 82 4.82
1 83 8.31
1 84 5.02
1 85 6.00
1 86 1.99
1 87 7.41
1 88 4.61
1 89 2.58
1 90 4.79
1 91 0.07
1 92 1.62
1 93 0.93
1 94 6.73
1 95 9.43
1 96 3.12
1 97 4.28
1 98 4.91
1 99 8.78
2 3 5.11
2 4 7.38
2 5 0.64
2 6 1.34
2 7 4.96
2 8 1.66
2 9 1.67
2 10 7.65
2 11 4.05
2 12 0.30
2 13 0.02
2 14 6.43
2 15 2.14
2 16 3.52
2 17 2.56
2 18 1.56
2 19 5.84
2 20 8.74
2 21 1.77
2 22 9.65
2 23 3.45
2 24 1.64
2 25 3.62
2 26 9.81
2 27 7.41
2 28 9.79
2 29 2.60
2 30 0.79
2 31 1.42
2 32 9.72
2 33 2.84
2 34 9.18
2 35 1.83
2 36 3.69
2 37 3.81
2 38 3.58
2 39 2.68
2 40 6.55
2 41 1.97
2 42 1.36
2 43 3.68
2 44 0.25
2 45 2.78
2 46 8.35
2 47 6.42
2 48 9.32
2 49 5.59
2 50 9.59
2 51 1.72
2 52 0.15
2 53 2.89
2 54 8.75
2 55 0.32
2 56 5.49
2 57 5.88
2 58 4.91
2 59 3.40
2 60 9.58
2 61 8.58
2 62 9.74
2 63 5.70
2 64 4.37
2 65 1.41
2 66 7.28
2 67 3.22
2 68 4.19
2 69 7.67
2 70 2.65
2 71 2.63
2 72 8.83
2 73 7.72
2 74 2.40
2 75 7.15
2 76 0.81
2 77 4.94
2 78 7.22
2 79 7.44
2 80 8.17
2 81 2.18
2 82 5.79
2 83 1.91
2 84 6.66
2 85 7.30
2 86 6.04
2 87 9.15
2 88 4.78
2 89 6.76
2 90 6.86
2 91 6.55
2 92 8.54
2 93 7.87
2 94 8.39
2 95 6.54
2 96 8.80
2 97 7.69
2 98 6.56
2 99 8.27
3 4 6.84
3 5 3.81
3 6 3.85
3 7 1.15
3 8 0.61
3 9 5.97
3 10 8.80
3 11 9.29
3 12 8.54
3 13 2.02
3 14 8.37
3 15 8.48
3 16 3.39
3 17 1.05
3 18 4.82
3 19 5.38
3 20 8.46
3 21 6.17
3 22 7.89
3 23 3.83
3 24 6.77
3 25 1.36
3 26 0.84
3 27 8.64
3 28 6.34
3 29 6.30
3 30 4.47
3 31 8.88
3 32 5.85
3 33 2.30
3 34 0.61
3 35 8.17
3 36 0.33
3 37 0.81
3 38 5.25
3 39 4.90
3 40 7.56
3 41 4.63
3 42 8.46
3 43 3.54
3 44 8.77
3 45 3.39
3 46 2.69
3 47 0.76
3 48 9.86
3 49 9.27
3 50 1.98
3 51 4.88
3 52 3.36
3 53 8.36
3 54 7.87
3 55 6.57
3 56 3.74
3 57 9.48
3 58 3.75
3 59 4.56
3 60 7.08
3 61 3.88
3 62 0.46
3 63 3.40
3 64 7.30
3 65 7.80
3 66 3.06
3 67 1.27
3 68 5.92
3 69 3.97
3 70 5.86
3 71 5.74
3 72 5.53
3 73 4.53
3 74 0.20
3 75 2.27
3 76 5.67
3 77 3.86
3 78 4.15
3 79 3.53
3 80 0.12
3 81 8.37
3 82 7.49
3 83 4.82
3 84 1.26
3 85 0.88
3 86 4.05
3 87 8.01
3 88 7.69
3 89 7.94
3 90 0.57
3 91 2.69
3 92 1.47
3 93 5.92
3 94 1.70
3 95 8.98
3 96 4.86
3 97 9.69
3 98 0.18
3 99 5.41
4 5 1.69
4 6 5.35
4 7 7.66
4 8 0.60
4 9 7.82
4 10 7.06
4 11 6.64
4 12 1.95
4 13 1.08
4 14 5.15
4 15 9.89
4 16 0.89
4 17 4.96
4 18 0.02
4 19 5.35
4 20 0.76
4 21 7.18
4 22 2.21
4 23 6.70
4 24 5.13
4 25 9.39
4 26 7.54
4 27 5.62
4 28 2.29
4 29 2.93
4 30 7.81
4 31 0.12
4 32 4.47
4 33 3.00
4 34 4.43
4 35 5.34
4 36 5.06
4 37 5.02
4 38 9.97
4 39 6.33
4 40 8.97
4 41 8.59
4 42 5.03
4 43 9.10
4 44 3.35
4 45 5.56
4 46 0.03
4 47 7.16
4 48 3.68
4 49 9.70
4 50 5.29
4 51 5.27
4 52 3.10
4 53 6.61
4 54 4.99
4 55 1.33
4 56 0.64
4 57 7.22
4 58 0.88
4 59 2.66
4 60 4.10
4 61 6.79
4 62 7.78
4 63 1.20
4 64 3.83
4 65 5.53
4 66 9.81
4 67 3.93
4 68 8.93
4 69 1.36
4 70 0.79
4 71 1.00
4 72 3.97
4 73 3.19
4 74 6.65
4 75 7.08
4 76 8.81
4 77 1.84
4 78 5.08
4 79 9.38
4 80 4.56
4 81 4.89
4 82 3.07
4 83 0.81
4 84 4.78
4 85 8.50
4 86 3.93
4 87 6.02
4 88 2.05
4 89 9.44
4 90 4.49
4 91 4.81
4 92 5.19
4 93 2.41
4 94 5.66
4 95 5.79
4 96 1.81
4 97 6.01
4 98 0.68
4 99 1.77
5 6 0.71
5 7 4.73
5 8 4.61
5 9 7.16
5 10 4.51
5 11 8.31
5 12 0.02
5 13 4.90
5 14 2.27
5 15 9.29
5 16 1.33
5 17 9.32
5 18 7.37
5 19 2.89
5 20 2.60
5 21 2.08
5 22 2.95
5 23 3.74
5 24 7.91
5 25 8.31
5 26 3.29
5 27 6.10
5 28 6.31
5 29 6.95
5 30 8.14
5 31 5.49
5 32 0.39
5 33 5.25
5 34 2.84
5 35 0.65
5 36 4.48
5 37 3.50
5 38 4.72
5 39 3.13
5 40 1.44
5 41 9.82
5 42 0.14
5 43 0.15
5 44 8.59
5 45 1.19
5 46 6.54
5 47 8.09
5 48 9.74
5 49 1.97
5 50 2.94
5 51 1.73
5 52 4.34
5 53 7.39
5 54 4.46
5 55 7.57
5 56 5.58
5 57 8.90
5 58 5.29
5 59 1.23
5 60 8.84
5 61 0.48
5 62 0.10
5 63 5.00
5 64 4.15
5 65 7.17
5 66 4.77
5 67 6.48
5 68 9.25
5 69 2.21
5 70 2.34
5 71 7.25
5 72 1.17
5 73 7.14
5 74 1.08
5 75 7.17
5 76 6.88
5 77 4.21
5 78 7.63
5 79 5.29
5 80 8.48
5 81 1.73
5 82 3.20
5 83 2.37
5 84 7.04
5 85 0.60
5 86 9.22
5 87 4.65
5 88 5.53
5 89 2.25
5 90 1.06
5 91 1.72
5 92 3.37
5 93 9.25
5 94 8.46
5 95 1.19
5 96 9.97
5 97 2.06
5 98 5.04
5 99 0.20
6 7 7.30
6 8 4.01
6 9 4.58
6 10 0.62
6 11 7.03
6 12 7.17
6 13 1.82
6 14 4.87
6 15 8.57
6 16 0.38
6 17 5.25
6 18 3.70
6 19 9.55
6 20 6.48
6 21 2.47
6 22 5.69
6 23 6.51
6 24 8.18
6 25 4.04
6 26 9.59
6 27 5.94
6 28 6.51
6 29 9.07
6 30 6.58
6 31 8.45
6 32 4.31
6 33 1.58
6 34 1.79
6 35 7.40
6 36 2.45
6 37 5.55
6 38 4.52
6 39 7.72
6 40 5.37
6 41 0.16
6 42 4.73
6 43 1.64
6 44 8.76
6 45 2.71
6 46 6.76
6 47 1.19
6 48 4.17
6 49 0.66
6 50 3.38
6 51 5.75
6 52 9.78
6 53 7.67
6 54 2.54
6 55 6.35
6 56 6.99
6 57 9.90
6 58 0.66
6 59 2.69
6 60 9.88
6 61 9.67
6 62 9.14
6 63 2.86
6 64 5.67
6 65 3.13
6 66 7.04
6 67 4.90
6 68 7.22
6 69 6.15
6 70 7.29
6 71 1.58
6 72 7.31
6 73 8.04
6 74 6.61
6 75 10.00
6 76 9.98
6 77 2.23
6 78 6.55
6 79 6.57
6 80 7.69
6 81 7.82
6 82 9.67
6 83 5.86
6 84 5.50
6 85 9.84
6 86 5.38
6 87 4.36
6 88 6.40
6 89 5.18
6 90 7.08
6 91 4.00
6 92 6.23
6 93 3.88
6 94 5.74
6 95 2.04
6 96 7.45
6 97 3.12
6 98 1.48
6 99 4.66
7 8 5.63
7 9 4.52
7 10 1.65
7 11 4.72
7 12 6.19
7 13 2.35
7 14 2.73
7 15 4.08
7 16 2.28
7 17 3.90
7 18 1.82
7 19 5.15
7 20 8.29
7 21 5.29
7 22 1.39
7 23 8.75
7 24 8.93
7 25 8.99
7 26 7.68
7 27 7.50
7 28 9.68
7 29 9.94
7 30 8.84
7 31 6.17
7 32 2.86
7 33 5.94
7 34 3.33
7 35 7.97
7 36 0.55
7 37 9.02
7 38 4.88
7 39 8.25
7 40 4.08
7 41 0.33
7 42 4.14
7 43 1.18
7 44 3.64
7 45 0.39
7 46 0.59
7 47 6.80
7 48 5.71
7 49 3.82
7 50 3.13
7 51 8.07
7 52 8.09
7 53 1.87
7 54 7.46
7 55 7.55
7 56 6.20
7 57 5.92
7 58 1.27
7 59 2.09
7 60 1.75
7 61 5.81
7 62 7.71
7 63 3.00
7 64 8.87
7 65 5.49
7 66 6.70
7 67 8.48
7 68 0.17
7 69 9.16
7 70 6.85
7 71 5.28
7 72 5.22
7 73 8.33
7 74 8.81
7 75 3.58
7 76 4.44
7 77 4.53
7 78 0.53
7 79 6.35
7 80 3.40
7 81 1.15
7 82 2.41
7 83 3.88
7 84 9.82
7 85 3.85
7 86 5.49
7 87 9.95
7 88 7.50
7 89 7.43
7 90 0.30
7 91 6.61
7 92 1.28
7 93 2.38
7 94 0.85
7 95 7.00
7 96 7.88
7 97 8.96
7 98 8.25
7 99 1.14
8 9 4.52
8 10 3.23
8 11 0.88
8 12 8.07
8 13 7.62
8 14 3.14
8 15 3.58
8 16 9.85
8 17 3.32
8 18 2.69
8 19 3.75
8 20 9.74
8 21 5.14
8 22 7.28
8 23 4.90
8 24 6.51
8 25 4.66
8 26 3.83
8 27 2.74
8 28 3.15
8 29 0.73
8 30 7.27
8 31 7.37
8 32 3.45
8 33 1.20
8 34 3.74
8 35 3.89
8 36 9.66
8 37 2.91
8 38 6.83
8 39 9.73
8 40 9.78
8 41 1.26
8 42 6.86
8 43 2.15
8 44 3.07
8 45 9.79
8 46 6.81
8 47 4.71
8 48 6.65
8 49 7.74
8 50 3.98
8 51 0.51
8 52 1.36
8 53 6.14
8 54 9.59
8 55 5.41
8 56 5.70
8 57 5.58
8 58 6.33
8 59 2.31
8 60 7.50
8 61 9.53
8 62 7.77
8 63 6.46
8 64 1.88
8 65 5.99
8 66 8.95
8 67 8.04
8 68 1.30
8 69 0.21
8 70 0.15
8 71 7.99
8 72 3.86
8 73 9.86
8 74 4.93
8 75 8.25
8 76 8.63
8 77 6.48
8 78 3.69
8 79 2.51
8 80 4.75
8 81 3.85
8 82 1.84
8 83 0.21
8 84 0.62
8 85 0.00
8 86 6.32
8 87 3.68
8 88 5.58
8 89 8.33
8 90 7.74
8 91 9.76
8 92 3.18
8 93 7.31
8 94 7.33
8 95 9.79
8 96 0.19
8 97 2.03
8 98 8.18
8 99 7.65
9 10 8.02
9 11 8.46
9 12 0.73
9 13 3.25
9 14 4.44
9 15 5.24
9 16 8.16
9 17 0.68
9 18 4.51
9 19 3.83
9 20 2.05
9 21 2.36
9 22 9.96
9 23 6.52
9 24 1.42
9 25 9.22
9 26 7.78
9 27 7.01
9 28 0.34
9 29 8.33
9 30 7.99
9 31 1.29
9 32 8.54
9 33 6.29
9 34 7.20
9 35 2.09
9 36 0.96
9 37 0.39
9 38 3.37
9 39 4.41
9 40 6.75
9 41 3.25
9 42 9.74
9 43 8.60
9 44 4.38
9 45 8.31
9 46 5.47
9 47 8.13
9 48 1.49
9 49 0.11
9 50 4.33
9 51 0.37
9 52 7.41
9 53 4.30
9 54 8.98
9 55 3.64
9 56 3.94
9 57 2.75
9 58 9.63
9 59 9.41
9 60 9.04
9 61 9.88
9 62 2.86
9 63 7.16
9 64 0.33
9 65 0.01
9 66 7.92
9 67 8.53
9 68 6.48
9 69 2.25
9 70 8.60
9 71 3.69
9 72 2.16
9 73 0.43
9 74 5.53
9 75 4.28
9 76 3.90
9 77 0.72
9 78 4.75
9 79 4.36
9 80 1.07
9 81 5.34
9 82 5.90
9 83 0.06
9 84 4.39
9 85 5.04
9 86 9.93
9 87 8.99
9 88 4.52
9 89 8.30
9 90 0.98
9 91 0.83
9 92 1.49
9 93 5.96
9 94 2.31
9 95 1.47
9 96 1.10
9 97 7.32
9 98 4.20
9 99 2.47
10 11 2.94
10 12 3.12
10 13 5.08
10 14 8.33
10 15 3.56
10 16 7.46
10 17 5.94
10 18 2.41
10 19 2.72
10 20 7.45
10 21 3.87
10 22 4.71
10 23 5.37
10 24 5.41
10 25 7.63
10 26 0.00
10 27 2.27
10 28 0.57
10 29 9.41
10 30 9.63
10 31 6.46
10 32 0.16
10 33 4.75
10 34 1.05
10 35 2.07
10 36 4.79
10 37 8.10
10 38 6.66
10 39 2.17
10 40 7.45
10 41 7.93
10 42 8.91
10 43 0.29
10 44 9.65
10 45 2.61
10 46 7.41
10 47 8.89
10 48 9.19
10 49 1.51
10 50 7.38
10 51 5.66
10 52 4.43
10 53 8.77
10 54 4.44
10 55 3.63
10 56 2.31
10 57 3.27
10 58 2.80
10 59 7.40
10 60 6.25
10 61 1.52
10 62 6.98
10 63 1.11
10 64 4.82
10 65 6.17
10 66 5.34
10 67 1.74
10 68 0.88
10 69 9.00
10 70 7.07
10 71 2.78
10 72 8.88
10 73 2.10
10 74 6.33
10 75 3.69
10 76 5.76
10 77 6.48
10 78 5.33
10 79 1.97
10 80 7.38
10 81 1.80
10 82 1.11
10 83 3.78
10 84 7.07
10 85 5.84
10 86 3.23
10 87 0.08
10 88 8.64
10 89 3.27
10 90 6.25
10 91 3.00
10 92 4.56
10 93 4.44
10 94 6.99
10 95 6.32
10 96 1.98
10 97 5.87
10 98 6.34
10 99 7.77
11 12 3.76
11 13 3.81
11 14 7.59
11 15 2.10
11 16 5.41
11 17 8.58
11 18 8.62
11 19 0.56
11 20 7.93
11 21 6.18
11 22 9.81
11 23 7.65
11 24 3.14
11 25 3.46
11 26 1.40
11 27 8.54
11 28 7.48
11 29 3.79
11 30 2.21
11 31 6.13
11 32 1.54
11 33 7.86
11 34 7.89
11 35 0.35
11 36 6.56
11 37 2.78
11 38 5.06
11 39 6.33
11 40 8.16
11 41 5.00
11 42 7.83
11 43 0.16
11 44 6.13
11 45 1.87
11 46 7.62
11 47 4.62
11 48 0.03
11 49 9.10
11 50 3.35
11 51 0.35
11 52 7.28
11 53 4.00
11 54 9.67
11 55 0.21
11 56 2.87
11 57 9.06
11 58 6.36
11 59 6.21
11 60 4.95
11 61 6.65
11 62 9.82
11 63 3.25
11 64 6.35
11 65 6.58
11 66 5.50
11 67 0.93
11 68 4.07
11 69 4.00
11 70 0.38
11 71 8.98
11 72 4.40
11 73 3.82
11 74 0.96
11 75 1.79
11 76 8.89
11 77 7.28
11 78 5.71
11 79 1.36
11 80 5.89
11 81 5.46
11 82 8.99
11 83 4.52
11 84 3.24
11 85 4.14
11 86 2.14
11 87 9.42
11 88 1.12
11 89 9.55
11 90 0.08
11 91 1.77
11 92 9.48
11 93 6.60
11 94 0.73
11 95 5.08
11 96 9.71
11 97 6.10
11 98 9.75
11 99 6.01
12 13 9.84
12 14 7.32
12 15 1.84
12 16 7.54
12 17 1.85
12 18 0.54
12 19 8.67
12 20 7.25
12 21 8.20
12 22 6.05
12 23 6.44
12 24 4.18
12 25 4.91
12 26 0.45
12 27 0.33
12 28 0.26
12 29 2.68
12 30 3.12
12 31 8.43
12 32 1.33
12 33 6.15
12 34 0.04
12 35 3.23
12 36 9.75
12 37 7.30
12 38 1.30
12 39 0.71
12 40 0.82
12 41 6.13
12 42 9.68
12 43 6.25
12 44 0.51
12 45 0.26
12 46 7.48
12 47 4.62
12 48 8.97
12 49 5.01
12 50 5.82
12 51 7.76
12 52 0.57
12 53 3.46
12 54 1.16
12 55 2.29
12 56 9.95
12 57 6.30
12 58 2.84
12 59 8.49
12 60 5.26
12 61 5.16
12 62 4.32
12 63 2.96
12 64 9.38
12 65 4.88
12 66 5.40
12 67 8.34
12 68 3.44
12 69 6.72
12 70 4.51
12 71 5.03
12 72 2.77
12 73 7.06
12 74 1.30
12 75 1.78
12 76 4.29
12 77 7.37
12 78 6.90
12 79 3.34
12 80 4.78
12 81 4.25
12 82 1.45
12 83 8.79
12 84 8.84
12 85 9.81
12 86 5.69
12 87 6.28
12 88 7.72
12 89 1.49
12 90 5.85
12 91 4.31
12 92 9.65
12 93 8.16
12 94 2.55
12 95 5.41
12 96 3.27
12 97 4.65
12 98 8.44
12 99 3.98
13 14 4.27
13 15 5.44
13 16 4.45
13 17 7.14
13 18 7.71
13 19 6.63
13 20 5.95
13 21 9.08
13 22 1.16
13 23 2.18
13 24 9.69
13 25 8.62
13 26 3.03
13 27 2.25
13 28 0.83
13 29 3.32
13 30 7.38
13 31 4.37
13 32 5.20
13 33 1.72
13 34 6.71
13 35 2.59
13 36 7.63
13 37 3.97
13 38 5.54
13 39 3.85
13 40 0.48
13 41 0.14
13 42 0.77
13 43 4.01
13 44 8.40
13 45 8.72
13 46 8.88
13 47 5.75
13 48 7.27
13 49 9.56
13 50 5.52
13 51 3.50
13 52 0.59
13 53 6.59
13 54 5.25
13 55 7.96
13 56 6.71
13 57 0.46
13 58 8.37
13 59 6.37
13 60 3.73
13 61 0.75
13 62 3.42
13 63 3.77
13 64 7.33
13 65 9.49
13 66 0.81
13 67 0.44
13 68 8.24
13 69 1.99
13 70 6.32
13 71 1.98
13 72 2.66
13 73 9.48
13 74 0.28
13 75 6.76
13 76 9.23
13 77 7.49
13 78 5.10
13 79 8.96
13 80 5.26
13 81 5.30
13 82 7.60
13 83 0.25
13 84 0.17
13 85 2.46
13 86 5.25
13 87 9.04
13 88 3.77
13 89 2.32
13 90 0.97
13 91 0.51
13 92 1.23
13 93 3.50
13 94 6.08
13 95 2.57
13 96 4.62
13 97 3.54
13 98 6.98
13 99 3.52
14 15 0.36
14 16 7.53
14 17 1.42
14 18 0.01
14 19 1.26
14 20 5.59
14 21 5.80
14 22 7.42
14 23 6.75
14 24 0.92
14 25 4.69
14 26 1.94
14 27 5.21
14 28 1.16
14 29 5.03
14 30 5.02
14 31 5.68
14 32 7.36
14 33 0.28
14 34 6.01
14 35 7.27
14 36 4.57
14 37 1.99
14 38 9.90
14 39 7.11
14 40 3.85
14 41 0.65
14 42 2.80
14 43 9.68
14 44 7.59
14 45 4.61
14 46 9.43
14 47 3.27
14 48 3.49
14 49 0.20
14 50 0.77
14 51 8.01
14 52 8.83
14 53 9.45
14 54 0.70
14 55 7.65
14 56 9.30
14 57 8.96
14 58 0.86
14 59 8.27
14 60 2.67
14 61 4.69
14 62 9.87
14 63 8.30
14 64 9.66
14 65 1.81
14 66 4.65
14 67 3.72
14 68 9.74
14 69 2.02
14 70 3.11
14 71 6.68
14 72 4.93
14 73 4.35
14 74 10.00
14 75 5.42
14 76 7.93
14 77 7.94
14 78 7.05
14 79 5.07
14 80 0.22
14 81 1.25
14 82 7.62
14 83 9.01
14 84 1.03
14 85 9.95
14 86 7.76
14 87 0.17
14 88 0.37
14 89 8.18
14 90 7.61
14 91 2.93
14 92 3.07
14 93 4.93
14 94 8.77
14 95 7.56
14 96 9.00
14 97 8.85
14 98 1.63
14 99 7.10
15 16 4.14
15 17 8.72
15 18 3.34
15 19 4.85
15 20 0.70
15 21 2.61
15 22 1.90
15 23 2.88
15 24 9.26
15 25 7.38
15 26 9.35
15 27 1.68
15 28 5.31
15 29 9.67
15 30 2.42
15 31 9.83
15 32 0.42
15 33 5.99
15 34 1.15
15 35 7.13
15 36 5.88
15 37 0.51
15 38 9.34
15 39 9.86
15 40 9.88
15 41 8.66
15 42 8.51
15 43 3.01
15 44 1.68
15 45 7.93
15 46 8.08
15 47 1.97
15 48 9.37
15 49 3.00
15 50 8.69
15 51 5.14
15 52 9.61
15 53 6.97
15 54 5.67
15 55 8.70
15 56 5.13
15 57 2.67
15 58 5.22
15 59 7.47
15 60 9.78
15 61 0.35
15 62 5.78
15 63 8.94
15 64 3.41
15 65 1.71
15 66 2.07
15 67 4.30
15 68 9.03
15 69 9.99
15 70 1.54
15 71 7.53
15 72 3.97
15 73 7.93
15 74 7.44
15 75 4.90
15 76 0.76
15 77 0.68
15 78 5.30
15 79 6.03
15 80 1.98
15 81 0.47
15 82 8.05
15 83 1.54
15 84 5.38
15 85 6.71
15 86 2.82
15 87 2.97
15 88 8.09
15 89 8.67
15 90 0.54
15 91 6.63
15 92 7.32
15 93 6.36
15 94 2.88
15 95 0.64
15 96 8.47
15 97 8.86
15 98 3.32
15 99 8.51
16 17 2.77
16 18 6.98
16 19 2.78
16 20 4.30
16 21 2.02
16 22 9.70
16 23 6.61
16 24 0.41
16 25 2.52
16 26 3.37
16 27 0.43
16 28 0.23
16 29 2.87
16 30 8.99
16 31 7.88
16 32 0.09
16 33 1.84
16 34 3.56
16 35 1.56
16 36 9.74
16 37 7.10
16 38 6.20
16 39 4.84
16 40 5.68
16 41 9.21
16 42 1.19
16 43 1.11
16 44 0.95
16 45 3.05
16 46 6.84
16 47 3.79
16 48 7.70
16 49 3.02
16 50 0.74
16 51 2.84
16 52 2.82
16 53 6.51
16 54 4.05
16 55 0.15
16 56 2.75
16 57 3.04
16 58 5.51
16 59 8.06
16 60 4.00
16 61 0.27
16 62 1.51
16 63 7.48
16 64 2.51
16 65 3.21
16 66 9.92
16 67 3.74
16 68 6.64
16 69 5.09
16 70 8.65
16 71 8.01
16 72 3.12
16 73 1.34
16 74 5.90
16 75 0.84
16 76 2.06
16 77 6.75
16 78 5.71
16 79 3.52
16 80 6.67
16 81 9.15
16 82 3.08
16 83 1.31
16 84 8.17
16 85 6.52
16 86 3.90
16 87 0.93
16 88 4.49
16 89 0.22
16 90 6.77
16 91 9.13
16 92 1.80
16 93 8.09
16 94 4.15
16 95 3.26
16 96 0.15
16 97 0.31
16 98 7.66
16 99 6.47
17 18 5.52
17 19 9.35
17 20 8.93
17 21 6.44
17 22 5.61
17 23 6.51
17 24 5.40
17 25 6.92
17 26 7.82
17 27 3.32
17 28 6.45
17 29 3.45
17 30 7.52
17 31 9.14
17 32 1.88
17 33 4.54
17 34 9.96
17 35 2.75
17 36 9.38
17 37 2.10
17 38 1.25
17 39 2.26
17 40 4.66
17 41 8.74
17 42 1.00
17 43 6.31
17 44 2.37
17 45 6.51
17 46 3.80
17 47 5.98
17 48 5.25
17 49 6.15
17 50 7.24
17 51 9.47
17 52 8.30
17 53 8.64
17 54 2.60
17 55 6.53
17 56 6.92
17 57 8.90
17 58 7.89
17 59 4.89
17 60 2.55
17 61 6.18
17 62 2.79
17 63 7.61
17 64 2.91
17 65 5.74
17 66 6.06
17 67 5.76
17 68 6.88
17 69 3.90
17 70 8.32
17 71 3.94
17 72 3.95
17 73 9.68
17 74 8.88
17 75 1.69
17 76 7.69
17 77 0.74
17 78 7.70
17 79 2.37
17 80 0.62
17 81 3.58
17 82 3.55
17 83 5.37
17 84 1.35
17 85 4.48
17 86 6.75
17 87 7.00
17 88 2.29
17 89 1.70
17 90 1.32
17 91 3.48
17 92 6.21
17 93 8.14
17 94 5.04
17 95 7.64
17 96 0.53
17 97 8.29
17 98 0.49
17 99 0.31
18 19 8.45
18 20 7.67
18 21 3.18
18 22 1.93
18 23 5.96
18 24 5.72
18 25 0.35
18 26 3.46
18 27 9.09
18 28 1.70
18 29 8.06
18 30 6.86
18 31 1.60
18 32 6.96
18 33 6.75
18 34 7.16
18 35 1.25
18 36 0.37
18 37 8.05
18 38 1.22
18 39 2.86
18 40 5.85
18 41 6.13
18 42 3.19
18 43 5.42
18 44 1.94
18 45 5.38
18 46 5.41
18 47 7.16
18 48 8.57
18 49 8.23
18 50 1.80
18 51 6.87
18 52 3.39
18 53 1.05
18 54 9.93
18 55 9.38
18 56 0.64
18 57 3.53
18 58 7.82
18 59 8.37
18 60 9.65
18 61 7.42
18 62 7.61
18 63 9.81
18 64 5.82
18 65 8.74
18 66 6.83
18 67 1.74
18 68 3.39
18 69 8.52
18 70 6.00
18 71 6.13
18 72 1.98
18 73 4.37
18 74 4.27
18 75 0.74
18 76 3.82
18 77 3.68
18 78 2.13
18 79 2.92
18 80 5.75
18 81 9.19
18 82 3.80
18 83 3.76
18 84 0.44
18 85 5.15
18 86 7.33
18 87 5.50
18 88 1.61
18 89 3.41
18 90 1.70
18 91 3.56
18 92 3.16
18 93 6.22
18 94 4.28
18 95 5.92
18 96 7.98
18 97 2.13
18 98 9.48
18 99 6.96
19 20 1.26
19 21 0.81
19 22 2.81
19 23 6.53
19 24 0.52
19 25 2.70
19 26 5.70
19 27 7.40
19 28 0.47
19 29 4.93
19 30 5.50
19 31 9.42
19 32 7.28
19 33 0.16
19 34 3.35
19 35 6.29
19 36 5.41
19 37 0.03
19 38 2.80
19 39 7.23
19 40 6.55
19 41 9.98
19 42 7.79
19 43 7.63
19 44 4.29
19 45 7.03
19 46 5.21
19 47 4.55
19 48 3.56
19 49 0.62
19 50 7.28
19 51 3.76
19 52 8.17
19 53 6.66
19 54 1.05
19 55 7.92
19 56 7.70
19 57 8.18
19 58 3.62
19 59 2.95
19 60 7.52
19 61 5.84
19 62 6.26
19 63 5.96
19 64 2.08
19 65 8.12
19 66 5.89
19 67 1.40
19 68 7.61
19 69 7.80
19 70 4.04
19 71 9.37
19 72 2.03
19 73 3.38
19 74 8.73
19 75 9.02
19 76 8.17
19 77 4.77
19 78 5.13
19 79 5.81
19 80 3.90
19 81 2.32
19 82 7.83
19 83 4.90
19 84 4.35
19 85 2.46
19 86 0.02
19 87 1.70
19 88 3.22
19 89 6.61
19 90 6.48
19 91 9.90
19 92 4.99
19 93 8.80
19 94 2.70
19 95 8.40
19 96 9.22
19 97 9.24
19 98 5.33
19 99 8.53
20 21 9.32
20 22 5.14
20 23 4.33
20 24 3.09
20 25 1.17
20 26 3.13
20 27 6.25
20 28 5.49
20 29 7.47
20 30 6.69
20 31 2.59
20 32 4.95
20 33 3.19
20 34 9.66
20 35 4.38
20 36 5.16
20 37 8.06
20 38 3.37
20 39 5.37
20 40 6.69
20 41 7.11
20 42 0.35
20 43 0.46
20 44 9.92
20 45 4.20
20 46 8.08
20 47 9.68
20 48 9.29
20 49 9.26
20 50 8.95
20 51 0.85
20 52 3.76
20 53 0.31
20 54 3.12
20 55 3.35
20 56 2.05
20 57 9.86
20 58 7.36
20 59 2.49
20 60 1.34
20 61 8.56
20 62 5.83
20 63 9.39
20 64 7.32
20 65 6.47
20 66 4.25
20 67 7.77
20 68 8.29
20 69 1.95
20 70 5.86
20 71 8.76
20 72 1.65
20 73 6.87
20 74 0.77
20 75 5.83
20 76 7.34
20 77 1.02
20 78 0.60
20 79 7.17
20 80 0.19
20 81 7.89
20 82 7.69
20 83 2.90
20 84 7.95
20 85 4.26
20 86 9.34
20 87 0.19
20 88 3.81
20 89 9.64
20 90 7.57
20 91 4.34
20 92 4.02
20 93 0.37
20 94 4.31
20 95 10.00
20 96 0.20
20 97 7.75
20 98 7.19
20 99 5.97
21 22 8.59
21 23 7.16
21 24 6.08
21 25 0.01
21 26 5.59
21 27 6.26
21 28 7.26
21 29 9.61
21 30 3.06
21 31 0.80
21 32 7.17
21 33 0.09
21 34 5.47
21 35 5.49
21 36 3.28
21 37 0.46
21 38 5.38
21 39 2.75
21 40 1.03
21 41 1.71
21 42 2.74
21 43 0.70
21 44 5.07
21 45 7.74
21 46 3.27
21 47 9.14
21 48 9.67
21 49 1.37
21 50 3.80
21 51 7.59
21 52 1.75
21 53 2.69
21 54 0.33
21 55 3.07
21 56 4.84
21 57 6.51
21 58 2.44
21 59 9.64
21 60 6.86
21 61 2.30
21 62 6.26
21 63 7.04
21 64 7.30
21 65 7.95
21 66 1.72
21 67 2.98
21 68 6.53
21 69 4.17
21 70 0.06
21 71 9.03
21 72 8.38
21 73 3.21
21 74 2.86
21 75 4.19
21 76 6.48
21 77 1.03
21 78 5.08
21 79 2.75
21 80 4.37
21 81 2.48
21 82 0.53
21 83 3.66
21 84 5.33
21 85 5.85
21 86 6.25
21 87 2.85
21 88 1.98
21 89 4.50
21 90 6.00
21 91 0.44
21 92 6.80
21 93 6.16
21 94 8.02
21 95 4.41
21 96 1.02
21 97 4.95
21 98 8.51
21 99 9.20
22 23 9.18
22 24 6.37
22 25 8.92
22 26 2.54
22 27 7.29
22 28 4.63
22 29 6.64
22 30 8.04
22 31 8.47
22 32 7.72
22 33 0.48
22 34 0.63
22 35 0.67
22 36 7.83
22 37 9.33
22 38 1.08
22 39 8.12
22 40 0.77
22 41 9.01
22 42 9.44
22 43 3.53
22 44 6.80
22 45 2.85
22 46 3.74
22 47 1.66
22 48 6.68
22 49 9.89
22 50 1.04
22 51 8.37
22 52 6.81
22 53 2.54
22 54 8.67
22 55 2.32
22 56 3.26
22 57 8.99
22 58 8.76
22 59 5.82
22 60 6.10
22 61 9.95
22 62 9.35
22 63 2.61
22 64 8.01
22 65 6.24
22 66 6.82
22 67 7.77
22 68 3.12
22 69 8.04
22 70 7.01
22 71 8.92
22 72 8.32
22 73 8.14
22 74 2.66
22 75 4.88
22 76 5.23
22 77 5.87
22 78 4.06
22 79 5.26
22 80 2.16
22 81 8.11
22 82 0.62
22 83 3.19
22 84 0.85
22 85 2.67
22 86 4.71
22 87 3.33
22 88 8.98
22 89 9.73
22 90 0.66
22 91 0.03
22 92 5.69
22 93 9.83
22 94 1.45
22 95 4.68
22 96 3.62
22 97 3.51
22 98 9.29
22 99 9.91
23 24 0.81
23 25 9.23
23 26 8.02
23 27 2.23
23 28 6.39
23 29 0.89
23 30 2.40
23 31 2.14
23 32 1.59
23 33 6.18
23 34 7.41
23 35 2.92
23 36 9.29
23 37 6.99
23 38 7.09
23 39 0.01
23 40 4.00
23 41 0.87
23 42 0.81
23 43 7.35
23 44 2.14
23 45 4.82
23 46 7.53
23 47 8.51
23 48 6.28
23 49 5.20
23 50 3.22
23 51 9.15
23 52 6.49
23 53 8.74
23 54 7.31
23 55 0.75
23 56 0.08
23 57 5.29
23 58 8.26
23 59 5.84
23 60 5.09
23 61 2.63
23 62 8.82
23 63 5.32
23 64 4.48
23 65 8.07
23 66 9.87
23 67 8.02
23 68 9.07
23 69 7.51
23 70 0.13
23 71 9.35
23 72 3.05
23 73 6.59
23 74 5.99
23 75 3.95
23 76 9.96
23 77 4.87
23 78 5.61
23 79 2.81
23 80 0.44
23 81 6.33
23 82 4.28
23 83 8.45
23 84 9.32
23 85 3.67
23 86 3.67
23 87 3.92
23 88 0.52
23 89 1.92
23 90 1.92
23 91 1.29
23 92 6.69
23 93 0.18
23 94 5.42
23 95 3.84
23 96 8.67
23 97 1.37
23 98 1.00
23 99 2.81
24 25 3.80
24 26 4.72
24 27 1.42
24 28 5.51
24 29 5.67
24 30 3.39
24 31 9.25
24 32 9.23
24 33 0.81
24 34 5.83
24 35 5.73
24 36 8.97
24 37 3.59
24 38 3.21
24 39 3.51
24 40 2.80
24 41 9.33
24 42 0.74
24 43 3.56
24 44 3.31
24 45 6.88
24 46 8.67
24 47 7.36
24 48 4.17
24 49 4.80
24 50 0.59
24 51 3.31
24 52 8.02
24 53 9.09
24 54 2.86
24 55 4.36
24 56 5.45
24 57 2.79
24 58 5.96
24 59 9.20
24 60 4.75
24 61 9.86
24 62 6.70
24 63 4.18
24 64 3.25
24 65 9.55
24 66 8.24
24 67 2.54
24 68 8.41
24 69 1.98
24 70 5.22
24 71 2.06
24 72 0.27
24 73 8.02
24 74 4.17
24 75 9.85
24 76 0.89
24 77 5.15
24 78 1.38
24 79 5.23
24 80 7.14
24 81 3.94
24 82 0.77
24 83 8.60
24 84 3.42
24 85 9.48
24 86 1.45
24 87 8.66
24 88 3.03
24 89 1.69
24 90 8.48
24 91 1.59
24 92 0.82
24 93 8.55
24 94 7.86
24 95 6.26
24 96 6.58
24 97 2.97
24 98 6.08
24 99 9.37
25 26 9.24
25 27 9.68
25 28 9.85
25 29 9.92
25 30 8.74
25 31 9.55
25 32 4.74
25 33 8.86
25 34 9.29
25 35 9.85
25 36 3.26
25 37 0.80
25 38 6.72
25 39 6.17
25 40 5.39
25 41 3.52
25 42 9.12
25 43 8.74
25 44 7.45
25 45 1.13
25 46 7.62
25 47 3.02
25 48 8.83
25 49 7.83
25 50 7.70
25 51 2.64
25 52 7.35
25 53 9.55
25 54 5.75
25 55 6.86
25 56 9.44
25 57 7.31
25 58 9.13
25 59 6.74
25 60 9.26
25 61 1.32
25 62 4.00
25 63 4.73
25 64 5.31
25 65 4.08
25 66 4.49
25 67 1.11
25 68 3.14
25 69 6.63
25 70 9.38
25 71 9.80
25 72 2.22
25 73 4.30
25 74 4.80
25 75 7.90
25 76 7.15
25 77 7.06
25 78 3.71
25 79 2.68
25 80 6.81
25 81 3.10
25 82 7.36
25 83 6.22
25 84 1.63
25 85 1.93
25 86 4.98
25 87 9.44
25 88 0.47
25 89 4.52
25 90 0.61
25 91 2.98
25 92 2.34
25 93 5.20
25 94 7.73
25 95 4.89
25 96 6.61
25 97 5.62
25 98 2.76
25 99 3.24
26 27 7.44
26 28 0.20
26 29 3.92
26 30 2.48
26 31 6.15
26 32 8.24
26 33 6.81
26 34 7.69
26 35 6.74
26 36 1.46
26 37 6.82
26 38 2.80
26 39 4.70
26 40 4.14
26 41 5.17
26 42 6.54
26 43 3.78
26 44 2.94
26 45 0.81
26 46 6.25
26 47 7.17
26 48 6.58
26 49 5.25
26 50 0.84
26 51 3.20
26 52 1.79
26 53 9.42
26 54 2.75
26 55 6.26
26 56 6.10
26 57 1.34
26 58 7.11
26 59 1.59
26 60 2.24
26 61 7.22
26 62 7.20
26 63 5.12
26 64 8.00
26 65 5.82
26 66 8.65
26 67 0.15
26 68 5.39
26 69 4.80
26 70 0.54
26 71 7.53
26 72 1.33
26 73 9.30
26 74 3.09
26 75 6.52
26 76 3.23
26 77 1.59
26 78 2.89
26 79 8.60
26 80 6.08
26 81 7.10
26 82 5.02
26 83 5.91
26 84 2.20
26 85 6.20
26 86 5.94
26 87 0.42
26 88 3.87
26 89 4.41
26 90 4.80
26 91 2.12
26 92 0.94
26 93 3.86
26 94 3.57
26 95 4.48
26 96 3.06
26 97 6.11
26 98 3.78
26 99 5.96
27 28 7.62
27 29 3.87
27 30 2.45
27 31 3.37
27 32 1.82
27 33 3.28
27 34 3.29
27 35 7.48
27 36 0.52
27 37 4.30
27 38 6.78
27 39 9.39
27 40 6.64
27 41 2.64
27 42 4.03
27 43 1.22
27 44 6.58
27 45 5.82
27 46 1.13
27 47 8.48
27 48 5.41
27 49 5.19
27 50 8.81
27 51 3.00
27 52 7.47
27 53 3.41
27 54 4.65
27 55 8.32
27 56 9.90
27 57 4.11
27 58 9.94
27 59 1.67
27 60 9.35
27 61 1.74
27 62 0.44
27 63 8.12
27 64 7.27
27 65 6.98
27 66 8.37
27 67 1.32
27 68 2.34
27 69 0.52
27 70 9.70
27 71 9.49
27 72 5.20
27 73 8.83
27 74 9.10
27 75 9.16
27 76 4.37
27 77 6.18
27 78 7.57
27 79 0.17
27 80 5.54
27 81 8.01
27 82 0.54
27 83 1.62
27 84 4.02
27 85 6.18
27 86 8.82
27 87 2.63
27 88 9.73
27 89 9.79
27 90 7.67
27 91 0.43
27 92 8.56
27 93 0.19
27 94 1.53
27 95 5.58
27 96 1.30
27 97 1.53
27 98 6.09
27 99 7.61
28 29 9.31
28 30 5.71
28 31 2.50
28 32 5.40
28 33 3.76
28 34 8.04
28 35 8.84
28 36 6.98
28 37 8.74
28 38 7.11
28 39 0.70
28 40 2.77
28 41 4.90
28 42 8.45
28 43 9.71
28 44 1.63
28 45 9.59
28 46 7.16
28 47 1.91
28 48 7.98
28 49 2.14
28 50 0.16
28 51 9.04
28 52 4.07
28 53 0.58
28 54 8.06
28 55 1.96
28 56 0.59
28 57 7.78
28 58 3.95
28 59 0.53
28 60 4.60
28 61 8.32
28 62 4.37
28 63 6.91
28 64 3.07
28 65 8.97
28 66 7.13
28 67 8.13
28 68 7.30
28 69 2.23
28 70 9.26
28 71 5.26
28 72 5.89
28 73 9.88
28 74 2.78
28 75 3.50
28 76 3.83
28 77 7.86
28 78 9.64
28 79 2.81
28 80 2.33
28 81 1.15
28 82 3.37
28 83 9.23
28 84 8.42
28 85 4.64
28 86 5.00
28 87 0.92
28 88 8.39
28 89 3.89
28 90 5.21
28 91 4.45
28 92 1.49
28 93 9.00
28 94 3.90
28 95 2.79
28 96 2.55
28 97 7.90
28 98 7.09
28 99 8.19
29 30 2.48
29 31 6.99
29 32 9.53
29 33 5.08
29 34 7.43
29 35 8.35
29 36 2.07
29 37 3.03
29 38 7.57
29 39 0.07
29 40 5.06
29 41 3.32
29 42 0.96
29 43 7.90
29 44 5.55
29 45 6.26
29 46 7.03
29 47 5.44
29 48 2.17
29 49 0.81
29 50 2.49
29 51 3.16
29 52 4.37
29 53 4.45
29 54 5.16
29 55 8.91
29 56 6.87
29 57 3.98
29 58 9.52
29 59 8.81
29 60 8.77
29 61 7.13
29 62 8.74
29 63 7.34
29 64 1.12
29 65 7.24
29 66 3.05
29 67 1.81
29 68 1.40
29 69 3.42
29 70 5.76
29 71 0.08
29 72 1.23
29 73 9.22
29 74 7.58
29 75 6.65
29 76 2.94
29 77 6.20
29 78 7.53
29 79 0.62
29 80 7.50
29 81 8.59
29 82 0.13
29 83 4.08
29 84 7.94
29 85 3.52
29 86 9.74
29 87 5.72
29 88 9.21
29 89 8.39
29 90 5.56
29 91 7.42
29 92 6.67
29 93 9.30
29 94 6.64
29 95 0.35
29 96 7.44
29 97 7.31
29 98 7.13
29 99 5.63
30 31 7.12
30 32 9.79
30 33 1.67
30 34 8.43
30 35 1.30
30 36 1.68
30 37 6.68
30 38 9.90
30 39 4.43
30 40 1.86
30 41 2.82
30 42 8.19
30 43 3.85
30 44 8.69
30 45 5.19
30 46 1.56
30 47 8.19
30 48 4.75
30 49 7.07
30 50 8.31
30 51 6.54
30 52 7.33
30 53 8.02
30 54 2.34
30 55 2.60
30 56 2.85
30 57 3.29
30 58 7.86
30 59 2.67
30 60 7.79
30 61 8.87
30 62 6.18
30 63 4.38
30 64 9.52
30 65 8.68
30 66 6.58
30 67 4.81
30 68 7.76
30 69 6.05
30 70 4.83
30 71 6.15
30 72 6.07
30 73 5.48
30 74 4.84
30 75 4.16
30 76 3.06
30 77 0.61
30 78 7.62
30 79 4.02
30 80 0.14
30 81 0.87
30 82 5.43
30 83 7.34
30 84 9.54
30 85 6.62
30 86 1.53
30 87 7.95
30 88 1.84
30 89 8.85
30 90 9.13
30 91 4.63
30 92 2.96
30 93 6.71
30 94 0.34
30 95 4.24
30 96 0.16
30 97 4.78
30 98 3.73
30 99 8.01
31 32 9.54
31 33 4.40
31 34 9.56
31 35 5.45
31 36 2.45
31 37 1.47
31 38 8.75
31 39 4.26
31 40 6.51
31 41 5.66
31 42 8.75
31 43 4.96
31 44 2.77
31 45 0.14
31 46 0.75
31 47 6.38
31 48 5.25
31 49 7.99
31 50 2.04
31 51 0.52
31 52 9.88
31 53 9.91
31 54 3.72
31 55 1.70
31 56 4.25
31 57 3.74
31 58 4.72
31 59 9.25
31 60 2.95
31 61 8.36
31 62 1.69
31 63 5.32
31 64 8.92
31 65 7.98
31 66 4.14
31 67 0.08
31 68 4.77
31 69 2.42
31 70 9.66
31 71 3.51
31 72 8.27
31 73 2.83
31 74 5.06
31 75 6.12
31 76 1.92
31 77 8.67
31 78 6.59
31 79 5.38
31 80 6.16
31 81 7.04
31 82 1.34
31 83 9.26
31 84 5.00
31 85 5.42
31 86 9.04
31 87 0.06
31 88 1.56
31 89 8.24
31 90 2.63
31 91 8.24
31 92 8.81
31 93 2.24
31 94 8.56
31 95 4.35
31 96 0.61
31 97 2.24
31 98 0.39
31 99 9.76
32 33 8.83
32 34 1.35
32 35 7.31
32 36 4.97
32 37 4.08
32 38 7.28
32 39 0.03
32 40 2.28
32 41 0.55
32 42 0.47
32 43 5.99
32 44 6.42
32 45 5.79
32 46 8.32
32 47 6.33
32 48 6.59
32 49 4.03
32 50 8.48
32 51 1.46
32 52 0.91
32 53 4.53
32 54 9.26
32 55 3.37
32 56 9.91
32 57 6.25
32 58 4.94
32 59 6.16
32 60 4.30
32 61 8.50
32 62 9.04
32 63 8.14
32 64 8.16
32 65 6.16
32 66 7.62
32 67 3.72
32 68 7.73
32 69 4.09
32 70 9.84
32 71 8.06
32 72 0.26
32 73 4.65
32 74 8.32
32 75 1.52
32 76 1.05
32 77 2.83
32 78 8.48
32 79 2.95
32 80 6.76
32 81 6.00
32 82 8.00
32 83 4.79
32 84 3.35
32 85 2.82
32 86 0.51
32 87 9.09
32 88 4.64
32 89 4.32
32 90 9.49
32 91 5.70
32 92 6.94
32 93 2.93
32 94 0.80
32 95 8.43
32 96 0.15
32 97 7.42
32 98 8.51
32 99 5.86
33 34 8.77
33 35 1.96
33 36 0.41
33 37 4.38
33 38 2.32
33 39 4.55
33 40 6.67
33 41 4.53
33 42 8.29
33 43 9.64
33 44 3.93
33 45 7.73
33 46 3.25
33 47 1.83
33 48 2.44
33 49 4.48
33 50 7.86
33 51 3.80
33 52 2.07
33 53 1.45
33 54 2.67
33 55 2.25
33 56 1.65
33 57 8.09
33 58 4.45
33 59 4.50
33 60 0.52
33 61 8.38
33 62 4.98
33 63 6.18
33 64 5.41
33 65 2.33
33 66 5.22
33 67 8.64
33 68 7.73
33 69 0.07
33 70 1.06
33 71 3.80
33 72 5.37
33 73 8.23
33 74 5.62
33 75 5.08
33 76 3.60
33 77 6.65
33 78 3.20
33 79 5.01
33 80 9.16
33 81 2.48
33 82 8.86
33 83 1.47
33 84 8.11
33 85 0.50
33 86 8.71
33 87 1.70
33 88 7.17
33 89 8.36
33 90 0.96
33 91 4.04
33 92 0.69
33 93 6.64
33 94 4.06
33 95 2.49
33 96 8.39
33 97 0.47
33 98 7.61
33 99 9.50
34 35 5.43
34 36 9.53
34 37 3.40
34 38 0.73
34 39 3.38
34 40 1.53
34 41 0.41
34 42 9.96
34 43 7.22
34 44 6.69
34 45 9.95
34 46 2.89
34 47 4.07
34 48 7.20
34 49 4.56
34 50 1.05
34 51 0.79
34 52 4.18
34 53 2.33
34 54 2.73
34 55 2.98
34 56 5.10
34 57 0.71
34 58 8.24
34 59 2.61
34 60 9.69
34 61 4.22
34 62 3.41
34 63 4.03
34 64 5.37
34 65 2.89
34 66 0.41
34 67 5.71
34 68 5.09
34 69 4.59
34 70 2.72
34 71 8.80
34 72 7.18
34 73 3.64
34 74 8.57
34 75 6.28
34 76 9.45
34 77 4.62
34 78 8.53
34 79 4.50
34 80 8.36
34 81 4.03
34 82 2.65
34 83 7.50
34 84 0.95
34 85 5.39
34 86 0.03
34 87 6.86
34 88 8.75
34 89 8.90
34 90 5.17
34 91 8.29
34 92 6.51
34 93 0.54
34 94 8.08
34 95 4.36
34 96 3.55
34 97 9.54
34 98 0.00
34 99 9.44
35 36 0.74
35 37 6.82
35 38 3.41
35 39 4.46
35 40 7.76
35 41 1.69
35 42 5.00
35 43 6.57
35 44 4.09
35 45 9.17
35 46 7.82
35 47 0.86
35 48 1.92
35 49 3.51
35 50 4.43
35 51 0.05
35 52 8.17
35 53 1.00
35 54 5.02
35 55 6.36
35 56 8.25
35 57 8.69
35 58 1.37
35 59 7.50
35 60 9.47
35 61 6.28
35 62 5.75
35 63 6.72
35 64 6.07
35 65 6.73
35 66 7.38
35 67 1.27
35 68 5.59
35 69 7.95
35 70 0.44
35 71 7.33
35 72 8.67
35 73 3.90
35 74 1.76
35 75 2.79
35 76 8.10
35 77 1.26
35 78 5.49
35 79 8.53
35 80 9.80
35 81 3.75
35 82 3.93
35 83 4.08
35 84 3.02
35 85 7.86
35 86 4.71
35 87 4.25
35 88 5.09
35 89 5.94
35 90 7.42
35 91 7.90
35 92 9.13
35 93 0.40
35 94 1.28
35 95 0.11
35 96 1.54
35 97 7.48
35 98 3.16
35 99 6.66
36 37 5.89
36 38 6.28
36 39 1.23
36 40 0.42
36 41 7.95
36 42 3.21
36 43 9.45
36 44 6.15
36 45 0.77
36 46 8.42
36 47 2.19
36 48 0.27
36 49 4.23
36 50 7.63
36 51 9.99
36 52 8.86
36 53 6.58
36 54 3.53
36 55 0.20
36 56 8.17
36 57 4.61
36 58 2.22
36 59 8.03
36 60 8.72
36 61 9.50
36 62 6.70
36 63 7.41
36 64 6.76
36 65 9.56
36 66 1.06
36 67 1.39
36 68 7.56
36 69 0.27
36 70 6.79
36 71 0.80
36 72 1.72
36 73 2.25
36 74 2.53
36 75 5.39
36 76 9.12
36 77 4.38
36 78 4.52
36 79 5.95
36 80 3.72
36 81 2.00
36 82 4.59
36 83 4.32
36 84 3.82
36 85 6.67
36 86 0.44
36 87 2.76
36 88 0.50
36 89 5.85
36 90 9.51
36 91 2.56
36 92 1.39
36 93 0.63
36 94 2.34
36 95 9.82
36 96 2.09
36 97 5.17
36 98 2.46
36 99 1.15
37 38 2.65
37 39 6.95
37 40 5.56
37 41 6.01
37 42 8.77
37 43 9.87
37 44 2.82
37 45 0.21
37 46 6.78
37 47 6.76
37 48 5.32
37 49 7.39
37 50 9.84
37 51 6.20
37 52 3.84
37 53 6.25
37 54 9.42
37 55 0.55
37 56 1.74
37 57 3.76
37 58 9.05
37 59 2.97
37 60 9.13
37 61 9.37
37 62 0.36
37 63 8.44
37 64 0.54
37 65 9.67
37 66 9.12
37 67 7.83
37 68 0.89
37 69 4.46
37 70 7.71
37 71 1.56
37 72 2.46
37 73 7.01
37 74 6.94
37 75 1.41
37 76 4.61
37 77 3.87
37 78 4.25
37 79 5.46
37 80 3.49
37 81 3.07
37 82 0.67
37 83 6.77
37 84 3.30
37 85 1.10
37 86 2.78
37 87 7.67
37 88 9.76
37 89 3.69
37 90 6.57
37 91 1.41
37 92 7.85
37 93 0.73
37 94 2.86
37 95 8.97
37 96 3.60
37 97 6.75
37 98 9.83
37 99 5.93
38 39 1.39
38 40 8.82
38 41 4.07
38 42 2.58
38 43 7.73
38 44 7.71
38 45 0.33
38 46 2.46
38 47 2.74
38 48 5.63
38 49 6.30
38 50 8.06
38 51 4.16
38 52 3.95
38 53 3.35
38 54 2.01
38 55 9.68
38 56 1.20
38 57 1.38
38 58 2.80
38 59 6.77
38 60 7.90
38 61 4.25
38 62 8.90
38 63 8.78
38 64 4.74
38 65 7.51
38 66 8.23
38 67 7.40
38 68 1.49
38 69 5.03
38 70 4.35
38 71 8.84
38 72 0.21
38 73 1.33
38 74 8.84
38 75 3.57
38 76 7.49
38 77 9.30
38 78 4.72
38 79 5.93
38 80 1.05
38 81 5.40
38 82 2.12
38 83 8.75
38 84 0.06
38 85 5.58
38 86 0.91
38 87 7.30
38 88 7.39
38 89 7.63
38 90 1.94
38 91 6.43
38 92 8.48
38 93 8.19
38 94 8.45
38 95 6.60
38 96 2.72
38 97 3.47
38 98 3.64
38 99 7.28
39 40 9.54
39 41 8.88
39 42 0.33
39 43 7.22
39 44 8.06
39 45 7.35
39 46 3.03
39 47 2.20
39 48 7.51
39 49 4.54
39 50 0.28
39 51 5.22
39 52 8.21
39 53 2.39
39 54 5.29
39 55 4.18
39 56 1.57
39 57 8.92
39 58 5.50
39 59 9.72
39 60 7.18
39 61 3.26
39 62 9.89
39 63 1.52
39 64 0.11
39 65 8.45
39 66 5.54
39 67 8.12
39 68 1.59
39 69 7.24
39 70 2.25
39 71 0.03
39 72 4.16
39 73 0.93
39 74 2.33
39 75 1.36
39 76 6.95
39 77 0.90
39 78 8.16
39 79 2.58
39 80 2.15
39 81 8.58
39 82 7.75
39 83 5.91
39 84 8.59
39 85 1.76
39 86 8.39
39 87 2.15
39 88 7.69
39 89 1.27
39 90 1.12
39 91 8.19
39 92 2.99
39 93 0.39
39 94 4.25
39 95 9.57
39 96 1.33
39 97 4.97
39 98 1.21
39 99 5.79
40 41 0.05
40 42 0.78
40 43 6.71
40 44 6.91
40 45 8.53
40 46 2.28
40 47 3.96
40 48 9.58
40 49 7.30
40 50 1.41
40 51 7.88
40 52 7.78
40 53 0.61
40 54 2.77
40 55 9.89
40 56 2.83
40 57 2.94
40 58 8.43
40 59 8.36
40 60 6.07
40 61 2.58
40 62 9.64
40 63 9.25
40 64 9.65
40 65 7.53
40 66 6.05
40 67 8.52
40 68 5.85
40 69 5.18
40 70 0.67
40 71 1.04
40 72 3.88
40 73 9.82
40 74 3.23
40 75 1.28
40 76 7.67
40 77 1.93
40 78 0.18
40 79 7.14
40 80 9.38
40 81 6.15
40 82 4.82
40 83 1.48
40 84 3.00
40 85 5.66
40 86 0.92
40 87 9.20
40 88 1.23
40 89 2.60
40 90 1.99
40 91 4.73
40 92 9.04
40 93 8.40
40 94 0.68
40 95 9.30
40 96 5.64
40 97 1.99
40 98 3.37
40 99 1.63
41 42 6.28
41 43 6.13
41 44 9.49
41 45 8.68
41 46 5.60
41 47 7.11
41 48 7.29
41 49 9.77
41 50 8.99
41 51 0.76
41 52 7.76
41 53 8.42
41 54 9.24
41 55 7.08
41 56 0.91
41 57 9.22
41 58 6.78
41 59 3.51
41 60 5.63
41 61 2.14
41 62 5.82
41 63 1.31
41 64 6.44
41 65 4.29
41 66 3.75
41 67 8.13
41 68 5.20
41 69 2.48
41 70 5.65
41 71 8.56
41 72 4.68
41 73 6.09
41 74 0.96
41 75 4.85
41 76 9.79
41 77 4.44
41 78 5.96
41 79 8.32
41 80 9.96
41 81 9.31
41 82 0.37
41 83 2.28
41 84 2.63
41 85 5.00
41 86 1.15
41 87 0.33
41 88 1.32
41 89 0.48
41 90 4.22
41 91 1.09
41 92 5.76
41 93 5.41
41 94 0.59
41 95 2.93
41 96 3.69
41 97 8.22
41 98 7.78
41 99 2.08
42 43 9.29
42 44 5.68
42 45 9.63
42 46 1.89
42 47 5.72
42 48 6.16
42 49 2.14
42 50 8.96
42 51 1.08
42 52 0.26
42 53 7.28
42 54 5.04
42 55 7.58
42 56 0.79
42 57 1.67
42 58 4.85
42 59 6.87
42 60 8.26
42 61 9.96
42 62 5.05
42 63 3.77
42 64 6.02
42 65 5.39
42 66 8.53
42 67 4.32
42 68 1.82
42 69 5.74
42 70 5.93
42 71 4.39
42 72 6.05
42 73 3.54
42 74 5.60
42 75 0.39
42 76 2.94
42 77 8.77
42 78 4.14
42 79 0.04
42 80 5.95
42 81 8.86
42 82 5.96
42 83 0.77
42 84 4.56
42 85 5.66
42 86 1.61
42 87 5.53
42 88 3.33
42 89 5.82
42 90 4.60
42 91 1.91
42 92 9.45
42 93 5.13
42 94 5.42
42 95 9.90
42 96 8.07
42 97 9.93
42 98 3.82
42 99 1.59
43 44 3.29
43 45 4.54
43 46 7.76
43 47 4.93
43 48 0.95
43 49 2.11
43 50 5.37
43 51 7.01
43 52 8.21
43 53 2.23
43 54 7.87
43 55 3.90
43 56 5.85
43 57 4.39
43 58 1.42
43 59 9.01
43 60 8.63
43 61 3.71
43 62 2.43
43 63 2.19
43 64 5.64
43 65 5.91
43 66 4.00
43 67 3.01
43 68 1.72
43 69 6.39
43 70 7.97
43 71 2.46
43 72 8.09
43 73 3.29
43 74 7.01
43 75 4.31
43 76 9.21
43 77 2.85
43 78 6.87
43 79 1.64
43 80 9.83
43 81 6.51
43 82 8.44
43 83 1.39
43 84 3.05
43 85 7.80
43 86 1.36
43 87 4.00
43 88 0.07
43 89 9.43
43 90 5.86
43 91 8.44
43 92 7.12
43 93 7.49
43 94 1.16
43 95 1.09
43 96 7.86
43 97 3.59
43 98 8.14
43 99 6.67
44 45 2.47
44 46 4.42
44 47 9.38
44 48 2.99
44 49 1.13
44 50 4.01
44 51 4.82
44 52 0.01
44 53 8.70
44 54 7.07
44 55 2.68
44 56 4.17
44 57 2.21
44 58 6.78
44 59 9.11
44 60 3.90
44 61 7.37
44 62 5.95
44 63 4.36
44 64 1.91
44 65 0.62
44 66 5.30
44 67 9.45
44 68 7.27
44 69 2.13
44 70 7.18
44 71 9.81
44 72 9.38
44 73 1.94
44 74 2.84
44 75 8.19
44 76 3.72
44 77 3.59
44 78 4.48
44 79 0.82
44 80 4.89
44 81 2.02
44 82 4.59
44 83 5.76
44 84 1.60
44 85 3.02
44 86 4.89
44 87 1.10
44 88 5.46
44 89 9.21
44 90 8.55
44 91 9.52
44 92 1.53
44 93 4.48
44 94 3.61
44 95 0.08
44 96 9.79
44 97 0.05
44 98 5.37
44 99 7.45
45 46 1.25
45 47 6.34
45 48 7.43
45 49 3.11
45 50 0.25
45 51 7.81
45 52 4.23
45 53 7.98
45 54 6.66
45 55 3.96
45 56 0.79
45 57 6.57
45 58 9.41
45 59 0.41
45 60 0.50
45 61 4.87
45 62 9.47
45 63 7.95
45 64 4.88
45 65 2.42
45 66 9.98
45 67 1.26
45 68 4.12
45 69 1.11
45 70 8.76
45 71 3.28
45 72 1.61
45 73 2.68
45 74 9.63
45 75 1.69
45 76 8.48
45 77 3.57
45 78 2.53
45 79 2.38
45 80 8.42
45 81 5.71
45 82 4.12
45 83 1.97
45 84 9.95
45 85 3.37
45 86 9.30
45 87 5.72
45 88 6.63
45 89 7.18
45 90 1.07
45 91 6.67
45 92 8.81
45 93 5.26
45 94 1.35
45 95 2.57
45 96 8.56
45 97 1.03
45 98 6.64
45 99 6.35
46 47 5.68
46 48 3.51
46 49 6.84
46 50 5.03
46 51 9.77
46 52 5.04
46 53 1.38
46 54 8.53
46 55 5.99
46 56 1.82
46 57 1.75
46 58 2.40
46 59 5.95
46 60 9.80
46 61 0.67
46 62 1.65
46 63 7.04
46 64 5.21
46 65 8.70
46 66 3.43
46 67 2.68
46 68 4.89
46 69 3.09
46 70 9.42
46 71 9.40
46 72 3.41
46 73 0.86
46 74 7.90
46 75 2.68
46 76 4.37
46 77 5.33
46 78 2.15
46 79 9.18
46 80 0.23
46 81 7.00
46 82 4.98
46 83 6.39
46 84 3.92
46 85 7.93
46 86 3.08
46 87 6.63
46 88 6.39
46 89 3.35
46 90 1.36
46 91 1.36
46 92 0.60
46 93 6.60
46 94 6.51
46 95 1.56
46 96 6.84
46 97 8.74
46 98 7.36
46 99 9.70
47 48 2.24
47 49 1.75
47 50 7.29
47 51 5.25
47 52 4.45
47 53 0.81
47 54 0.78
47 55 8.87
47 56 4.74
47 57 3.07
47 58 7.85
47 59 4.84
47 60 0.85
47 61 3.69
47 62 1.54
47 63 8.64
47 64 3.35
47 65 0.31
47 66 5.69
47 67 5.53
47 68 1.30
47 69 2.28
47 70 2.30
47 71 7.66
47 72 2.87
47 73 4.33
47 74 6.52
47 75 7.87
47 76 6.03
47 77 6.67
47 78 5.79
47 79 8.05
47 80 5.01
47 81 8.02
47 82 7.03
47 83 9.17
47 84 6.12
47 85 0.70
47 86 1.15
47 87 2.32
47 88 5.39
47 89 9.81
47 90 9.65
47 91 2.23
47 92 5.23
47 93 4.73
47 94 7.13
47 95 7.42
47 96 1.58
47 97 9.04
47 98 0.97
47 99 9.48
48 49 9.52
48 50 5.02
48 51 0.34
48 52 8.28
48 53 3.64
48 54 4.77
48 55 2.43
48 56 4.82
48 57 5.24
48 58 5.09
48 59 3.17
48 60 1.76
48 61 4.01
48 62 5.13
48 63 8.92
48 64 1.05
48 65 3.73
48 66 8.07
48 67 7.35
48 68 4.61
48 69 8.32
48 70 1.59
48 71 7.35
48 72 9.90
48 73 5.92
48 74 1.04
48 75 5.17
48 76 3.72
48 77 6.43
48 78 5.54
48 79 7.19
48 80 7.64
48 81 1.91
48 82 6.18
48 83 5.98
48 84 3.16
48 85 3.07
48 86 4.01
48 87 7.64
48 88 4.34
48 89 4.02
48 90 9.40
48 91 4.54
48 92 2.53
48 93 7.45
48 94 9.27
48 95 2.57
48 96 4.00
48 97 0.51
48 98 7.76
48 99 9.84
49 50 6.81
49 51 3.25
49 52 9.10
49 53 7.07
49 54 1.81
49 55 6.57
49 56 7.30
49 57 0.42
49 58 1.47
49 59 3.36
49 60 8.40
49 61 2.93
49 62 9.52
49 63 3.96
49 64 8.16
49 65 1.01
49 66 9.72
49 67 9.04
49 68 4.39
49 69 2.49
49 70 8.27
49 71 9.16
49 72 0.62
49 73 8.39
49 74 7.90
49 75 0.16
49 76 3.49
49 77 6.01
49 78 2.63
49 79 4.16
49 80 0.51
49 81 5.15
49 82 3.31
49 83 6.98
49 84 5.30
49 85 8.25
49 86 6.36
49 87 6.08
49 88 0.53
49 89 0.27
49 90 3.14
49 91 2.29
49 92 6.45
49 93 9.79
49 94 1.60
49 95 9.57
49 96 1.85
49 97 2.76
49 98 4.03
49 99 7.98
50 51 5.81
50 52 2.36
50 53 6.75
50 54 0.63
50 55 9.04
50 56 9.24
50 57 1.29
50 58 3.20
50 59 0.16
50 60 5.77
50 61 7.48
50 62 3.59
50 63 5.46
50 64 2.90
50 65 3.22
50 66 8.11
50 67 5.57
50 68 4.17
50 69 0.86
50 70 8.01
50 71 0.37
50 72 7.30
50 73 4.92
50 74 7.00
50 75 6.89
50 76 2.61
50 77 6.38
50 78 1.11
50 79 7.20
50 80 9.43
50 81 6.32
50 82 1.59
50 83 1.05
50 84 3.71
50 85 8.90
50 86 6.96
50 87 2.90
50 88 8.02
50 89 6.65
50 90 3.16
50 91 4.63
50 92 6.14
50 93 2.90
50 94 4.20
50 95 4.28
50 96 0.93
50 97 5.46
50 98 6.43
50 99 6.23
51 52 0.69
51 53 7.64
51 54 6.34
51 55 1.90
51 56 2.14
51 57 8.29
51 58 0.22
51 59 9.07
51 60 0.81
51 61 3.13
51 62 9.52
51 63 4.11
51 64 1.79
51 65 6.03
51 66 4.72
51 67 2.38
51 68 5.89
51 69 3.53
51 70 8.49
51 71 8.61
51 72 5.95
51 73 1.29
51 74 7.82
51 75 0.39
51 76 7.33
51 77 1.36
51 78 0.43
51 79 3.44
51 80 2.45
51 81 9.38
51 82 4.43
51 83 1.94
51 84 5.62
51 85 8.56
51 86 3.11
51 87 3.80
51 88 3.30
51 89 7.76
51 90 2.32
51 91 8.84
51 92 2.32
51 93 1.33
51 94 1.10
51 95 3.91
51 96 1.94
51 97 9.43
51 98 0.12
51 99 2.62
52 53 3.76
52 54 8.35
52 55 7.05
52 56 7.86
52 57 2.00
52 58 9.96
52 59 6.51
52 60 4.78
52 61 1.86
52 62 5.09
52 63 9.26
52 64 2.53
52 65 9.95
52 66 4.29
52 67 4.92
52 68 3.07
52 69 6.21
52 70 8.03
52 71 9.32
52 72 0.85
52 73 9.96
52 74 5.86
52 75 2.61
52 76 1.62
52 77 6.21
52 78 9.24
52 79 4.83
52 80 6.79
52 81 0.25
52 82 8.59
52 83 0.17
52 84 2.56
52 85 4.39
52 86 4.58
52 87 6.18
52 88 6.25
52 89 5.06
52 90 6.17
52 91 5.19
52 92 9.40
52 93 2.38
52 94 9.91
52 95 3.90
52 96 3.12
52 97 9.18
52 98 6.49
52 99 0.15
53 54 5.53
53 55 5.74
53 56 7.98
53 57 4.69
53 58 5.74
53 59 7.96
53 60 2.92
53 61 8.70
53 62 3.35
53 63 8.58
53 64 9.43
53 65 2.44
53 66 4.77
53 67 7.96
53 68 3.40
53 69 7.65
53 70 3.23
53 71 8.88
53 72 1.97
53 73 4.43
53 74 6.17
53 75 9.67
53 76 0.15
53 77 7.48
53 78 8.73
53 79 5.86
53 80 2.44
53 81 0.66
53 82 4.07
53 83 3.29
53 84 6.82
53 85 9.76
53 86 3.48
53 87 6.84
53 88 9.63
53 89 6.40
53 90 7.78
53 91 7.98
53 92 3.16
53 93 7.45
53 94 1.39
53 95 10.00
53 96 6.19
53 97 8.98
53 98 7.31
53 99 8.47
54 55 4.67
54 56 1.65
54 57 8.11
54 58 9.64
54 59 2.27
54 60 4.97
54 61 4.08
54 62 7.72
54 63 0.25
54 64 3.01
54 65 5.81
54 66 2.24
54 67 1.85
54 68 6.92
54 69 8.56
54 70 6.41
54 71 0.90
54 72 2.12
54 73 9.87
54 74 7.37
54 75 8.49
54 76 3.04
54 77 4.06
54 78 5.67
54 79 5.15
54 80 7.03
54 81 2.81
54 82 1.10
54 83 7.82
54 84 4.83
54 85 0.02
54 86 0.66
54 87 7.61
54 88 8.41
54 89 0.45
54 90 7.74
54 91 5.85
54 92 1.13
54 93 8.93
54 94 6.57
54 95 7.41
54 96 0.96
54 97 1.53
54 98 4.88
54 99 0.00
55 56 8.23
55 57 0.98
55 58 4.52
55 59 6.78
55 60 4.13
55 61 3.64
55 62 4.79
55 63 1.99
55 64 4.04
55 65 3.71
55 66 2.65
55 67 9.40
55 68 8.74
55 69 7.17
55 70 9.46
55 71 0.73
55 72 9.94
55 73 8.25
55 74 6.72
55 75 1.72
55 76 7.19
55 77 7.78
55 78 7.76
55 79 8.31
55 80 5.74
55 81 0.59
55 82 0.68
55 83 3.73
55 84 9.55
55 85 8.62
55 86 2.88
55 87 3.23
55 88 8.24
55 89 3.70
55 90 2.14
55 91 8.13
55 92 2.15
55 93 1.49
55 94 0.42
55 95 6.01
55 96 6.98
55 97 9.77
55 98 5.51
55 99 8.52
56 57 4.72
56 58 5.17
56 59 6.91
56 60 7.66
56 61 5.15
56 62 2.41
56 63 8.70
56 64 1.66
56 65 0.89
56 66 2.71
56 67 6.96
56 68 2.42
56 69 7.20
56 70 8.61
56 71 2.07
56 72 1.01
56 73 9.76
56 74 3.42
56 75 9.21
56 76 8.89
56 77 6.55
56 78 0.46
56 79 0.95
56 80 5.24
56 81 0.22
56 82 0.62
56 83 3.39
56 84 7.97
56 85 3.92
56 86 7.84
56 87 9.34
56 88 8.12
56 89 3.89
56 90 2.02
56 91 8.14
56 92 1.53
56 93 3.85
56 94 6.71
56 95 4.18
56 96 9.24
56 97 0.15
56 98 8.95
56 99 1.39
57 58 6.96
57 59 4.67
57 60 0.99
57 61 8.30
57 62 6.94
57 63 6.43
57 64 4.28
57 65 1.09
57 66 8.68
57 67 8.08
57 68 7.37
57 69 4.23
57 70 4.46
57 71 8.25
57 72 1.43
57 73 5.13
57 74 3.35
57 75 2.43
57 76 6.10
57 77 3.95
57 78 0.15
57 79 0.45
57 80 4.96
57 81 7.48
57 82 1.59
57 83 2.37
57 84 5.65
57 85 3.28
57 86 4.69
57 87 6.84
57 88 5.57
57 89 7.75
57 90 9.78
57 91 7.49
57 92 1.10
57 93 4.78
57 94 3.26
57 95 9.44
57 96 0.80
57 97 3.22
57 98 1.27
57 99 8.08
58 59 6.22
58 60 3.32
58 61 6.22
58 62 2.37
58 63 6.04
58 64 3.99
58 65 1.10
58 66 4.77
58 67 5.79
58 68 4.14
58 69 6.27
58 70 9.76
58 71 0.37
58 72 5.68
58 73 9.64
58 74 5.30
58 75 6.73
58 76 3.70
58 77 5.58
58 78 5.27
58 79 8.26
58 80 8.64
58 81 1.79
58 82 9.07
58 83 7.64
58 84 7.19
58 85 4.58
58 86 4.61
58 87 7.31
58 88 2.03
58 89 3.14
58 90 3.89
58 91 3.60
58 92 9.70
58 93 8.34
58 94 7.50
58 95 1.46
58 96 8.14
58 97 1.45
58 98 3.82
58 99 9.16
59 60 3.73
59 61 6.09
59 62 6.81
59 63 7.49
59 64 5.17
59 65 4.80
59 66 1.43
59 67 5.68
59 68 0.83
59 69 9.14
59 70 8.29
59 71 5.84
59 72 3.40
59 73 2.68
59 74 7.56
59 75 2.70
59 76 2.83
59 77 6.41
59 78 4.48
59 79 2.20
59 80 4.51
59 81 8.51
59 82 5.56
59 83 7.98
59 84 7.10
59 85 8.11
59 86 9.36
59 87 9.41
59 88 6.56
59 89 6.64
59 90 7.10
59 91 7.95
59 92 5.50
59 93 8.78
59 94 9.52
59 95 0.22
59 96 4.74
59 97 7.82
59 98 0.50
59 99 9.31
60 61 8.17
60 62 4.68
60 63 0.74
60 64 2.26
60 65 7.63
60 66 8.59
60 67 7.06
60 68 5.90
60 69 4.15
60 70 8.58
60 71 5.92
60 72 6.85
60 73 6.21
60 74 0.87
60 75 7.76
60 76 7.92
60 77 1.31
60 78 1.20
60 79 4.48
60 80 0.01
60 81 5.51
60 82 4.21
60 83 3.88
60 84 7.09
60 85 7.61
60 86 1.65
60 87 8.52
60 88 1.18
60 89 8.82
60 90 0.08
60 91 6.20
60 92 1.30
60 93 2.70
60 94 2.01
60 95 3.55
60 96 3.39
60 97 8.43
60 98 9.63
60 99 1.36
61 62 4.53
61 63 7.62
61 64 4.43
61 65 7.36
61 66 5.00
61 67 4.46
61 68 8.58
61 69 5.71
61 70 4.60
61 71 5.19
61 72 9.98
61 73 1.59
61 74 3.43
61 75 7.19
61 76 7.56
61 77 2.05
61 78 5.16
61 79 4.16
61 80 5.86
61 81 6.57
61 82 8.16
61 83 6.05
61 84 8.99
61 85 9.14
61 86 0.95
61 87 0.59
61 88 4.09
61 89 5.88
61 90 2.61
61 91 9.27
61 92 7.73
61 93 6.27
61 94 5.26
61 95 8.34
61 96 3.68
61 97 6.92
61 98 4.60
61 99 5.43
62 63 7.83
62 64 1.45
62 65 8.25
62 66 9.76
62 67 4.35
62 68 0.91
62 69 9.53
62 70 6.24
62 71 1.38
62 72 8.48
62 73 4.49
62 74 5.14
62 75 9.61
62 76 6.55
62 77 7.56
62 78 4.80
62 79 7.72
62 80 6.74
62 81 4.87
62 82 0.98
62 83 5.43
62 84 2.90
62 85 8.31
62 86 0.95
62 87 1.08
62 88 1.02
62 89 0.63
62 90 6.32
62 91 3.12
62 92 7.52
62 93 8.87
62 94 1.29
62 95 2.41
62 96 8.13
62 97 4.80
62 98 3.62
62 99 8.88
63 64 5.75
63 65 3.07
63 66 8.05
63 67 6.50
63 68 9.17
63 69 0.59
63 70 9.65
63 71 8.76
63 72 1.74
63 73 1.37
63 74 2.52
63 75 8.09
63 76 1.40
63 77 9.87
63 78 4.33
63 79 3.40
63 80 5.62
63 81 0.90
63 82 0.83
63 83 6.67
63 84 7.53
63 85 5.92
63 86 4.22
63 87 0.88
63 88 6.75
63 89 1.26
63 90 7.93
63 91 1.43
63 92 5.19
63 93 4.99
63 94 1.82
63 95 7.97
63 96 2.54
63 97 1.58
63 98 0.09
63 99 1.58
64 65 2.72
64 66 3.93
64 67 2.79
64 68 0.15
64 69 2.35
64 70 0.44
64 71 7.29
64 72 5.85
64 73 8.01
64 74 6.85
64 75 6.66
64 76 6.95
64 77 5.58
64 78 7.31
64 79 9.75
64 80 4.37
64 81 4.94
64 82 5.92
64 83 0.01
64 84 4.24
64 85 7.75
64 86 7.92
64 87 1.16
64 88 5.51
64 89 6.81
64 90 1.78
64 91 4.10
64 92 8.22
64 93 8.25
64 94 7.87
64 95 4.10
64 96 9.30
64 97 9.93
64 98 3.94
64 99 9.22
65 66 4.78
65 67 5.32
65 68 7.76
65 69 3.87
65 70 8.34
65 71 1.26
65 72 7.26
65 73 7.46
65 74 0.33
65 75 2.47
65 76 4.35
65 77 9.24
65 78 2.60
65 79 2.70
65 80 6.97
65 81 8.06
65 82 9.63
65 83 2.93
65 84 5.59
65 85 7.13
65 86 0.23
65 87 3.77
65 88 2.80
65 89 1.38
65 90 7.78
65 91 1.41
65 92 9.67
65 93 4.44
65 94 9.69
65 95 4.39
65 96 8.76
65 97 8.28
65 98 6.02
65 99 2.35
66 67 3.56
66 68 7.72
66 69 1.57
66 70 1.46
66 71 6.79
66 72 5.16
66 73 5.49
66 74 3.00
66 75 4.42
66 76 8.81
66 77 3.52
66 78 7.18
66 79 6.87
66 80 2.97
66 81 7.36
66 82 2.83
66 83 8.79
66 84 9.57
66 85 8.82
66 86 1.37
66 87 2.47
66 88 5.87
66 89 5.55
66 90 7.42
66 91 9.99
66 92 7.10
66 93 6.09
66 94 4.48
66 95 6.91
66 96 2.80
66 97 3.80
66 98 0.57
66 99 8.94
67 68 1.05
67 69 6.00
67 70 7.57
67 71 6.66
67 72 1.36
67 73 4.70
67 74 8.29
67 75 3.88
67 76 6.84
67 77 3.64
67 78 8.49
67 79 6.06
67 80 9.32
67 81 8.51
67 82 8.49
67 83 4.11
67 84 8.65
67 85 0.21
67 86 9.99
67 87 3.86
67 88 1.28
67 89 1.80
67 90 7.35
67 91 6.50
67 92 4.63
67 93 8.13
67 94 6.73
67 95 0.60
67 96 5.75
67 97 4.69
67 98 6.92
67 99 6.13
68 69 1.07
68 70 7.53
68 71 1.25
68 72 2.67
68 73 3.98
68 74 6.39
68 75 3.91
68 76 2.28
68 77 4.28
68 78 1.98
68 79 5.34
68 80 9.11
68 81 6.69
68 82 6.49
68 83 0.35
68 84 7.99
68 85 2.66
68 86 2.70
68 87 6.90
68 88 3.77
68 89 6.37
68 90 3.49
68 91 0.90
68 92 6.31
68 93 1.25
68 94 2.44
68 95 6.47
68 96 3.33
68 97 8.46
68 98 5.12
68 99 7.86
69 70 0.70
69 71 2.77
69 72 1.80
69 73 7.51
69 74 3.85
69 75 7.36
69 76 2.16
69 77 8.87
69 78 7.36
69 79 2.62
69 80 2.62
69 81 5.33
69 82 4.77
69 83 1.29
69 84 7.00
69 85 0.01
69 86 5.36
69 87 9.92
69 88 9.69
69 89 7.26
69 90 9.89
69 91 1.17
69 92 2.37
69 93 2.25
69 94 4.34
69 95 6.90
69 96 8.62
69 97 8.78
69 98 4.90
69 99 4.07
70 71 3.65
70 72 7.57
70 73 6.45
70 74 6.77
70 75 0.91
70 76 1.05
70 77 4.57
70 78 3.44
70 79 2.32
70 80 0.03
70 81 7.52
70 82 5.88
70 83 6.06
70 84 0.27
70 85 9.32
70 86 2.08
70 87 6.98
70 88 2.23
70 89 2.46
70 90 4.82
70 91 6.65
70 92 3.54
70 93 5.82
70 94 6.97
70 95 6.78
70 96 2.28
70 97 8.48
70 98 6.55
70 99 1.47
71 72 3.06
71 73 8.99
71 74 3.00
71 75 9.04
71 76 7.08
71 77 3.93
71 78 3.48
71 79 1.68
71 80 2.86
71 81 7.50
71 82 7.06
71 83 4.57
71 84 7.79
71 85 1.95
71 86 1.72
71 87 9.89
71 88 3.22
71 89 5.67
71 90 4.70
71 91 5.91
71 92 7.61
71 93 5.57
71 94 6.11
71 95 8.75
71 96 4.02
71 97 8.21
71 98 5.35
71 99 6.14
72 73 7.41
72 74 6.89
72 75 4.73
72 76 3.37
72 77 1.20
72 78 8.01
72 79 7.09
72 80 4.41
72 81 7.43
72 82 2.95
72 83 1.50
72 84 1.19
72 85 2.35
72 86 6.16
72 87 8.14
72 88 4.17
72 89 9.62
72 90 5.95
72 91 9.92
72 92 0.16
72 93 6.92
72 94 9.39
72 95 7.49
72 96 7.80
72 97 5.55
72 98 8.52
72 99 6.02
73 74 6.92
73 75 9.18
73 76 8.25
73 77 4.52
73 78 7.62
73 79 7.74
73 80 0.40
73 81 3.51
73 82 5.34
73 83 4.69
73 84 3.42
73 85 6.08
73 86 4.56
73 87 6.08
73 88 6.48
73 89 5.89
73 90 6.48
73 91 2.64
73 92 4.41
73 93 9.73
73 94 2.99
73 95 0.73
73 96 3.53
73 97 2.68
73 98 2.28
73 99 6.22
74 75 2.22
74 76 5.19
74 77 7.13
74 78 9.35
74 79 1.75
74 80 2.10
74 81 0.42
74 82 9.15
74 83 2.16
74 84 9.58
74 85 3.74
74 86 8.85
74 87 2.64
74 88 4.34
74 89 6.54
74 90 3.61
74 91 9.80
74 92 5.34
74 93 5.97
74 94 0.25
74 95 0.78
74 96 4.79
74 97 3.78
74 98 0.25
74 99 6.90
75 76 8.80
75 77 7.04
75 78 7.64
75 79 1.94
75 80 0.24
75 81 6.79
75 82 5.06
75 83 4.82
75 84 9.10
75 85 3.76
75 86 3.86
75 87 9.03
75 88 6.23
75 89 9.72
75 90 8.17
75 91 9.86
75 92 4.37
75 93 2.48
75 94 4.56
75 95 6.12
75 96 5.69
75 97 5.75
75 98 7.54
75 99 1.82
76 77 2.56
76 78 9.10
76 79 6.23
76 80 8.93
76 81 1.39
76 82 7.00
76 83 5.00
76 84 3.38
76 85 4.33
76 86 3.36
76 87 3.61
76 88 0.09
76 89 9.46
76 90 8.35
76 91 6.59
76 92 7.44
76 93 6.65
76 94 4.93
76 95 8.93
76 96 3.36
76 97 4.48
76 98 8.53
76 99 7.59
77 78 4.50
77 79 0.42
77 80 5.54
77 81 9.74
77 82 8.55
77 83 9.96
77 84 6.68
77 85 4.83
77 86 2.66
77 87 5.16
77 88 0.25
77 89 5.35
77 90 8.78
77 91 3.41
77 92 7.72
77 93 3.91
77 94 2.29
77 95 9.49
77 96 6.38
77 97 1.96
77 98 4.39
77 99 8.04
78 79 8.60
78 80 7.79
78 81 1.60
78 82 2.86
78 83 4.53
78 84 3.66
78 85 6.47
78 86 9.24
78 87 9.17
78 88 1.28
78 89 4.69
78 90 0.24
78 91 9.38
78 92 2.88
78 93 3.41
78 94 5.10
78 95 8.64
78 96 7.66
78 97 3.10
78 98 9.10
78 99 4.97
79 80 9.19
79 81 8.94
79 82 5.99
79 83 1.79
79 84 6.53
79 85 5.73
79 86 5.79
79 87 1.02
79 88 7.69
79 89 5.07
79 90 6.04
79 91 2.51
79 92 3.83
79 93 6.11
79 94 5.43
79 95 4.35
79 96 1.34
79 97 3.91
79 98 5.98
79 99 2.84
80 81 8.76
80 82 4.79
80 83 2.98
80 84 2.75
80 85 4.99
80 86 7.00
80 87 3.44
80 88 1.75
80 89 7.32
80 90 3.09
80 91 5.40
80 92 6.43
80 93 2.34
80 94 7.23
80 95 5.05
80 96 9.07
80 97 7.02
80 98 9.64
80 99 7.27
81 82 1.38
81 83 7.19
81 84 9.58
81 85 7.56
81 86 0.94
81 87 1.38
81 88 0.38
81 89 4.86
81 90 5.19
81 91 3.82
81 92 3.17
81 93 5.16
81 94 8.10
81 95 1.39
81 96 8.93
81 97 3.93
81 98 7.90
81 99 7.42
82 83 9.60
82 84 9.63
82 85 9.35
82 86 4.49
82 87 4.55
82 88 0.66
82 89 4.29
82 90 0.82
82 91 1.34
82 92 4.45
82 93 2.95
82 94 9.46
82 95 3.11
82 96 6.44
82 97 5.73
82 98 4.92
82 99 2.85
83 84 0.08
83 85 5.23
83 86 9.51
83 87 0.87
83 88 8.56
83 89 4.90
83 90 5.92
83 91 3.41
83 92 5.79
83 93 6.74
83 94 2.81
83 95 1.77
83 96 6.24
83 97 5.42
83 98 6.61
83 99 7.21
84 85 5.00
84 86 5.82
84 87 3.55
84 88 1.17
84 89 2.52
84 90 4.54
84 91 4.75
84 92 7.37
84 93 6.37
84 94 7.77
84 95 0.55
84 96 8.69
84 97 0.54
84 98 6.86
84 99 7.22
85 86 8.76
85 87 7.47
85 88 5.15
85 89 3.79
85 90 9.54
85 91 9.81
85 92 5.99
85 93 5.00
85 94 3.67
85 95 8.71
85 96 7.49
85 97 4.32
85 98 4.84
85 99 1.93
86 87 9.72
86 88 1.70
86 89 7.93
86 90 7.13
86 91 5.13
86 92 5.22
86 93 5.22
86 94 9.58
86 95 5.01
86 96 4.16
86 97 2.81
86 98 9.55
86 99 2.40
87 88 3.82
87 89 7.88
87 90 6.11
87 91 1.74
87 92 0.06
87 93 0.46
87 94 0.22
87 95 6.80
87 96 4.54
87 97 6.02
87 98 3.77
87 99 2.61
88 89 2.81
88 90 4.38
88 91 2.35
88 92 0.66
88 93 3.38
88 94 7.14
88 95 5.35
88 96 2.91
88 97 6.39
88 98 9.73
88 99 1.58
89 90 0.04
89 91 4.06
89 92 8.14
89 93 9.70
89 94 3.16
89 95 2.68
89 96 4.56
89 97 5.20
89 98 2.24
89 99 0.52
90 91 6.20
90 92 5.38
90 93 1.74
90 94 0.57
90 95 9.85
90 96 2.65
90 97 2.66
90 98 6.33
90 99 2.82
91 92 4.96
91 93 0.91
91 94 2.55
91 95 5.27
91 96 3.88
91 97 8.48
91 98 5.77
91 99 0.25
92 93 1.34
92 94 9.80
92 95 3.81
92 96 5.09
92 97 8.45
92 98 2.24
92 99 4.62
93 94 1.40
93 95 0.40
93 96 4.70
93 97 7.38
93 98 4.33
93 99 6.32
94 95 2.70
94 96 5.14
94 97 5.27
94 98 4.22
94 99 3.31
95 96 0.42
95 97 1.03
95 98 8.45
95 99 9.91
96 97 9.35
96 98 7.09
96 99 0.52
97 98 7.49
97 99 3.37
98 99 5.91
