100 10
0 1 2.83
0 2 3.74
0 3 2.57
0 4 1.71
0 5 0.31
0 6 6.74
0 7 4.37
0 8 9.57
0 9 6.94
0 10 1.15
0 11 2.07
0 12 5.01
0 13 4.26
0 14 3.14
0 15 5.07
0 16 2.30
0 17 7.46
0 18 9.68
0 19 2.81
0 20 4.28
0 21 3.06
0 22 5.23
0 23 0.62
0 24 1.47
0 25 7.67
0 26 7.03
0 27 9.76
0 28 2.02
0 29 2.59
0 30 6.51
0 31 5.52
0 32 7.71
0 33 2.08
0 34 9.04
0 35 7.08
0 36 5.19
0 37 2.55
0 38 6.60
0 39 1.52
0 40 9.86
0 41 9.29
0 42 5.61
0 43 0.72
0 44 3.05
0 45 0.00
0 46 7.96
0 47 0.01
0 48 6.13
0 49 9.68
0 50 9.92
0 51 9.46
0 52 9.27
0 53 5.06
0 54 0.66
0 55 0.10
0 56 9.89
0 57 8.01
0 58 4.20
0 59 9.23
0 60 9.03
0 61 4.73
0 62 2.21
0 63 1.52
0 64 3.37
0 65 5.81
0 66 2.15
0 67 0.76
0 68 6.81
0 69 7.95
0 70 9.77
0 71 9.64
0 72 6.00
0 73 5.13
0 74 1.55
0 75 0.68
0 76 6.17
0 77 0.98
0 78 5.32
0 79 6.04
0 80 1.54
0 81 8.78
0 82 7.06
0 83 8.58
0 84 7.32
0 85 0.27
0 86 3.87
0 87 0.92
0 88 6.01
0 89 7.26
0 90 9.39
0 91 1.21
0 92 3.44
0 93 5.62
0 94 7.79
0 95 3.26
0 96 1.70
0 97 1.94
0 98 6.79
0 99 5.68
1 2 1.45
1 3 3.11
1 4 3.05
1 5 3.24
1 6 4.48
1 7 2.66
1 8 8.37
1 9 6.25
1 10 2.58
1 11 0.06
1 12 2.95
1 13 8.52
1 14 1.32
1 15 5.25
1 16 9.19
1 17 0.12
1 18 4.98
1 19 8.21
1 20 0.50
1 21 7.17
1 22 4.72
1 23 6.75
1 24 6.82
1 25 4.22
1 26 1.39
1 27 0.32
1 28 0.55
1 29 5.24
1 30 6.68
1 31 4.43
1 32 5.04
1 33 1.70
1 34 4.33
1 35 2.47
1 36 7.39
1 37 3.90
1 38 8.44
1 39 5.69
1 40 8.56
1 41 9.59
1 42 0.43
1 43 9.60
1 44 0.26
1 45 9.80
1 46 4.03
1 47 0.64
1 48 2.86
1 49 0.00
1 50 6.77
1 51 0.57
1 52 0.50
1 53 6.63
1 54 5.85
1 55 4.79
1 56 8.43
1 57 2.41
1 58 4.21
1 59 6.39
1 60 4.58
1 61 5.23
1 62 0.33
1 63 1.55
1 64 4.88
1 65 3.52
1 66 2.68
1 67 5.69
1 68 6.03
1 69 4.64
1 70 9.97
1 71 0.29
1 72 2.10
1 73 0.61
1 74 5.68
1 75 2.09
1 76 4.01
1 77 0.96
1 78 9.44
1 79 8.28
1 80 0.21
1 81 4.83
1 82 0.59
1 83 4.49
1 84 9.96
1 85 6.12
1 86 6.04
1 87 3.09
1 88 5.01
1 89 8.45
1 90 1.33
1 91 6.20
1 92 0.15
1 93 6.96
1 94 3.05
1 95 8.23
1 96 4.21
1 97 6.39
1 98 5.49
1 99 0.13
2 3 2.21
2 4 2.33
2 5 5.75
2 6 5.78
2 7 4.28
2 8 8.16
2 9 3.60
2 10 0.52
2 11 3.71
2 12 7.38
2 13 7.06
2 14 6.67
2 15 8.30
2 16 0.73
2 17 8.17
2 18 8.28
2 19 7.49
2 20 9.33
2 21 2.55
2 22 5.62
2 23 5.31
2 24 2.42
2 25 5.47
2 26 4.25
2 27 9.76
2 28 0.80
2 29 0.48
2 30 5.31
2 31 9.83
2 32 0.93
2 33 4.78
2 34 2.86
2 35 2.54
2 36 2.66
2 37 7.44
2 38 2.99
2 39 2.20
2 40 6.61
2 41 5.71
2 42 9.46
2 43 8.68
2 44 0.90
2 45 6.31
2 46 0.55
2 47 0.95
2 48 2.05
2 49 2.39
2 50 1.12
2 51 7.07
2 52 5.71
2 53 7.48
2 54 4.98
2 55 4.39
2 56 4.51
2 57 9.59
2 58 0.42
2 59 5.64
2 60 1.71
2 61 3.43
2 62 7.43
2 63 4.05
2 64 6.80
2 65 9.39
2 66 0.98
2 67 6.52
2 68 9.98
2 69 4.22
2 70 5.30
2 71 7.97
2 72 2.42
2 73 3.62
2 74 3.25
2 75 3.75
2 76 5.37
2 77 6.47
2 78 9.57
2 79 7.19
2 80 9.52
2 81 7.32
2 82 2.19
2 83 2.95
2 84 7.34
2 85 9.83
2 86 8.28
2 87 3.59
2 88 4.84
2 89 6.96
2 90 7.23
2 91 0.89
2 92 1.32
2 93 6.49
2 94 6.02
2 95 6.15
2 96 1.51
2 97 9.78
2 98 7.59
2 99 2.96
3 4 0.71
3 5 3.09
3 6 7.16
3 7 1.61
3 8 4.27
3 9 7.81
3 10 7.88
3 11 3.62
3 12 1.92
3 13 3.05
3 14 5.70
3 15 8.18
3 16 2.11
3 17 3.17
3 18 1.57
3 19 7.29
3 20 2.29
3 21 5.43
3 22 7.79
3 23 1.65
3 24 5.54
3 25 1.32
3 26 8.34
3 27 4.66
3 28 4.26
3 29 3.04
3 30 4.90
3 31 6.89
3 32 3.54
3 33 2.39
3 34 8.18
3 35 7.24
3 36 3.29
3 37 1.99
3 38 0.56
3 39 1.20
3 40 1.65
3 41 1.48
3 42 5.31
3 43 6.41
3 44 2.35
3 45 0.90
3 46 9.18
3 47 1.65
3 48 9.26
3 49 6.43
3 50 4.36
3 51 6.79
3 52 4.78
3 53 0.67
3 54 3.45
3 55 0.02
3 56 7.00
3 57 4.97
3 58 8.27
3 59 3.03
3 60 2.21
3 61 4.42
3 62 7.93
3 63 3.71
3 64 4.25
3 65 6.51
3 66 3.22
3 67 6.41
3 68 8.66
3 69 5.03
3 70 4.58
3 71 4.77
3 72 5.95
3 73 2.47
3 74 0.75
3 75 3.57
3 76 2.05
3 77 5.21
3 78 2.10
3 79 8.99
3 80 1.04
3 81 9.93
3 82 9.79
3 83 7.50
3 84 4.72
3 85 9.59
3 86 9.92
3 87 5.92
3 88 7.66
3 89 6.43
3 90 0.35
3 91 0.57
3 92 3.32
3 93 7.04
3 94 4.59
3 95 5.45
3 96 1.22
3 97 3.74
3 98 9.82
3 99 6.06
4 5 5.94
4 6 9.13
4 7 4.55
4 8 4.17
4 9 2.10
4 10 6.67
4 11 9.51
4 12 3.26
4 13 2.11
4 14 7.46
4 15 2.85
4 16 3.72
4 17 2.91
4 18 6.62
4 19 5.05
4 20 8.97
4 21 5.33
4 22 5.25
4 23 7.80
4 24 8.35
4 25 6.88
4 26 2.89
4 27 3.61
4 28 7.09
4 29 4.89
4 30 2.27
4 31 7.92
4 32 4.94
4 33 5.76
4 34 1.53
4 35 4.78
4 36 1.09
4 37 6.59
4 38 4.00
4 39 4.87
4 40 6.92
4 41 6.38
4 42 1.54
4 43 3.37
4 44 0.28
4 45 1.90
4 46 4.77
4 47 3.28
4 48 9.24
4 49 9.08
4 50 2.15
4 51 9.34
4 52 0.92
4 53 4.66
4 54 6.85
4 55 7.23
4 56 3.03
4 57 6.34
4 58 0.88
4 59 5.12
4 60 4.89
4 61 9.00
4 62 1.16
4 63 1.45
4 64 3.41
4 65 9.77
4 66 6.57
4 67 3.45
4 68 6.36
4 69 5.99
4 70 6.48
4 71 2.68
4 72 8.91
4 73 1.99
4 74 4.87
4 75 2.78
4 76 7.08
4 77 8.63
4 78 2.13
4 79 4.16
4 80 6.58
4 81 7.26
4 82 3.07
4 83 4.62
4 84 8.10
4 85 0.37
4 86 8.28
4 87 4.76
4 88 9.63
4 89 3.21
4 90 1.94
4 91 7.52
4 92 1.66
4 93 7.63
4 94 8.24
4 95 1.88
4 96 7.11
4 97 7.31
4 98 8.79
4 99 9.60
5 6 3.73
5 7 7.55
5 8 1.76
5 9 4.02
5 10 3.73
5 11 8.86
5 12 6.36
5 13 6.88
5 14 9.91
5 15 1.59
5 16 3.99
5 17 6.90
5 18 1.43
5 19 1.48
5 20 8.10
5 21 4.24
5 22 6.37
5 23 6.06
5 24 8.23
5 25 6.26
5 26 3.28
5 27 4.83
5 28 6.28
5 29 9.35
5 30 5.21
5 31 1.50
5 32 7.02
5 33 3.34
5 34 6.43
5 35 5.41
5 36 1.36
5 37 8.90
5 38 5.12
5 39 4.46
5 40 7.83
5 41 7.00
5 42 0.46
5 43 1.10
5 44 7.22
5 45 8.68
5 46 5.55
5 47 6.33
5 48 0.68
5 49 7.64
5 50 0.03
5 51 2.25
5 52 2.74
5 53 3.84
5 54 5.20
5 55 1.09
5 56 5.32
5 57 8.54
5 58 9.26
5 59 2.48
5 60 9.09
5 61 6.99
5 62 6.24
5 63 8.54
5 64 3.37
5 65 0.42
5 66 6.29
5 67 0.09
5 68 4.64
5 69 6.56
5 70 0.88
5 71 7.65
5 72 3.84
5 73 3.41
5 74 6.43
5 75 5.97
5 76 1.09
5 77 8.54
5 78 8.38
5 79 4.21
5 80 4.24
5 81 8.58
5 82 7.38
5 83 0.02
5 84 7.53
5 85 3.20
5 86 7.31
5 87 7.48
5 88 9.60
5 89 1.74
5 90 7.85
5 91 3.30
5 92 9.91
5 93 6.52
5 94 9.16
5 95 4.45
5 96 6.13
5 97 2.98
5 98 2.26
5 99 0.61
6 7 8.75
6 8 8.97
6 9 4.96
6 10 8.57
6 11 0.57
6 12 9.80
6 13 4.80
6 14 5.90
6 15 2.90
6 16 7.51
6 17 5.15
6 18 2.30
6 19 1.36
6 20 9.49
6 21 9.44
6 22 3.01
6 23 6.46
6 24 9.01
6 25 1.08
6 26 2.97
6 27 4.26
6 28 5.37
6 29 1.12
6 30 8.98
6 31 6.08
6 32 1.71
6 33 1.24
6 34 1.83
6 35 3.64
6 36 1.27
6 37 1.33
6 38 6.82
6 39 5.23
6 40 7.04
6 41 4.55
6 42 9.14
6 43 4.66
6 44 2.27
6 45 7.46
6 46 0.29
6 47 6.14
6 48 6.58
6 49 3.87
6 50 0.82
6 51 2.96
6 52 5.43
6 53 3.59
6 54 5.14
6 55 7.40
6 56 4.06
6 57 6.76
6 58 3.51
6 59 0.15
6 60 5.05
6 61 8.13
6 62 9.22
6 63 2.48
6 64 2.14
6 65 1.12
6 66 9.13
6 67 0.91
6 68 2.53
6 69 1.68
6 70 9.65
6 71 4.52
6 72 0.64
6 73 3.10
6 74 9.17
6 75 4.52
6 76 4.23
6 77 1.19
6 78 6.74
6 79 4.22
6 80 1.51
6 81 1.33
6 82 5.02
6 83 4.28
6 84 4.94
6 85 9.27
6 86 7.16
6 87 1.48
6 88 7.63
6 89 5.56
6 90 8.05
6 91 8.91
6 92 7.35
6 93 1.93
6 94 6.01
6 95 4.36
6 96 0.33
6 97 5.84
6 98 3.56
6 99 3.73
7 8 3.68
7 9 1.57
7 10 1.28
7 11 3.13
7 12 3.77
7 13 1.11
7 14 0.64
7 15 6.55
7 16 1.55
7 17 5.71
7 18 9.46
7 19 5.58
7 20 8.10
7 21 0.63
7 22 1.16
7 23 7.39
7 24 7.98
7 25 6.97
7 26 7.93
7 27 0.89
7 28 1.23
7 29 3.43
7 30 2.72
7 31 5.02
7 32 9.52
7 33 8.03
7 34 3.60
7 35 6.82
7 36 9.61
7 37 7.64
7 38 6.36
7 39 8.01
7 40 5.21
7 41 2.09
7 42 8.35
7 43 6.59
7 44 6.29
7 45 8.22
7 46 5.18
7 47 1.50
7 48 8.92
7 49 9.37
7 50 7.26
7 51 5.09
7 52 9.32
7 53 0.22
7 54 0.84
7 55 0.78
7 56 9.23
7 57 2.53
7 58 8.63
7 59 2.35
7 60 7.59
7 61 0.09
7 62 7.44
7 63 5.10
7 64 1.04
7 65 0.39
7 66 1.27
7 67 0.79
7 68 4.66
7 69 4.51
7 70 6.17
7 71 4.33
7 72 5.09
7 73 2.47
7 74 3.92
7 75 9.56
7 76 2.83
7 77 3.92
7 78 8.31
7 79 1.20
7 80 8.24
7 81 5.42
7 82 7.95
7 83 9.56
7 84 6.88
7 85 8.71
7 86 0.84
7 87 5.23
7 88 7.50
7 89 4.26
7 90 2.42
7 91 8.01
7 92 7.94
7 93 8.80
7 94 6.62
7 95 4.16
7 96 9.80
7 97 2.83
7 98 5.52
7 99 2.94
8 9 1.72
8 10 1.50
8 11 2.56
8 12 6.78
8 13 1.18
8 14 7.36
8 15 1.92
8 16 1.73
8 17 2.85
8 18 8.23
8 19 4.20
8 20 4.98
8 21 6.84
8 22 2.37
8 23 1.83
8 24 7.55
8 25 5.82
8 26 0.80
8 27 6.15
8 28 5.42
8 29 6.45
8 30 2.74
8 31 5.68
8 32 8.81
8 33 1.62
8 34 2.86
8 35 0.31
8 36 3.41
8 37 6.16
8 38 1.76
8 39 6.94
8 40 2.88
8 41 7.35
8 42 8.26
8 43 9.59
8 44 6.26
8 45 5.51
8 46 0.86
8 47 3.80
8 48 1.62
8 49 9.52
8 50 2.77
8 51 0.97
8 52 9.33
8 53 9.86
8 54 7.42
8 55 4.45
8 56 2.01
8 57 3.09
8 58 1.68
8 59 3.14
8 60 4.40
8 61 6.00
8 62 2.45
8 63 3.94
8 64 8.33
8 65 0.09
8 66 5.87
8 67 8.37
8 68 6.01
8 69 8.92
8 70 6.75
8 71 7.36
8 72 0.22
8 73 3.43
8 74 8.09
8 75 3.33
8 76 3.60
8 77 5.99
8 78 9.46
8 79 3.86
8 80 8.90
8 81 6.70
8 82 1.04
8 83 6.56
8 84 1.25
8 85 8.25
8 86 2.44
8 87 3.27
8 88 5.71
8 89 2.43
8 90 9.52
8 91 6.82
8 92 8.95
8 93 4.43
8 94 5.97
8 95 8.58
8 96 3.92
8 97 7.50
8 98 1.97
8 99 8.36
9 10 9.43
9 11 6.43
9 12 2.54
9 13 5.02
9 14 0.43
9 15 2.32
9 16 3.68
9 17 1.09
9 18 1.65
9 19 1.89
9 20 0.43
9 21 9.63
9 22 4.53
9 23 0.51
9 24 9.25
9 25 7.24
9 26 6.45
9 27 6.53
9 28 2.98
9 29 5.56
9 30 2.46
9 31 2.32
9 32 2.00
9 33 6.13
9 34 0.09
9 35 4.46
9 36 5.75
9 37 1.35
9 38 6.17
9 39 6.22
9 40 0.22
9 41 2.85
9 42 0.16
9 43 7.80
9 44 0.64
9 45 7.46
9 46 9.69
9 47 1.81
9 48 3.09
9 49 5.19
9 50 7.83
9 51 2.36
9 52 6.36
9 53 1.61
9 54 3.51
9 55 8.17
9 56 0.96
9 57 8.33
9 58 4.27
9 59 5.06
9 60 7.44
9 61 3.06
9 62 0.77
9 63 4.40
9 64 1.04
9 65 7.12
9 66 5.55
9 67 3.60
9 68 5.32
9 69 5.11
9 70 5.30
9 71 7.61
9 72 3.75
9 73 0.62
9 74 2.12
9 75 7.66
9 76 9.49
9 77 0.68
9 78 0.77
9 79 1.70
9 80 8.00
9 81 7.64
9 82 5.83
9 83 0.66
9 84 8.67
9 85 9.10
9 86 0.52
9 87 5.48
9 88 1.91
9 89 4.68
9 90 9.94
9 91 1.27
9 92 4.64
9 93 8.30
9 94 2.10
9 95 0.92
9 96 1.75
9 97 1.79
9 98 1.85
9 99 0.66
10 11 8.45
10 12 9.45
10 13 5.55
10 14 9.71
10 15 8.15
10 16 8.33
10 17 2.61
10 18 7.66
10 19 6.35
10 20 0.07
10 21 5.39
10 22 3.38
10 23 4.64
10 24 0.40
10 25 9.05
10 26 8.88
10 27 1.15
10 28 0.16
10 29 4.46
10 30 4.96
10 31 6.29
10 32 7.22
10 33 3.47
10 34 6.47
10 35 0.75
10 36 7.00
10 37 6.10
10 38 5.20
10 39 9.80
10 40 8.14
10 41 3.87
10 42 4.89
10 43 2.28
10 44 0.47
10 45 1.66
10 46 4.68
10 47 8.18
10 48 9.86
10 49 9.61
10 50 9.84
10 51 2.33
10 52 5.63
10 53 0.15
10 54 5.58
10 55 9.24
10 56 1.74
10 57 5.89
10 58 7.30
10 59 4.24
10 60 9.80
10 61 9.65
10 62 7.32
10 63 5.02
10 64 7.61
10 65 8.09
10 66 3.60
10 67 3.83
10 68 6.60
10 69 3.81
10 70 4.21
10 71 8.96
10 72 2.67
10 73 10.00
10 74 2.47
10 75 3.83
10 76 0.34
10 77 0.71
10 78 5.94
10 79 6.86
10 80 2.42
10 81 1.88
10 82 5.17
10 83 1.08
10 84 9.56
10 85 8.66
10 86 5.41
10 87 0.57
10 88 7.87
10 89 2.71
10 90 5.39
10 91 0.79
10 92 9.52
10 93 8.52
10 94 6.35
10 95 6.11
10 96 0.84
10 97 4.69
10 98 7.03
10 99 6.91
11 12 7.49
11 13 0.53
11 14 8.64
11 15 3.50
11 16 8.90
11 17 2.59
11 18 0.91
11 19 7.92
11 20 3.58
11 21 5.69
11 22 7.71
11 23 4.01
11 24 6.69
11 25 8.31
11 26 4.00
11 27 5.50
11 28 4.96
11 29 0.17
11 30 5.85
11 31 5.07
11 32 7.38
11 33 2.37
11 34 5.55
11 35 8.17
11 36 4.60
11 37 7.30
11 38 6.77
11 39 7.85
11 40 0.56
11 41 0.70
11 42 0.61
11 43 9.14
11 44 4.20
11 45 7.80
11 46 3.80
11 47 0.71
11 48 7.16
11 49 2.86
11 50 3.92
11 51 3.13
11 52 1.43
11 53 2.56
11 54 2.26
11 55 6.08
11 56 4.50
11 57 2.93
11 58 4.26
11 59 4.88
11 60 6.79
11 61 5.65
11 62 9.81
11 63 6.75
11 64 1.42
11 65 2.12
11 66 7.96
11 67 7.31
11 68 8.05
11 69 0.03
11 70 1.16
11 71 4.49
11 72 5.09
11 73 9.91
11 74 9.38
11 75 9.59
11 76 9.31
11 77 0.89
11 78 6.24
11 79 0.06
11 80 0.63
11 81 2.77
11 82 1.64
11 83 1.15
11 84 9.45
11 85 2.93
11 86 8.67
11 87 8.38
11 88 0.05
11 89 8.31
11 90 0.14
11 91 0.63
11 92 9.55
11 93 1.75
11 94 4.66
11 95 5.57
11 96 8.11
11 97 2.37
11 98 8.01
11 99 3.66
12 13 6.45
12 14 9.50
12 15 3.19
12 16 5.21
12 17 2.21
12 18 3.51
12 19 6.45
12 20 3.45
12 21 4.41
12 22 1.22
12 23 6.86
12 24 2.50
12 25 6.85
12 26 2.46
12 27 2.40
12 28 7.69
12 29 5.88
12 30 2.48
12 31 1.40
12 32 9.97
12 33 1.98
12 34 2.24
12 35 7.32
12 36 9.79
12 37 2.28
12 38 2.82
12 39 7.95
12 40 9.57
12 41 9.89
12 42 3.62
12 43 8.77
12 44 1.98
12 45 2.78
12 46 4.43
12 47 8.85
12 48 6.49
12 49 0.21
12 50 2.22
12 51 5.23
12 52 2.30
12 53 8.51
12 54 4.20
12 55 7.60
12 56 3.02
12 57 9.99
12 58 2.44
12 59 7.81
12 60 7.59
12 61 2.74
12 62 0.29
12 63 1.32
12 64 9.28
12 65 4.74
12 66 0.64
12 67 0.31
12 68 9.63
12 69 8.21
12 70 5.47
12 71 8.34
12 72 4.60
12 73 5.79
12 74 2.63
12 75 4.50
12 76 3.58
12 77 7.57
12 78 3.30
12 79 6.35
12 80 9.94
12 81 6.00
12 82 3.35
12 83 9.97
12 84 6.06
12 85 0.56
12 86 6.68
12 87 6.87
12 88 6.27
12 89 6.58
12 90 2.22
12 91 6.95
12 92 9.19
12 93 6.27
12 94 5.91
12 95 1.29
12 96 8.35
12 97 2.14
12 98 4.41
12 99 7.94
13 14 2.11
13 15 7.20
13 16 9.03
13 17 1.39
13 18 3.16
13 19 8.15
13 20 4.23
13 21 7.76
13 22 9.27
13 23 1.22
13 24 2.84
13 25 9.23
13 26 2.35
13 27 2.56
13 28 3.87
13 29 6.90
13 30 2.59
13 31 9.39
13 32 6.10
13 33 7.32
13 34 7.36
13 35 5.45
13 36 4.05
13 37 6.75
13 38 7.89
13 39 1.67
13 40 0.35
13 41 0.97
13 42 9.12
13 43 6.36
13 44 5.27
13 45 1.96
13 46 5.00
13 47 2.40
13 48 3.06
13 49 1.93
13 50 9.24
13 51 0.64
13 52 3.53
13 53 2.55
13 54 5.70
13 55 0.20
13 56 6.18
13 57 7.17
13 58 7.71
13 59 3.11
13 60 2.85
13 61 5.92
13 62 2.48
13 63 8.44
13 64 1.30
13 65 3.88
13 66 7.84
13 67 5.38
13 68 1.50
13 69 6.46
13 70 3.25
13 71 4.36
13 72 0.67
13 73 1.07
13 74 1.06
13 75 3.70
13 76 3.37
13 77 0.53
13 78 9.81
13 79 3.40
13 80 9.50
13 81 6.81
13 82 0.91
13 83 5.05
13 84 5.72
13 85 2.79
13 86 3.44
13 87 2.88
13 88 7.63
13 89 5.81
13 90 5.38
13 91 7.54
13 92 2.07
13 93 4.39
13 94 1.00
13 95 0.18
13 96 1.26
13 97 3.93
13 98 1.21
13 99 8.69
14 15 5.46
14 16 8.23
14 17 4.71
14 18 2.08
14 19 3.65
14 20 1.59
14 21 8.77
14 22 7.72
14 23 0.11
14 24 0.08
14 25 6.68
14 26 9.70
14 27 6.84
14 28 9.97
14 29 7.40
14 30 2.65
14 31 6.98
14 32 4.95
14 33 7.09
14 34 4.79
14 35 0.14
14 36 3.66
14 37 3.80
14 38 5.01
14 39 0.74
14 40 3.94
14 41 4.97
14 42 9.34
14 43 4.76
14 44 7.71
14 45 3.53
14 46 6.28
14 47 4.24
14 48 7.58
14 49 5.69
14 50 7.17
14 51 1.71
14 52 8.95
14 53 3.23
14 54 8.57
14 55 5.33
14 56 3.13
14 57 3.97
14 58 2.16
14 59 3.89
14 60 2.65
14 61 1.69
14 62 9.73
14 63 4.17
14 64 5.88
14 65 3.55
14 66 2.42
14 67 0.23
14 68 9.52
14 69 0.51
14 70 2.86
14 71 8.57
14 72 2.58
14 73 2.95
14 74 5.86
14 75 0.09
14 76 4.63
14 77 8.94
14 78 0.62
14 79 0.02
14 80 8.43
14 81 2.32
14 82 0.88
14 83 2.66
14 84 4.48
14 85 2.77
14 86 0.28
14 87 7.64
14 88 5.05
14 89 9.28
14 90 6.69
14 91 0.64
14 92 9.24
14 93 2.56
14 94 9.68
14 95 8.35
14 96 5.19
14 97 8.08
14 98 1.33
14 99 3.34
15 16 5.58
15 17 3.17
15 18 9.87
15 19 1.60
15 20 1.63
15 21 6.66
15 22 4.82
15 23 5.65
15 24 0.59
15 25 4.05
15 26 0.69
15 27 6.99
15 28 3.68
15 29 2.82
15 30 6.22
15 31 5.45
15 32 8.63
15 33 1.63
15 34 9.99
15 35 6.54
15 36 5.53
15 37 1.31
15 38 9.95
15 39 9.27
15 40 8.74
15 41 7.23
15 42 4.75
15 43 0.40
15 44 3.35
15 45 3.58
15 46 0.93
15 47 9.02
15 48 6.14
15 49 4.00
15 50 5.10
15 51 7.30
15 52 0.44
15 53 8.99
15 54 2.00
15 55 6.12
15 56 4.17
15 57 1.31
15 58 6.87
15 59 4.38
15 60 4.88
15 61 7.84
15 62 5.72
15 63 0.40
15 64 8.09
15 65 6.01
15 66 1.54
15 67 3.09
15 68 1.45
15 69 3.29
15 70 5.00
15 71 7.22
15 72 4.06
15 73 6.49
15 74 2.87
15 75 9.66
15 76 2.61
15 77 3.32
15 78 8.71
15 79 9.44
15 80 5.83
15 81 6.98
15 82 2.69
15 83 2.15
15 84 9.56
15 85 2.69
15 86 0.68
15 87 7.12
15 88 1.38
15 89 7.53
15 90 9.91
15 91 0.59
15 92 4.10
15 93 5.02
15 94 4.82
15 95 4.46
15 96 4.61
15 97 3.72
15 98 8.19
15 99 8.68
16 17 6.59
16 18 9.46
16 19 4.84
16 20 4.73
16 21 8.69
16 22 1.32
16 23 7.42
16 24 9.91
16 25 2.02
16 26 4.92
16 27 9.83
16 28 9.43
16 29 5.29
16 30 8.80
16 31 7.25
16 32 1.12
16 33 4.87
16 34 7.50
16 35 0.78
16 36 8.44
16 37 5.23
16 38 0.68
16 39 9.95
16 40 0.05
16 41 0.99
16 42 5.76
16 43 0.03
16 44 3.84
16 45 9.99
16 46 8.23
16 47 9.51
16 48 2.27
16 49 3.70
16 50 6.23
16 51 8.27
16 52 2.40
16 53 9.81
16 54 6.73
16 55 2.41
16 56 5.91
16 57 8.29
16 58 5.72
16 59 1.39
16 60 4.83
16 61 1.50
16 62 0.06
16 63 2.39
16 64 2.38
16 65 0.32
16 66 6.32
16 67 9.46
16 68 7.57
16 69 2.83
16 70 1.73
16 71 5.46
16 72 0.61
16 73 3.33
16 74 3.97
16 75 2.64
16 76 7.31
16 77 5.16
16 78 0.29
16 79 8.46
16 80 9.05
16 81 5.57
16 82 1.46
16 83 4.66
16 84 1.33
16 85 1.05
16 86 3.43
16 87 1.92
16 88 3.59
16 89 2.36
16 90 1.28
16 91 6.44
16 92 9.08
16 93 6.86
16 94 9.78
16 95 8.24
16 96 0.20
16 97 8.55
16 98 3.57
16 99 5.04
17 18 6.38
17 19 2.55
17 20 2.37
17 21 2.97
17 22 4.05
17 23 3.10
17 24 5.62
17 25 3.16
17 26 0.97
17 27 2.10
17 28 8.02
17 29 6.93
17 30 9.93
17 31 9.41
17 32 3.59
17 33 3.51
17 34 3.13
17 35 7.88
17 36 9.79
17 37 7.22
17 38 7.49
17 39 2.94
17 40 0.53
17 41 2.76
17 42 1.08
17 43 2.88
17 44 2.18
17 45 6.49
17 46 3.56
17 47 5.82
17 48 1.80
17 49 9.37
17 50 2.16
17 51 2.74
17 52 1.92
17 53 3.71
17 54 6.48
17 55 8.50
17 56 8.30
17 57 7.90
17 58 9.61
17 59 0.63
17 60 3.19
17 61 0.63
17 62 0.70
17 63 1.23
17 64 4.92
17 65 5.66
17 66 4.59
17 67 4.42
17 68 2.19
17 69 3.37
17 70 3.59
17 71 3.05
17 72 3.05
17 73 4.32
17 74 5.31
17 75 4.33
17 76 7.95
17 77 5.67
17 78 4.79
17 79 7.80
17 80 9.15
17 81 0.59
17 82 7.99
17 83 3.35
17 84 1.41
17 85 6.46
17 86 7.13
17 87 7.83
17 88 2.95
17 89 3.31
17 90 4.99
17 91 7.53
17 92 9.45
17 93 5.48
17 94 3.01
17 95 9.51
17 96 2.51
17 97 6.77
17 98 0.25
17 99 3.60
18 19 9.34
18 20 9.22
18 21 8.80
18 22 7.29
18 23 0.28
18 24 2.66
18 25 9.49
18 26 2.96
18 27 6.27
18 28 5.90
18 29 8.53
18 30 4.28
18 31 1.26
18 32 5.05
18 33 0.04
18 34 7.23
18 35 9.89
18 36 5.54
18 37 5.33
18 38 1.10
18 39 7.68
18 40 3.35
18 41 5.79
18 42 4.57
18 43 9.84
18 44 6.58
18 45 7.16
18 46 5.91
18 47 6.99
18 48 0.33
18 49 5.75
18 50 0.26
18 51 6.31
18 52 5.84
18 53 5.26
18 54 4.02
18 55 7.83
18 56 0.60
18 57 9.29
18 58 9.02
18 59 2.49
18 60 9.88
18 61 5.09
18 62 3.93
18 63 6.32
18 64 6.56
18 65 1.51
18 66 3.21
18 67 4.57
18 68 1.47
18 69 9.15
18 70 0.57
18 71 0.88
18 72 3.33
18 73 6.61
18 74 5.00
18 75 9.27
18 76 1.66
18 77 3.36
18 78 7.87
18 79 7.17
18 80 0.06
18 81 9.78
18 82 7.87
18 83 6.00
18 84 0.58
18 85 6.02
18 86 9.61
18 87 1.76
18 88 0.05
18 89 9.80
18 90 0.25
18 91 4.53
18 92 3.31
18 93 6.56
18 94 7.64
18 95 6.22
18 96 1.28
18 97 7.55
18 98 1.32
18 99 5.88
19 20 2.23
19 21 5.34
19 22 5.39
19 23 9.06
19 24 5.44
19 25 1.55
19 26 5.20
19 27 3.48
19 28 8.22
19 29 5.42
19 30 4.07
19 31 1.00
19 32 0.70
19 33 1.97
19 34 5.10
19 35 4.55
19 36 6.49
19 37 0.80
19 38 7.44
19 39 6.62
19 40 2.28
19 41 9.91
19 42 4.84
19 43 2.55
19 44 4.34
19 45 2.71
19 46 1.86
19 47 0.61
19 48 4.70
19 49 0.86
19 50 6.08
19 51 1.80
19 52 5.67
19 53 1.52
19 54 2.55
19 55 1.81
19 56 3.20
19 57 9.70
19 58 5.28
19 59 6.88
19 60 5.51
19 61 8.77
19 62 4.91
19 63 9.53
19 64 7.30
19 65 0.98
19 66 1.46
19 67 9.74
19 68 4.61
19 69 9.32
19 70 0.73
19 71 9.11
19 72 6.98
19 73 9.22
19 74 1.60
19 75 4.61
19 76 4.99
19 77 7.59
19 78 0.38
19 79 8.97
19 80 0.85
19 81 0.86
19 82 0.02
19 83 4.96
19 84 0.48
19 85 1.21
19 86 6.92
19 87 0.62
19 88 9.54
19 89 8.32
19 90 8.58
19 91 7.69
19 92 3.30
19 93 4.82
19 94 5.55
19 95 1.33
19 96 7.49
19 97 7.68
19 98 0.20
19 99 5.08
20 21 3.67
20 22 4.00
20 23 7.97
20 24 8.51
20 25 0.84
20 26 7.53
20 27 4.43
20 28 7.97
20 29 7.64
20 30 8.71
20 31 6.06
20 32 3.99
20 33 7.87
20 34 5.63
20 35 1.08
20 36 5.28
20 37 3.27
20 38 8.27
20 39 5.36
20 40 6.07
20 41 2.76
20 42 5.37
20 43 4.42
20 44 2.71
20 45 8.16
20 46 0.51
20 47 7.76
20 48 7.70
20 49 6.07
20 50 9.70
20 51 5.54
20 52 7.60
20 53 6.41
20 54 4.18
20 55 4.41
20 56 1.61
20 57 9.92
20 58 3.32
20 59 4.77
20 60 7.21
20 61 5.96
20 62 9.32
20 63 4.99
20 64 4.00
20 65 7.65
20 66 0.76
20 67 6.73
20 68 1.85
20 69 1.34
20 70 3.03
20 71 8.35
20 72 0.36
20 73 8.18
20 74 5.41
20 75 1.58
20 76 5.08
20 77 5.65
20 78 0.80
20 79 4.31
20 80 5.49
20 81 9.40
20 82 7.67
20 83 2.83
20 84 5.78
20 85 4.09
20 86 1.77
20 87 5.21
20 88 1.79
20 89 4.22
20 90 5.40
20 91 1.84
20 92 1.69
20 93 0.81
20 94 2.73
20 95 7.05
20 96 1.67
20 97 5.60
20 98 0.53
20 99 7.45
21 22 0.79
21 23 9.39
21 24 7.25
21 25 7.44
21 26 7.34
21 27 6.82
21 28 0.20
21 29 5.01
21 30 9.79
21 31 1.43
21 32 2.28
21 33 0.92
21 34 2.76
21 35 2.31
21 36 0.97
21 37 5.33
21 38 4.05
21 39 6.42
21 40 2.84
21 41 2.42
21 42 1.35
21 43 6.38
21 44 1.80
21 45 3.47
21 46 3.59
21 47 2.74
21 48 1.11
21 49 9.51
21 50 8.09
21 51 5.10
21 52 6.88
21 53 2.26
21 54 1.77
21 55 3.02
21 56 5.02
21 57 4.78
21 58 4.52
21 59 9.10
21 60 2.87
21 61 4.28
21 62 7.54
21 63 6.99
21 64 0.76
21 65 8.92
21 66 2.58
21 67 1.02
21 68 1.48
21 69 5.66
21 70 1.07
21 71 5.20
21 72 6.24
21 73 6.89
21 74 1.70
21 75 5.22
21 76 9.61
21 77 2.03
21 78 8.92
21 79 7.86
21 80 9.47
21 81 4.68
21 82 0.72
21 83 1.57
21 84 8.34
21 85 0.57
21 86 8.81
21 87 1.50
21 88 2.94
21 89 4.57
21 90 2.04
21 91 1.25
21 92 6.39
21 93 5.97
21 94 8.03
21 95 1.35
21 96 3.45
21 97 2.55
21 98 9.28
21 99 0.68
22 23 4.15
22 24 2.18
22 25 2.97
22 26 7.71
22 27 5.05
22 28 3.63
22 29 7.56
22 30 1.21
22 31 9.90
22 32 1.14
22 33 7.88
22 34 7.32
22 35 6.84
22 36 5.55
22 37 1.86
22 38 0.89
22 39 2.82
22 40 4.94
22 41 0.75
22 42 8.23
22 43 3.02
22 44 9.32
22 45 9.77
22 46 2.83
22 47 2.85
22 48 2.31
22 49 4.49
22 50 1.65
22 51 0.00
22 52 9.82
22 53 3.86
22 54 6.90
22 55 0.93
22 56 0.38
22 57 5.78
22 58 7.15
22 59 4.89
22 60 4.84
22 61 2.29
22 62 5.08
22 63 7.93
22 64 8.11
22 65 3.62
22 66 8.10
22 67 4.62
22 68 1.85
22 69 4.92
22 70 2.16
22 71 5.45
22 72 1.33
22 73 3.91
22 74 6.04
22 75 6.63
22 76 2.51
22 77 6.40
22 78 7.35
22 79 7.38
22 80 3.56
22 81 1.03
22 82 0.25
22 83 2.46
22 84 9.99
22 85 6.77
22 86 4.50
22 87 3.93
22 88 7.23
22 89 9.83
22 90 6.45
22 91 7.68
22 92 0.21
22 93 2.14
22 94 3.90
22 95 9.98
22 96 9.70
22 97 5.94
22 98 6.76
22 99 4.62
23 24 2.67
23 25 3.70
23 26 6.91
23 27 2.15
23 28 6.89
23 29 9.80
23 30 6.01
23 31 0.93
23 32 3.37
23 33 8.60
23 34 2.58
23 35 2.84
23 36 2.02
23 37 6.20
23 38 8.35
23 39 9.71
23 40 7.08
23 41 5.60
23 42 0.16
23 43 0.82
23 44 5.32
23 45 5.00
23 46 6.27
23 47 8.96
23 48 6.30
23 49 4.59
23 50 9.72
23 51 3.25
23 52 5.19
23 53 6.37
23 54 1.92
23 55 1.03
23 56 8.61
23 57 4.93
23 58 2.43
23 59 5.72
23 60 7.19
23 61 1.19
23 62 1.15
23 63 7.62
23 64 4.09
23 65 8.46
23 66 2.44
23 67 2.48
23 68 0.55
23 69 1.26
23 70 8.66
23 71 1.62
23 72 4.74
23 73 1.32
23 74 5.79
23 75 8.06
23 76 8.08
23 77 9.51
23 78 2.64
23 79 8.17
23 80 2.44
23 81 3.85
23 82 4.89
23 83 5.52
23 84 2.10
23 85 7.28
23 86 2.17
23 87 1.06
23 88 1.46
23 89 1.24
23 90 2.07
23 91 4.10
23 92 9.24
23 93 6.87
23 94 7.49
23 95 2.48
23 96 6.81
23 97 8.39
23 98 3.41
23 99 5.10
24 25 4.37
24 26 2.54
24 27 8.13
24 28 8.07
24 29 7.69
24 30 8.80
24 31 1.83
24 32 3.99
24 33 9.87
24 34 2.84
24 35 6.60
24 36 9.51
24 37 2.73
24 38 8.11
24 39 4.10
24 40 1.56
24 41 4.29
24 42 4.45
24 43 4.52
24 44 1.40
24 45 9.38
24 46 8.39
24 47 6.94
24 48 7.83
24 49 0.00
24 50 0.06
24 51 8.29
24 52 9.92
24 53 5.37
24 54 7.90
24 55 9.24
24 56 4.49
24 57 5.74
24 58 8.51
24 59 8.14
24 60 4.55
24 61 9.39
24 62 9.14
24 63 2.03
24 64 9.33
24 65 2.34
24 66 9.20
24 67 9.08
24 68 7.04
24 69 2.73
24 70 5.73
24 71 2.75
24 72 4.60
24 73 7.43
24 74 6.20
24 75 1.08
24 76 9.45
24 77 0.53
24 78 3.84
24 79 9.21
24 80 6.20
24 81 2.14
24 82 6.97
24 83 9.45
24 84 4.15
24 85 0.57
24 86 8.11
24 87 7.17
24 88 5.32
24 89 9.84
24 90 0.95
24 91 6.33
24 92 3.45
24 93 1.90
24 94 1.84
24 95 6.25
24 96 0.69
24 97 5.57
24 98 3.60
24 99 5.85
25 26 2.68
25 27 0.05
25 28 3.63
25 29 1.07
25 30 7.33
25 31 6.99
25 32 5.02
25 33 0.19
25 34 1.43
25 35 6.19
25 36 6.02
25 37 1.91
25 38 8.77
25 39 7.27
25 40 4.93
25 41 8.91
25 42 9.97
25 43 7.40
25 44 7.68
25 45 3.08
25 46 0.06
25 47 1.25
25 48 7.85
25 49 3.86
25 50 9.09
25 51 4.90
25 52 7.41
25 53 5.41
25 54 0.20
25 55 3.10
25 56 9.34
25 57 0.12
25 58 0.43
25 59 7.18
25 60 3.00
25 61 7.53
25 62 8.24
25 63 0.22
25 64 1.10
25 65 3.12
25 66 1.46
25 67 9.81
25 68 6.36
25 69 9.04
25 70 9.05
25 71 9.59
25 72 0.75
25 73 5.89
25 74 4.60
25 75 2.40
25 76 3.51
25 77 0.88
25 78 3.99
25 79 6.27
25 80 8.54
25 81 4.86
25 82 1.91
25 83 0.74
25 84 8.32
25 85 9.44
25 86 8.51
25 87 9.51
25 88 6.49
25 89 3.35
25 90 7.45
25 91 7.66
25 92 5.37
25 93 6.21
25 94 9.23
25 95 7.13
25 96 6.11
25 97 0.02
25 98 0.98
25 99 8.31
26 27 6.36
26 28 3.81
26 29 4.11
26 30 3.15
26 31 8.87
26 32 8.02
26 33 4.85
26 34 4.86
26 35 8.78
26 36 1.26
26 37 7.28
26 38 9.61
26 39 5.53
26 40 4.31
26 41 0.40
26 42 5.98
26 43 8.73
26 44 5.07
26 45 4.57
26 46 7.38
26 47 9.00
26 48 7.29
26 49 9.49
26 50 7.56
26 51 2.15
26 52 8.23
26 53 0.62
26 54 0.52
26 55 7.98
26 56 3.26
26 57 9.90
26 58 8.16
26 59 5.91
26 60 1.36
26 61 7.54
26 62 4.05
26 63 7.75
26 64 7.85
26 65 0.45
26 66 2.73
26 67 9.47
26 68 2.36
26 69 4.68
26 70 0.44
26 71 2.67
26 72 3.59
26 73 6.90
26 74 5.54
26 75 0.77
26 76 6.80
26 77 8.05
26 78 8.09
26 79 0.40
26 80 5.21
26 81 5.45
26 82 4.02
26 83 6.97
26 84 5.94
26 85 7.55
26 86 6.52
26 87 3.44
26 88 0.77
26 89 3.11
26 90 9.49
26 91 8.18
26 92 4.06
26 93 8.80
26 94 2.92
26 95 6.79
26 96 10.00
26 97 9.02
26 98 6.39
26 99 4.36
27 28 8.71
27 29 9.33
27 30 4.21
27 31 1.37
27 32 3.11
27 33 0.79
27 34 5.77
27 35 1.06
27 36 6.44
27 37 5.49
27 38 7.80
27 39 7.48
27 40 2.60
27 41 3.46
27 42 1.80
27 43 1.17
27 44 3.82
27 45 9.20
27 46 1.19
27 47 3.75
27 48 8.24
27 49 4.59
27 50 9.44
27 51 5.77
27 52 9.72
27 53 2.83
27 54 5.39
27 55 0.55
27 56 9.12
27 57 6.59
27 58 9.72
27 59 6.43
27 60 3.20
27 61 5.98
27 62 7.62
27 63 1.68
27 64 2.04
27 65 4.09
27 66 7.16
27 67 9.97
27 68 0.11
27 69 0.71
27 70 0.14
27 71 1.98
27 72 3.26
27 73 9.43
27 74 0.59
27 75 5.62
27 76 1.44
27 77 5.04
27 78 0.70
27 79 9.54
27 80 0.34
27 81 0.18
27 82 6.80
27 83 7.19
27 84 8.62
27 85 2.26
27 86 4.20
27 87 8.44
27 88 4.51
27 89 7.37
27 90 4.50
27 91 8.26
27 92 9.84
27 93 6.63
27 94 5.43
27 95 9.98
27 96 0.67
27 97 8.05
27 98 4.04
27 99 8.90
28 29 3.49
28 30 7.68
28 31 9.10
28 32 1.46
28 33 0.29
28 34 5.92
28 35 3.03
28 36 9.71
28 37 9.82
28 38 5.47
28 39 5.51
28 40 9.81
28 41 7.79
28 42 8.76
28 43 8.68
28 44 0.50
28 45 9.94
28 46 8.53
28 47 2.58
28 48 2.24
28 49 2.85
28 50 9.70
28 51 3.68
28 52 9.93
28 53 3.69
28 54 8.66
28 55 0.17
28 56 7.21
28 57 6.83
28 58 6.09
28 59 3.90
28 60 5.23
28 61 5.88
28 62 5.04
28 63 4.42
28 64 9.63
28 65 3.19
28 66 2.81
28 67 9.68
28 68 3.54
28 69 0.86
28 70 6.17
28 71 5.20
28 72 1.15
28 73 1.83
28 74 6.71
28 75 0.47
28 76 6.06
28 77 2.65
28 78 9.66
28 79 3.40
28 80 9.45
28 81 7.61
28 82 1.97
28 83 9.64
28 84 5.32
28 85 3.58
28 86 5.28
28 87 5.24
28 88 8.20
28 89 5.31
28 90 1.01
28 91 6.62
28 92 5.20
28 93 4.18
28 94 5.00
28 95 3.13
28 96 0.55
28 97 0.02
28 98 8.66
28 99 8.75
29 30 0.19
29 31 0.56
29 32 4.12
29 33 7.26
29 34 6.47
29 35 6.35
29 36 7.36
29 37 6.11
29 38 7.01
29 39 7.88
29 40 0.91
29 41 2.75
29 42 3.98
29 43 9.99
29 44 7.89
29 45 4.13
29 46 4.61
29 47 0.20
29 48 7.07
29 49 4.06
29 50 3.68
29 51 1.28
29 52 6.40
29 53 5.31
29 54 7.95
29 55 0.15
29 56 8.80
29 57 4.37
29 58 5.63
29 59 3.91
29 60 4.64
29 61 6.36
29 62 2.59
29 63 5.96
29 64 5.38
29 65 5.91
29 66 3.59
29 67 1.81
29 68 3.54
29 69 6.06
29 70 5.11
29 71 5.88
29 72 3.91
29 73 5.26
29 74 3.10
29 75 5.27
29 76 6.49
29 77 9.11
29 78 6.05
29 79 5.53
29 80 6.13
29 81 1.04
29 82 4.60
29 83 1.55
29 84 2.68
29 85 0.60
29 86 1.68
29 87 9.80
29 88 6.09
29 89 0.23
29 90 3.67
29 91 8.79
29 92 5.26
29 93 6.18
29 94 8.42
29 95 2.35
29 96 8.16
29 97 2.43
29 98 1.48
29 99 1.97
30 31 2.95
30 32 4.61
30 33 1.72
30 34 5.52
30 35 5.45
30 36 9.94
30 37 0.57
30 38 4.58
30 39 9.79
30 40 0.37
30 41 2.76
30 42 6.56
30 43 2.57
30 44 3.24
30 45 3.02
30 46 5.67
30 47 2.79
30 48 8.60
30 49 0.87
30 50 1.99
30 51 9.97
30 52 8.68
30 53 5.70
30 54 0.90
30 55 0.89
30 56 1.27
30 57 7.90
30 58 6.59
30 59 1.19
30 60 8.92
30 61 0.07
30 62 8.02
30 63 0.58
30 64 0.16
30 65 8.68
30 66 8.44
30 67 1.63
30 68 3.88
30 69 8.24
30 70 6.47
30 71 1.60
30 72 4.81
30 73 6.18
30 74 6.09
30 75 6.10
30 76 8.85
30 77 2.13
30 78 0.40
30 79 0.56
30 80 3.12
30 81 8.96
30 82 4.92
30 83 7.90
30 84 7.38
30 85 3.12
30 86 3.85
30 87 6.46
30 88 2.90
30 89 6.89
30 90 4.92
30 91 9.99
30 92 5.44
30 93 2.56
30 94 6.41
30 95 8.34
30 96 8.49
30 97 2.33
30 98 0.93
30 99 1.23
31 32 3.04
31 33 9.21
31 34 3.85
31 35 5.42
31 36 8.97
31 37 4.16
31 38 4.08
31 39 6.72
31 40 1.07
31 41 3.24
31 42 6.39
31 43 3.30
31 44 3.11
31 45 4.76
31 46 8.52
31 47 8.46
31 48 3.77
31 49 0.24
31 50 0.36
31 51 8.13
31 52 2.76
31 53 5.29
31 54 2.05
31 55 8.85
31 56 3.28
31 57 3.32
31 58 4.81
31 59 7.70
31 60 3.32
31 61 5.42
31 62 4.97
31 63 2.65
31 64 0.31
31 65 8.27
31 66 2.44
31 67 0.25
31 68 7.63
31 69 4.89
31 70 8.02
31 71 3.17
31 72 5.79
31 73 3.33
31 74 8.64
31 75 4.37
31 76 2.12
31 77 6.32
31 78 5.43
31 79 2.43
31 80 9.49
31 81 0.27
31 82 6.96
31 83 4.85
31 84 2.85
31 85 5.08
31 86 4.12
31 87 0.26
31 88 9.53
31 89 7.60
31 90 9.19
31 91 7.68
31 92 3.52
31 93 2.62
31 94 3.10
31 95 9.77
31 96 8.96
31 97 7.39
31 98 2.21
31 99 3.03
32 33 1.30
32 34 4.62
32 35 8.00
32 36 0.15
32 37 1.54
32 38 2.79
32 39 1.93
32 40 0.09
32 41 9.18
32 42 3.86
32 43 6.30
32 44 0.10
32 45 4.70
32 46 8.83
32 47 8.19
32 48 6.30
32 49 3.34
32 50 8.23
32 51 1.53
32 52 2.54
32 53 6.12
32 54 8.87
32 55 0.26
32 56 8.93
32 57 4.91
32 58 7.06
32 59 0.10
32 60 7.48
32 61 1.37
32 62 1.99
32 63 0.54
32 64 8.52
32 65 2.22
32 66 3.34
32 67 0.23
32 68 3.37
32 69 9.27
32 70 1.20
32 71 5.64
32 72 0.47
32 73 9.45
32 74 3.43
32 75 2.72
32 76 9.31
32 77 2.39
32 78 7.61
32 79 0.44
32 80 0.81
32 81 9.52
32 82 8.79
32 83 1.44
32 84 1.53
32 85 1.93
32 86 9.39
32 87 9.46
32 88 9.75
32 89 3.35
32 90 0.31
32 91 2.31
32 92 6.72
32 93 6.92
32 94 7.47
32 95 4.11
32 96 8.96
32 97 4.47
32 98 5.94
32 99 2.20
33 34 7.77
33 35 4.82
33 36 5.19
33 37 0.50
33 38 7.72
33 39 1.67
33 40 7.82
33 41 6.97
33 42 9.49
33 43 7.34
33 44 2.41
33 45 2.94
33 46 9.81
33 47 8.97
33 48 6.81
33 49 6.49
33 50 2.70
33 51 6.70
33 52 7.16
33 53 7.64
33 54 2.95
33 55 7.82
33 56 6.77
33 57 9.36
33 58 3.82
33 59 7.01
33 60 6.91
33 61 3.96
33 62 7.87
33 63 9.55
33 64 3.15
33 65 0.37
33 66 2.90
33 67 1.33
33 68 3.51
33 69 9.39
33 70 3.81
33 71 7.13
33 72 5.18
33 73 5.55
33 74 3.60
33 75 4.13
33 76 7.54
33 77 1.11
33 78 3.25
33 79 7.35
33 80 3.01
33 81 2.57
33 82 2.47
33 83 0.66
33 84 5.84
33 85 1.22
33 86 9.76
33 87 9.50
33 88 1.38
33 89 2.02
33 90 5.32
33 91 9.81
33 92 5.32
33 93 9.42
33 94 3.64
33 95 0.34
33 96 1.29
33 97 9.48
33 98 6.26
33 99 6.43
34 35 2.95
34 36 2.83
34 37 3.26
34 38 0.31
34 39 7.08
34 40 2.52
34 41 9.27
34 42 9.70
34 43 5.46
34 44 1.21
34 45 1.83
34 46 0.63
34 47 4.93
34 48 2.90
34 49 3.57
34 50 2.07
34 51 6.64
34 52 3.41
34 53 3.14
34 54 5.34
34 55 7.27
34 56 7.45
34 57 3.23
34 58 5.09
34 59 5.55
34 60 8.58
34 61 8.49
34 62 7.77
34 63 7.35
34 64 4.07
34 65 0.27
34 66 3.23
34 67 6.49
34 68 0.12
34 69 0.87
34 70 0.92
34 71 3.16
34 72 6.97
34 73 1.92
34 74 2.79
34 75 1.56
34 76 9.46
34 77 7.53
34 78 0.96
34 79 2.39
34 80 6.10
34 81 5.13
34 82 4.67
34 83 0.41
34 84 8.38
34 85 9.57
34 86 2.93
34 87 7.38
34 88 1.96
34 89 7.63
34 90 3.82
34 91 5.41
34 92 1.87
34 93 2.71
34 94 7.47
34 95 7.95
34 96 3.23
34 97 0.44
34 98 2.87
34 99 7.90
35 36 9.15
35 37 1.00
35 38 0.77
35 39 4.67
35 40 9.45
35 41 5.66
35 42 2.79
35 43 5.88
35 44 5.78
35 45 0.58
35 46 6.07
35 47 5.99
35 48 3.01
35 49 5.58
35 50 9.07
35 51 5.41
35 52 8.65
35 53 9.93
35 54 6.73
35 55 4.03
35 56 4.14
35 57 6.12
35 58 0.32
35 59 1.53
35 60 8.16
35 61 1.61
35 62 0.02
35 63 5.63
35 64 3.22
35 65 6.09
35 66 3.39
35 67 9.50
35 68 3.14
35 69 5.46
35 70 5.23
35 71 7.09
35 72 8.28
35 73 5.07
35 74 3.56
35 75 4.05
35 76 9.43
35 77 7.95
35 78 3.73
35 79 7.04
35 80 2.89
35 81 9.57
35 82 2.33
35 83 2.62
35 84 5.52
35 85 5.67
35 86 6.90
35 87 4.52
35 88 7.29
35 89 7.29
35 90 9.71
35 91 1.68
35 92 5.12
35 93 1.00
35 94 4.65
35 95 4.91
35 96 1.11
35 97 4.33
35 98 7.91
35 99 1.78
36 37 2.38
36 38 2.96
36 39 4.17
36 40 6.43
36 41 1.05
36 42 7.47
36 43 0.50
36 44 8.13
36 45 4.84
36 46 7.70
36 47 0.01
36 48 7.01
36 49 3.38
36 50 0.49
36 51 7.72
36 52 6.63
36 53 7.93
36 54 2.09
36 55 4.26
36 56 3.68
36 57 1.78
36 58 0.40
36 59 0.17
36 60 5.43
36 61 4.51
36 62 7.08
36 63 2.82
36 64 1.99
36 65 0.51
36 66 0.78
36 67 1.29
36 68 2.37
36 69 1.39
36 70 2.34
36 71 1.85
36 72 4.36
36 73 6.78
36 74 4.03
36 75 9.56
36 76 1.99
36 77 7.87
36 78 1.60
36 79 7.56
36 80 3.77
36 81 6.36
36 82 8.77
36 83 6.29
36 84 0.99
36 85 0.95
36 86 2.24
36 87 5.07
36 88 9.66
36 89 3.72
36 90 6.25
36 91 4.88
36 92 7.69
36 93 5.36
36 94 1.39
36 95 6.47
36 96 7.11
36 97 6.88
36 98 3.43
36 99 1.85
37 38 9.89
37 39 8.07
37 40 1.34
37 41 4.56
37 42 6.04
37 43 5.62
37 44 4.30
37 45 2.81
37 46 8.38
37 47 1.11
37 48 8.85
37 49 5.09
37 50 6.72
37 51 8.85
37 52 1.64
37 53 6.48
37 54 8.77
37 55 5.79
37 56 8.90
37 57 7.43
37 58 3.85
37 59 7.57
37 60 1.65
37 61 0.10
37 62 8.42
37 63 6.54
37 64 6.42
37 65 2.40
37 66 8.64
37 67 0.10
37 68 9.35
37 69 4.00
37 70 2.08
37 71 9.86
37 72 5.83
37 73 1.13
37 74 2.78
37 75 1.93
37 76 7.30
37 77 9.19
37 78 1.85
37 79 9.71
37 80 2.19
37 81 2.50
37 82 6.99
37 83 7.44
37 84 5.76
37 85 6.65
37 86 6.69
37 87 5.69
37 88 7.03
37 89 6.87
37 90 4.96
37 91 8.28
37 92 3.72
37 93 4.20
37 94 4.23
37 95 1.07
37 96 4.37
37 97 4.38
37 98 3.59
37 99 1.05
38 39 4.26
38 40 2.86
38 41 5.78
38 42 6.31
38 43 0.85
38 44 7.14
38 45 5.36
38 46 8.86
38 47 9.89
38 48 1.01
38 49 7.43
38 50 8.78
38 51 7.14
38 52 0.21
38 53 6.07
38 54 4.68
38 55 2.56
38 56 5.76
38 57 5.81
38 58 2.51
38 59 2.59
38 60 9.71
38 61 9.07
38 62 1.41
38 63 4.15
38 64 8.80
38 65 9.50
38 66 9.49
38 67 0.74
38 68 0.32
38 69 4.30
38 70 8.17
38 71 1.68
38 72 2.05
38 73 9.57
38 74 2.87
38 75 2.45
38 76 9.23
38 77 8.45
38 78 0.69
38 79 4.81
38 80 4.91
38 81 6.20
38 82 2.24
38 83 7.60
38 84 3.06
38 85 8.20
38 86 6.46
38 87 3.44
38 88 0.12
38 89 4.24
38 90 0.81
38 91 5.78
38 92 0.23
38 93 9.27
38 94 7.61
38 95 6.32
38 96 9.92
38 97 2.50
38 98 4.29
38 99 3.00
39 40 8.07
39 41 8.87
39 42 9.18
39 43 0.49
39 44 1.73
39 45 7.28
39 46 0.86
39 47 3.51
39 48 1.21
39 49 5.01
39 50 0.86
39 51 5.22
39 52 6.20
39 53 3.37
39 54 7.44
39 55 5.62
39 56 0.21
39 57 9.70
39 58 4.21
39 59 2.02
39 60 3.71
39 61 9.71
39 62 4.16
39 63 3.15
39 64 6.95
39 65 3.69
39 66 5.64
39 67 8.14
39 68 7.31
39 69 8.37
39 70 0.74
39 71 1.18
39 72 6.15
39 73 4.90
39 74 4.69
39 75 3.10
39 76 1.94
39 77 5.19
39 78 8.56
39 79 0.45
39 80 1.87
39 81 0.04
39 82 6.77
39 83 3.73
39 84 8.58
39 85 3.49
39 86 5.82
39 87 4.43
39 88 7.41
39 89 2.32
39 90 4.10
39 91 1.98
39 92 2.62
39 93 6.72
39 94 1.14
39 95 6.59
39 96 7.18
39 97 6.08
39 98 9.83
39 99 0.31
40 41 2.59
40 42 8.20
40 43 8.28
40 44 1.54
40 45 3.77
40 46 5.99
40 47 2.61
40 48 7.88
40 49 9.84
40 50 9.23
40 51 1.70
40 52 0.00
40 53 3.20
40 54 1.73
40 55 6.95
40 56 8.09
40 57 8.31
40 58 4.72
40 59 1.67
40 60 0.54
40 61 9.15
40 62 8.50
40 63 4.34
40 64 9.53
40 65 1.27
40 66 9.57
40 67 9.06
40 68 0.47
40 69 3.57
40 70 5.52
40 71 9.13
40 72 2.24
40 73 7.48
40 74 4.41
40 75 7.21
40 76 9.54
40 77 4.92
40 78 7.37
40 79 3.28
40 80 6.43
40 81 1.52
40 82 4.40
40 83 5.55
40 84 4.45
40 85 1.10
40 86 0.10
40 87 8.20
40 88 5.91
40 89 4.50
40 90 8.05
40 91 2.00
40 92 3.00
40 93 8.97
40 94 6.04
40 95 9.75
40 96 8.07
40 97 7.02
40 98 1.64
40 99 2.50
41 42 2.39
41 43 1.10
41 44 4.14
41 45 4.36
41 46 6.79
41 47 4.67
41 48 3.45
41 49 1.65
41 50 8.29
41 51 0.97
41 52 0.99
41 53 2.54
41 54 8.49
41 55 8.57
41 56 6.20
41 57 6.37
41 58 7.16
41 59 5.70
41 60 1.04
41 61 1.37
41 62 0.97
41 63 6.54
41 64 2.25
41 65 1.96
41 66 6.47
41 67 6.05
41 68 7.00
41 69 3.42
41 70 8.17
41 71 3.67
41 72 6.63
41 73 9.39
41 74 1.67
41 75 2.91
41 76 2.38
41 77 7.91
41 78 2.34
41 79 5.25
41 80 5.39
41 81 9.65
41 82 8.11
41 83 6.55
41 84 8.89
41 85 1.33
41 86 6.89
41 87 8.64
41 88 4.37
41 89 4.17
41 90 6.32
41 91 0.62
41 92 5.55
41 93 7.42
41 94 3.07
41 95 2.86
41 96 3.32
41 97 2.05
41 98 9.61
41 99 9.66
42 43 4.56
42 44 4.16
42 45 8.75
42 46 9.48
42 47 4.52
42 48 1.12
42 49 9.45
42 50 9.17
42 51 9.95
42 52 9.45
42 53 6.49
42 54 8.34
42 55 4.88
42 56 3.57
42 57 1.03
42 58 0.78
42 59 0.62
42 60 3.34
42 61 1.32
42 62 1.05
42 63 9.35
42 64 6.00
42 65 8.39
42 66 9.38
42 67 4.93
42 68 0.72
42 69 8.94
42 70 6.37
42 71 3.02
42 72 2.35
42 73 0.98
42 74 8.81
42 75 7.79
42 76 5.74
42 77 6.60
42 78 5.11
42 79 7.19
42 80 7.33
42 81 0.83
42 82 3.96
42 83 1.13
42 84 0.96
42 85 1.31
42 86 0.20
42 87 2.93
42 88 9.53
42 89 8.30
42 90 2.74
42 91 0.40
42 92 8.56
42 93 5.74
42 94 0.39
42 95 1.48
42 96 0.86
42 97 3.10
42 98 0.15
42 99 9.90
43 44 6.83
43 45 0.09
43 46 8.26
43 47 7.55
43 48 9.29
43 49 6.36
43 50 6.06
43 51 3.64
43 52 8.44
43 53 7.92
43 54 8.76
43 55 7.24
43 56 1.62
43 57 1.19
43 58 3.66
43 59 4.60
43 60 6.43
43 61 7.01
43 62 6.34
43 63 9.47
43 64 7.95
43 65 6.54
43 66 4.97
43 67 0.68
43 68 3.16
43 69 8.23
43 70 7.22
43 71 1.66
43 72 4.19
43 73 5.87
43 74 5.50
43 75 6.18
43 76 6.43
43 77 9.52
43 78 5.96
43 79 0.33
43 80 4.69
43 81 2.99
43 82 3.71
43 83 0.48
43 84 7.59
43 85 9.06
43 86 2.68
43 87 7.29
43 88 5.07
43 89 2.77
43 90 5.55
43 91 2.06
43 92 0.40
43 93 8.19
43 94 2.71
43 95 7.12
43 96 1.69
43 97 9.29
43 98 7.69
43 99 9.34
44 45 3.38
44 46 4.03
44 47 5.98
44 48 7.41
44 49 8.67
44 50 5.32
44 51 3.33
44 52 5.62
44 53 7.48
44 54 3.67
44 55 7.56
44 56 0.98
44 57 3.45
44 58 0.25
44 59 6.14
44 60 7.42
44 61 0.72
44 62 4.08
44 63 6.11
44 64 6.01
44 65 0.72
44 66 9.21
44 67 4.23
44 68 2.84
44 69 6.16
44 70 7.00
44 71 7.13
44 72 6.08
44 73 1.79
44 74 1.37
44 75 7.22
44 76 1.04
44 77 6.44
44 78 0.82
44 79 5.52
44 80 2.44
44 81 4.69
44 82 4.30
44 83 2.15
44 84 8.30
44 85 3.11
44 86 0.36
44 87 9.83
44 88 9.54
44 89 7.39
44 90 3.84
44 91 4.62
44 92 3.64
44 93 4.35
44 94 5.85
44 95 3.32
44 96 3.54
44 97 8.66
44 98 9.97
44 99 9.62
45 46 6.11
45 47 5.59
45 48 6.73
45 49 0.46
45 50 7.57
45 51 8.06
45 52 7.69
45 53 3.60
45 54 8.25
45 55 2.77
45 56 4.69
45 57 8.39
45 58 8.31
45 59 0.69
45 60 4.59
45 61 4.20
45 62 3.51
45 63 2.59
45 64 1.42
45 65 1.44
45 66 6.45
45 67 2.49
45 68 4.04
45 69 1.45
45 70 9.57
45 71 1.05
45 72 4.17
45 73 1.85
45 74 9.43
45 75 7.35
45 76 1.19
45 77 6.12
45 78 6.32
45 79 8.45
45 80 9.52
45 81 0.02
45 82 9.77
45 83 6.57
45 84 3.31
45 85 9.74
45 86 8.13
45 87 1.67
45 88 1.93
45 89 1.00
45 90 1.86
45 91 1.26
45 92 6.49
45 93 6.46
45 94 8.52
45 95 0.68
45 96 6.29
45 97 2.93
45 98 8.69
45 99 8.58
46 47 3.26
46 48 7.97
46 49 6.76
46 50 3.81
46 51 2.79
46 52 6.94
46 53 3.86
46 54 7.09
46 55 2.88
46 56 6.67
46 57 6.30
46 58 6.73
46 59 7.88
46 60 0.00
46 61 3.60
46 62 8.58
46 63 9.27
46 64 6.64
46 65 9.73
46 66 6.86
46 67 9.88
46 68 2.39
46 69 0.77
46 70 8.58
46 71 4.55
46 72 0.18
46 73 6.51
46 74 2.07
46 75 7.02
46 76 1.79
46 77 4.99
46 78 4.13
46 79 4.27
46 80 0.10
46 81 8.60
46 82 5.28
46 83 4.03
46 84 9.59
46 85 9.82
46 86 8.65
46 87 0.87
46 88 8.57
46 89 7.02
46 90 9.32
46 91 1.70
46 92 4.14
46 93 8.14
46 94 7.69
46 95 8.35
46 96 2.83
46 97 7.74
46 98 4.94
46 99 0.09
47 48 8.75
47 49 7.45
47 50 5.76
47 51 4.31
47 52 1.44
47 53 2.25
47 54 2.35
47 55 7.40
47 56 0.59
47 57 4.33
47 58 5.93
47 59 0.44
47 60 2.16
47 61 8.20
47 62 9.46
47 63 5.36
47 64 5.32
47 65 8.66
47 66 6.27
47 67 0.51
47 68 3.62
47 69 3.90
47 70 6.04
47 71 1.74
47 72 6.05
47 73 5.17
47 74 5.80
47 75 4.18
47 76 0.72
47 77 2.05
47 78 8.76
47 79 5.51
47 80 5.86
47 81 5.12
47 82 3.36
47 83 2.38
47 84 1.91
47 85 8.05
47 86 8.62
47 87 3.72
47 88 5.89
47 89 2.37
47 90 1.00
47 91 4.27
47 92 9.59
47 93 3.41
47 94 3.99
47 95 5.65
47 96 0.36
47 97 1.83
47 98 0.66
47 99 4.95
48 49 8.63
48 50 6.42
48 51 0.07
48 52 4.21
48 53 5.35
48 54 1.40
48 55 2.01
48 56 4.47
48 57 8.07
48 58 0.62
48 59 9.19
48 60 0.40
48 61 6.88
48 62 7.53
48 63 7.15
48 64 8.20
48 65 2.74
48 66 2.48
48 67 7.07
48 68 6.83
48 69 7.46
48 70 4.50
48 71 9.65
48 72 7.00
48 73 7.33
48 74 9.49
48 75 7.55
48 76 5.75
48 77 3.22
48 78 5.64
48 79 9.79
48 80 7.36
48 81 6.29
48 82 6.25
48 83 3.48
48 84 5.06
48 85 4.89
48 86 0.30
48 87 4.34
48 88 2.61
48 89 1.76
48 90 6.22
48 91 4.74
48 92 4.36
48 93 0.14
48 94 2.05
48 95 8.48
48 96 9.01
48 97 9.09
48 98 6.58
48 99 1.62
49 50 8.46
49 51 6.98
49 52 3.27
49 53 1.90
49 54 2.50
49 55 1.56
49 56 5.26
49 57 6.45
49 58 5.17
49 59 1.27
49 60 5.80
49 61 4.03
49 62 3.88
49 63 5.07
49 64 5.04
49 65 1.24
49 66 9.85
49 67 2.75
49 68 8.89
49 69 8.81
49 70 5.63
49 71 1.40
49 72 3.59
49 73 4.71
49 74 6.81
49 75 6.97
49 76 5.77
49 77 2.05
49 78 5.30
49 79 6.67
49 80 1.18
49 81 0.39
49 82 5.37
49 83 8.28
49 84 8.60
49 85 3.47
49 86 5.67
49 87 3.04
49 88 9.93
49 89 7.40
49 90 4.21
49 91 0.10
49 92 8.43
49 93 8.56
49 94 2.30
49 95 9.03
49 96 2.46
49 97 1.68
49 98 7.52
49 99 3.78
50 51 1.42
50 52 7.33
50 53 1.83
50 54 4.47
50 55 4.97
50 56 7.27
50 57 6.72
50 58 7.29
50 59 8.81
50 60 2.43
50 61 9.40
50 62 0.09
50 63 8.36
50 64 7.28
50 65 4.93
50 66 2.41
50 67 2.30
50 68 0.18
50 69 3.19
50 70 9.04
50 71 8.36
50 72 0.62
50 73 2.02
50 74 0.37
50 75 0.77
50 76 3.34
50 77 5.44
50 78 3.65
50 79 8.00
50 80 9.18
50 81 4.65
50 82 7.72
50 83 2.23
50 84 7.12
50 85 5.42
50 86 6.67
50 87 7.91
50 88 3.93
50 89 5.75
50 90 8.52
50 91 9.03
50 92 7.15
50 93 4.02
50 94 0.83
50 95 2.85
50 96 4.59
50 97 0.32
50 98 9.33
50 99 9.93
51 52 2.97
51 53 7.47
51 54 9.03
51 55 8.78
51 56 5.66
51 57 0.09
51 58 6.97
51 59 3.22
51 60 3.11
51 61 4.20
51 62 9.09
51 63 6.19
51 64 2.18
51 65 2.87
51 66 8.90
51 67 2.73
51 68 8.97
51 69 7.97
51 70 6.50
51 71 8.28
51 72 3.68
51 73 6.85
51 74 2.97
51 75 8.85
51 76 7.67
51 77 4.07
51 78 8.57
51 79 9.86
51 80 7.94
51 81 9.14
51 82 6.50
51 83 3.14
51 84 6.63
51 85 5.99
51 86 2.37
51 87 2.97
51 88 7.05
51 89 7.06
51 90 4.58
51 91 8.66
51 92 3.61
51 93 2.09
51 94 6.23
51 95 8.96
51 96 9.35
51 97 7.72
51 98 4.65
51 99 7.66
52 53 6.93
52 54 2.18
52 55 1.17
52 56 6.41
52 57 4.66
52 58 6.74
52 59 1.17
52 60 1.11
52 61 2.86
52 62 1.34
52 63 4.03
52 64 9.17
52 65 6.86
52 66 6.83
52 67 2.10
52 68 4.62
52 69 2.17
52 70 8.91
52 71 8.03
52 72 6.64
52 73 1.44
52 74 2.26
52 75 3.77
52 76 3.90
52 77 5.31
52 78 6.16
52 79 8.87
52 80 1.44
52 81 2.47
52 82 9.83
52 83 0.92
52 84 7.12
52 85 3.71
52 86 1.13
52 87 4.35
52 88 8.28
52 89 7.35
52 90 0.78
52 91 5.62
52 92 0.35
52 93 7.80
52 94 0.73
52 95 4.03
52 96 2.90
52 97 5.92
52 98 9.16
52 99 2.54
53 54 3.79
53 55 7.79
53 56 2.70
53 57 1.77
53 58 6.04
53 59 1.87
53 60 6.38
53 61 3.46
53 62 2.05
53 63 4.74
53 64 0.18
53 65 3.02
53 66 5.59
53 67 0.19
53 68 1.37
53 69 3.23
53 70 8.55
53 71 0.16
53 72 6.93
53 73 5.74
53 74 7.53
53 75 2.61
53 76 8.45
53 77 0.14
53 78 2.48
53 79 4.20
53 80 4.86
53 81 6.43
53 82 7.70
53 83 10.00
53 84 9.20
53 85 1.32
53 86 1.71
53 87 6.57
53 88 2.37
53 89 9.43
53 90 4.56
53 91 3.14
53 92 8.26
53 93 4.00
53 94 0.55
53 95 3.17
53 96 1.76
53 97 5.65
53 98 7.91
53 99 8.08
54 55 5.46
54 56 9.56
54 57 0.73
54 58 0.13
54 59 3.99
54 60 9.36
54 61 6.98
54 62 5.31
54 63 2.80
54 64 6.98
54 65 1.34
54 66 2.59
54 67 1.05
54 68 7.31
54 69 1.62
54 70 0.90
54 71 3.85
54 72 1.67
54 73 4.79
54 74 3.32
54 75 2.16
54 76 5.39
54 77 4.67
54 78 9.61
54 79 4.10
54 80 6.09
54 81 8.62
54 82 7.05
54 83 4.85
54 84 0.47
54 85 6.23
54 86 1.02
54 87 3.74
54 88 3.55
54 89 1.16
54 90 6.84
54 91 1.01
54 92 5.72
54 93 4.96
54 94 4.63
54 95 5.39
54 96 8.53
54 97 2.18
54 98 3.84
54 99 7.28
55 56 2.59
55 57 2.99
55 58 9.55
55 59 1.61
55 60 4.96
55 61 2.96
55 62 6.21
55 63 6.11
55 64 0.49
55 65 1.14
55 66 5.86
55 67 2.87
55 68 8.13
55 69 0.56
55 70 3.78
55 71 6.45
55 72 7.14
55 73 4.39
55 74 8.25
55 75 2.79
55 76 4.14
55 77 0.31
55 78 4.88
55 79 2.21
55 80 9.10
55 81 2.19
55 82 8.63
55 83 2.79
55 84 4.96
55 85 10.00
55 86 0.04
55 87 2.75
55 88 6.42
55 89 6.37
55 90 5.60
55 91 3.55
55 92 4.52
55 93 1.44
55 94 2.72
55 95 2.78
55 96 6.42
55 97 7.26
55 98 0.98
55 99 8.46
56 57 7.15
56 58 0.90
56 59 3.35
56 60 9.08
56 61 4.74
56 62 0.47
56 63 4.21
56 64 0.48
56 65 9.22
56 66 9.03
56 67 1.41
56 68 3.42
56 69 4.28
56 70 9.71
56 71 4.00
56 72 2.87
56 73 8.82
56 74 8.73
56 75 1.95
56 76 3.34
56 77 6.58
56 78 4.05
56 79 2.93
56 80 3.98
56 81 1.74
56 82 9.36
56 83 1.98
56 84 3.56
56 85 8.98
56 86 4.33
56 87 2.89
56 88 7.62
56 89 6.56
56 90 2.44
56 91 0.47
56 92 1.70
56 93 8.58
56 94 9.87
56 95 9.47
56 96 4.78
56 97 5.61
56 98 1.83
56 99 5.58
57 58 0.01
57 59 5.09
57 60 7.86
57 61 8.81
57 62 4.24
57 63 9.18
57 64 2.00
57 65 5.55
57 66 0.91
57 67 5.89
57 68 4.53
57 69 1.95
57 70 7.39
57 71 7.50
57 72 1.65
57 73 3.44
57 74 5.37
57 75 8.67
57 76 2.23
57 77 4.80
57 78 3.96
57 79 4.70
57 80 6.71
57 81 6.58
57 82 6.27
57 83 6.24
57 84 7.86
57 85 3.94
57 86 5.73
57 87 9.70
57 88 4.86
57 89 6.76
57 90 2.20
57 91 2.36
57 92 3.69
57 93 2.36
57 94 8.23
57 95 9.93
57 96 6.06
57 97 6.65
57 98 0.79
57 99 3.15
58 59 4.85
58 60 7.31
58 61 4.99
58 62 5.97
58 63 0.11
58 64 9.66
58 65 3.87
58 66 0.75
58 67 9.50
58 68 2.04
58 69 9.70
58 70 1.50
58 71 5.10
58 72 3.15
58 73 4.95
58 74 1.82
58 75 6.22
58 76 5.71
58 77 8.60
58 78 7.06
58 79 7.97
58 80 3.98
58 81 6.41
58 82 6.57
58 83 9.64
58 84 7.60
58 85 9.38
58 86 5.69
58 87 9.70
58 88 4.97
58 89 2.83
58 90 7.60
58 91 3.86
58 92 9.53
58 93 3.11
58 94 1.08
58 95 6.26
58 96 6.13
58 97 6.49
58 98 8.04
58 99 0.24
59 60 4.02
59 61 9.49
59 62 9.87
59 63 4.58
59 64 0.54
59 65 5.15
59 66 0.35
59 67 0.11
59 68 2.31
59 69 4.00
59 70 4.31
59 71 6.74
59 72 1.95
59 73 9.10
59 74 7.03
59 75 7.81
59 76 5.35
59 77 6.68
59 78 0.16
59 79 9.55
59 80 5.15
59 81 0.75
59 82 9.27
59 83 7.50
59 84 1.71
59 85 8.86
59 86 3.55
59 87 0.25
59 88 1.02
59 89 0.66
59 90 4.90
59 91 3.65
59 92 1.97
59 93 8.63
59 94 2.07
59 95 3.55
59 96 6.96
59 97 8.39
59 98 7.45
59 99 5.37
60 61 9.82
60 62 3.11
60 63 7.22
60 64 7.10
60 65 1.69
60 66 1.02
60 67 1.48
60 68 2.52
60 69 2.38
60 70 8.42
60 71 7.32
60 72 3.30
60 73 5.39
60 74 4.16
60 75 6.38
60 76 7.79
60 77 2.05
60 78 4.83
60 79 7.53
60 80 0.73
60 81 3.68
60 82 7.61
60 83 9.73
60 84 1.81
60 85 1.12
60 86 5.97
60 87 4.03
60 88 5.97
60 89 3.35
60 90 6.33
60 91 4.90
60 92 5.80
60 93 5.25
60 94 2.64
60 95 2.58
60 96 6.24
60 97 3.52
60 98 2.04
60 99 2.26
61 62 2.27
61 63 0.14
61 64 3.08
61 65 9.12
61 66 4.39
61 67 7.76
61 68 1.65
61 69 0.13
61 70 3.75
61 71 8.93
61 72 6.03
61 73 8.33
61 74 1.76
61 75 7.95
61 76 6.78
61 77 5.71
61 78 7.75
61 79 3.51
61 80 3.19
61 81 1.83
61 82 1.88
61 83 7.59
61 84 4.96
61 85 4.37
61 86 0.47
61 87 2.88
61 88 8.63
61 89 1.53
61 90 8.96
61 91 8.68
61 92 7.42
61 93 2.12
61 94 0.59
61 95 6.82
61 96 5.86
61 97 0.88
61 98 2.49
61 99 1.21
62 63 1.95
62 64 1.29
62 65 6.49
62 66 4.68
62 67 6.73
62 68 7.25
62 69 3.17
62 70 5.37
62 71 4.26
62 72 0.88
62 73 5.69
62 74 6.70
62 75 7.46
62 76 3.53
62 77 2.92
62 78 0.78
62 79 2.08
62 80 9.75
62 81 1.44
62 82 7.01
62 83 3.23
62 84 6.75
62 85 7.67
62 86 0.44
62 87 0.29
62 88 1.45
62 89 8.24
62 90 1.28
62 91 3.78
62 92 6.38
62 93 9.91
62 94 8.97
62 95 6.25
62 96 3.97
62 97 5.81
62 98 0.83
62 99 6.33
63 64 5.00
63 65 5.34
63 66 6.72
63 67 3.19
63 68 2.39
63 69 3.35
63 70 7.09
63 71 9.71
63 72 8.68
63 73 4.64
63 74 3.45
63 75 1.63
63 76 8.69
63 77 7.68
63 78 0.81
63 79 4.20
63 80 5.80
63 81 2.68
63 82 0.10
63 83 5.37
63 84 2.57
63 85 1.77
63 86 7.31
63 87 2.77
63 88 4.57
63 89 4.37
63 90 5.10
63 91 1.35
63 92 6.44
63 93 5.83
63 94 2.54
63 95 5.24
63 96 6.52
63 97 7.96
63 98 9.64
63 99 4.95
64 65 5.48
64 66 3.20
64 67 4.63
64 68 0.25
64 69 6.24
64 70 8.05
64 71 1.54
64 72 7.79
64 73 9.50
64 74 5.52
64 75 4.01
64 76 8.39
64 77 1.31
64 78 9.08
64 79 6.28
64 80 9.38
64 81 1.10
64 82 8.42
64 83 7.44
64 84 5.99
64 85 3.00
64 86 8.93
64 87 3.51
64 88 2.95
64 89 6.14
64 90 7.69
64 91 7.34
64 92 5.50
64 93 0.04
64 94 8.19
64 95 8.24
64 96 0.57
64 97 3.40
64 98 7.78
64 99 7.56
65 66 9.30
65 67 9.73
65 68 9.91
65 69 5.19
65 70 2.25
65 71 9.96
65 72 3.00
65 73 0.49
65 74 1.69
65 75 7.94
65 76 1.33
65 77 7.38
65 78 2.29
65 79 2.30
65 80 2.68
65 81 8.43
65 82 0.84
65 83 2.56
65 84 2.03
65 85 3.36
65 86 9.25
65 87 1.12
65 88 0.15
65 89 7.02
65 90 2.12
65 91 9.84
65 92 0.93
65 93 2.67
65 94 5.89
65 95 8.07
65 96 3.20
65 97 7.60
65 98 4.19
65 99 4.59
66 67 3.05
66 68 0.82
66 69 2.10
66 70 6.66
66 71 7.13
66 72 6.63
66 73 2.74
66 74 1.14
66 75 4.09
66 76 8.48
66 77 8.56
66 78 4.59
66 79 0.05
66 80 5.43
66 81 9.54
66 82 0.97
66 83 1.28
66 84 0.73
66 85 7.60
66 86 6.16
66 87 9.81
66 88 8.68
66 89 8.32
66 90 7.37
66 91 6.27
66 92 7.71
66 93 5.43
66 94 5.66
66 95 0.65
66 96 5.97
66 97 4.10
66 98 4.26
66 99 3.06
67 68 3.91
67 69 2.71
67 70 9.94
67 71 8.46
67 72 2.66
67 73 0.42
67 74 5.05
67 75 9.55
67 76 6.40
67 77 2.52
67 78 5.33
67 79 7.40
67 80 5.23
67 81 5.50
67 82 2.90
67 83 4.64
67 84 9.93
67 85 0.26
67 86 1.14
67 87 0.45
67 88 4.33
67 89 2.24
67 90 0.37
67 91 3.07
67 92 9.00
67 93 2.72
67 94 9.12
67 95 1.76
67 96 1.34
67 97 3.30
67 98 3.22
67 99 9.11
68 69 2.26
68 70 7.62
68 71 9.96
68 72 2.46
68 73 4.70
68 74 3.38
68 75 2.57
68 76 6.76
68 77 6.08
68 78 9.79
68 79 0.69
68 80 6.32
68 81 7.37
68 82 9.10
68 83 7.37
68 84 0.92
68 85 6.89
68 86 9.22
68 87 5.99
68 88 7.17
68 89 4.93
68 90 5.90
68 91 5.11
68 92 0.55
68 93 9.09
68 94 7.30
68 95 7.60
68 96 9.04
68 97 8.40
68 98 5.78
68 99 8.80
69 70 5.11
69 71 5.80
69 72 2.36
69 73 8.65
69 74 6.60
69 75 8.34
69 76 7.69
69 77 2.25
69 78 3.72
69 79 1.05
69 80 3.38
69 81 4.32
69 82 9.88
69 83 5.72
69 84 9.09
69 85 8.64
69 86 4.89
69 87 6.83
69 88 8.30
69 89 7.85
69 90 3.72
69 91 4.45
69 92 6.02
69 93 2.06
69 94 8.09
69 95 0.13
69 96 2.77
69 97 2.77
69 98 8.42
69 99 1.60
70 71 0.89
70 72 3.87
70 73 0.27
70 74 1.54
70 75 7.69
70 76 7.97
70 77 0.08
70 78 9.03
70 79 9.63
70 80 1.64
70 81 5.10
70 82 0.36
70 83 0.16
70 84 8.03
70 85 5.84
70 86 2.16
70 87 6.89
70 88 8.25
70 89 9.13
70 90 3.56
70 91 8.18
70 92 7.81
70 93 7.22
70 94 9.68
70 95 7.40
70 96 1.27
70 97 8.38
70 98 4.03
70 99 4.55
71 72 3.92
71 73 3.14
71 74 3.24
71 75 0.59
71 76 9.94
71 77 1.01
71 78 3.86
71 79 4.60
71 80 8.69
71 81 8.32
71 82 6.47
71 83 5.67
71 84 6.94
71 85 8.42
71 86 2.82
71 87 7.57
71 88 0.13
71 89 7.47
71 90 4.35
71 91 1.93
71 92 9.07
71 93 9.25
71 94 2.69
71 95 8.59
71 96 7.45
71 97 7.67
71 98 2.25
71 99 1.68
72 73 5.48
72 74 1.69
72 75 5.64
72 76 5.20
72 77 2.71
72 78 5.43
72 79 4.80
72 80 2.96
72 81 7.84
72 82 8.41
72 83 3.03
72 84 0.81
72 85 6.06
72 86 5.40
72 87 0.58
72 88 9.81
72 89 3.03
72 90 0.44
72 91 8.55
72 92 5.82
72 93 5.57
72 94 2.92
72 95 5.15
72 96 0.91
72 97 2.31
72 98 3.49
72 99 5.13
73 74 7.86
73 75 2.02
73 76 7.72
73 77 1.94
73 78 7.41
73 79 9.71
73 80 9.83
73 81 4.50
73 82 1.98
73 83 4.67
73 84 5.85
73 85 2.37
73 86 9.40
73 87 9.11
73 88 6.07
73 89 1.68
73 90 5.65
73 91 2.64
73 92 5.75
73 93 7.30
73 94 5.94
73 95 4.01
73 96 6.43
73 97 6.68
73 98 4.12
73 99 6.04
74 75 2.06
74 76 3.09
74 77 2.92
74 78 7.92
74 79 1.87
74 80 6.47
74 81 4.54
74 82 4.15
74 83 7.11
74 84 3.83
74 85 1.99
74 86 2.62
74 87 2.74
74 88 9.76
74 89 1.51
74 90 9.86
74 91 7.15
74 92 6.81
74 93 9.96
74 94 5.87
74 95 8.09
74 96 7.17
74 97 6.63
74 98 1.22
74 99 7.02
75 76 6.25
75 77 4.72
75 78 0.49
75 79 8.57
75 80 3.06
75 81 8.73
75 82 0.46
75 83 6.17
75 84 4.26
75 85 1.06
75 86 0.10
75 87 0.09
75 88 6.81
75 89 7.08
75 90 7.64
75 91 9.31
75 92 7.81
75 93 7.55
75 94 0.80
75 95 3.47
75 96 5.32
75 97 2.66
75 98 5.07
75 99 1.23
76 77 8.23
76 78 4.83
76 79 5.67
76 80 6.84
76 81 0.49
76 82 0.97
76 83 0.18
76 84 6.87
76 85 1.73
76 86 4.05
76 87 2.76
76 88 8.78
76 89 9.32
76 90 8.13
76 91 4.53
76 92 4.66
76 93 9.25
76 94 9.65
76 95 0.21
76 96 7.54
76 97 3.67
76 98 4.57
76 99 0.65
77 78 4.75
77 79 7.26
77 80 3.38
77 81 2.59
77 82 3.76
77 83 9.99
77 84 5.22
77 85 5.99
77 86 4.80
77 87 1.16
77 88 3.56
77 89 3.55
77 90 1.52
77 91 7.39
77 92 9.30
77 93 7.95
77 94 2.95
77 95 7.07
77 96 0.19
77 97 3.31
77 98 2.46
77 99 0.85
78 79 2.70
78 80 7.49
78 81 1.76
78 82 0.69
78 83 4.91
78 84 0.14
78 85 9.26
78 86 9.44
78 87 3.74
78 88 3.18
78 89 4.74
78 90 8.02
78 91 1.30
78 92 4.72
78 93 2.64
78 94 6.13
78 95 6.48
78 96 1.12
78 97 8.19
78 98 3.05
78 99 5.50
79 80 1.81
79 81 8.21
79 82 2.11
79 83 4.27
79 84 9.55
79 85 3.29
79 86 8.12
79 87 7.28
79 88 9.56
79 89 9.58
79 90 0.93
79 91 8.57
79 92 8.13
79 93 2.61
79 94 3.25
79 95 5.86
79 96 4.61
79 97 7.61
79 98 7.97
79 99 8.00
80 81 6.38
80 82 6.00
80 83 9.42
80 84 5.40
80 85 2.75
80 86 1.73
80 87 4.16
80 88 0.25
80 89 2.03
80 90 8.45
80 91 3.83
80 92 7.25
80 93 8.03
80 94 8.72
80 95 5.54
80 96 4.21
80 97 2.77
80 98 3.51
80 99 8.14
81 82 4.59
81 83 8.20
81 84 8.71
81 85 1.57
81 86 2.26
81 87 1.71
81 88 7.21
81 89 6.90
81 90 0.46
81 91 8.28
81 92 1.14
81 93 3.87
81 94 9.69
81 95 3.90
81 96 0.94
81 97 6.07
81 98 8.03
81 99 7.25
82 83 8.76
82 84 7.58
82 85 8.84
82 86 2.64
82 87 1.58
82 88 3.75
82 89 4.55
82 90 5.66
82 91 0.90
82 92 0.91
82 93 8.95
82 94 0.06
82 95 8.41
82 96 5.20
82 97 1.79
82 98 6.27
82 99 0.43
83 84 1.77
83 85 6.33
83 86 2.41
83 87 0.28
83 88 2.17
83 89 4.69
83 90 1.58
83 91 2.97
83 92 7.42
83 93 2.81
83 94 8.46
83 95 8.41
83 96 0.48
83 97 3.91
83 98 1.33
83 99 8.67
84 85 2.76
84 86 8.08
84 87 4.03
84 88 3.77
84 89 7.16
84 90 5.69
84 91 5.51
84 92 6.43
84 93 2.86
84 94 3.03
84 95 1.54
84 96 5.73
84 97 6.14
84 98 0.24
84 99 4.16
85 86 9.67
85 87 1.60
85 88 7.25
85 89 4.66
85 90 5.43
85 91 9.29
85 92 0.07
85 93 6.37
85 94 7.49
85 95 7.27
85 96 0.29
85 97 3.85
85 98 6.25
85 99 4.80
86 87 6.95
86 88 0.25
86 89 2.37
86 90 10.00
86 91 0.95
86 92 7.80
86 93 9.60
86 94 7.80
86 95 9.73
86 96 2.13
86 97 0.52
86 98 8.43
86 99 9.57
87 88 6.10
87 89 7.41
87 90 0.15
87 91 2.74
87 92 0.42
87 93 1.37
87 94 7.40
87 95 6.30
87 96 9.57
87 97 2.08
87 98 1.03
87 99 1.33
88 89 9.90
88 90 6.65
88 91 4.50
88 92 1.36
88 93 9.05
88 94 4.12
88 95 0.92
88 96 7.78
88 97 2.43
88 98 6.13
88 99 3.07
89 90 1.56
89 91 0.60
89 92 7.09
89 93 6.43
89 94 9.86
89 95 1.65
89 96 8.70
89 97 8.90
89 98 9.49
89 99 2.71
90 91 9.93
90 92 8.50
90 93 3.82
90 94 7.68
90 95 3.18
90 96 7.91
90 97 1.09
90 98 1.12
90 99 5.69
91 92 9.69
91 93 5.06
91 94 8.24
91 95 1.09
91 96 1.27
91 97 1.12
91 98 8.40
91 99 8.48
92 93 6.28
92 94 6.75
92 95 3.24
92 96 4.84
92 97 8.26
92 98 4.93
92 99 0.51
93 94 1.93
93 95 9.62
93 96 3.83
93 97 8.25
93 98 9.18
93 99 7.79
94 95 4.43
94 96 6.53
94 97 2.61
94 98 7.11
94 99 6.14
95 96 2.92
95 97 8.90
95 98 7.87
95 99 9.84
96 97 3.46
96 98 3.86
96 99 2.85
97 98 1.47
97 99 3.90
98 99 8.39
