100 10
0 1 4.25
0 2 4.68
0 3 4.82
0 4 6.24
0 5 3.90
0 6 2.34
0 7 2.04
0 8 4.10
0 9 6.94
0 10 6.88
0 11 8.53
0 12 9.82
0 13 7.41
0 14 2.13
0 15 8.54
0 16 9.57
0 17 7.90
0 18 2.23
0 19 0.23
0 20 2.74
0 21 0.87
0 22 5.18
0 23 6.31
0 24 3.93
0 25 5.38
0 26 0.33
0 27 1.53
0 28 1.91
0 29 2.54
0 30 9.58
0 31 2.36
0 32 4.67
0 33 5.59
0 34 3.95
0 35 6.96
0 36 4.42
0 37 7.02
0 38 7.12
0 39 8.29
0 40 9.13
0 41 5.88
0 42 4.37
0 43 1.21
0 44 2.35
0 45 9.92
0 46 0.09
0 47 4.77
0 48 6.56
0 49 0.44
0 50 8.99
0 51 2.58
0 52 2.65
0 53 5.20
0 54 5.63
0 55 4.09
0 56 9.95
0 57 3.46
0 58 2.60
0 59 8.94
0 60 2.53
0 61 4.26
0 62 1.61
0 63 2.76
0 64 8.64
0 65 0.38
0 66 9.51
0 67 8.93
0 68 2.14
0 69 3.58
0 70 7.20
0 71 1.20
0 72 9.91
0 73 4.82
0 74 8.95
0 75 8.11
0 76 6.91
0 77 8.71
0 78 2.09
0 79 4.14
0 80 6.31
0 81 2.20
0 82 3.18
0 83 1.51
0 84 1.36
0 85 2.91
0 86 9.99
0 87 7.06
0 88 3.38
0 89 9.40
0 90 3.32
0 91 9.95
0 92 6.48
0 93 9.21
0 94 7.75
0 95 7.46
0 96 7.66
0 97 5.18
0 98 2.49
0 99 0.19
1 2 5.99
1 3 9.59
1 4 7.33
1 5 7.17
1 6 2.68
1 7 7.81
1 8 2.27
1 9 6.40
1 10 9.68
1 11 5.30
1 12 4.73
1 13 8.00
1 14 0.07
1 15 8.46
1 16 7.01
1 17 8.05
1 18 5.19
1 19 1.50
1 20 2.27
1 21 7.66
1 22 7.61
1 23 9.85
1 24 6.84
1 25 6.62
1 26 7.08
1 27 6.81
1 28 2.73
1 29 3.77
1 30 1.56
1 31 9.90
1 32 1.23
1 33 3.14
1 34 5.79
1 35 8.21
1 36 6.71
1 37 1.29
1 38 4.84
1 39 3.97
1 40 0.53
1 41 3.10
1 42 5.98
1 43 0.35
1 44 8.28
1 45 8.30
1 46 1.45
1 47 1.30
1 48 2.69
1 49 2.62
1 50 2.36
1 51 4.90
1 52 6.52
1 53 4.39
1 54 4.85
1 55 2.41
1 56 8.65
1 57 4.37
1 58 4.02
1 59 9.68
1 60 1.92
1 61 4.42
1 62 7.86
1 63 5.90
1 64 2.27
1 65 0.97
1 66 1.67
1 67 5.33
1 68 0.31
1 69 5.14
1 70 4.60
1 71 4.18
1 72 9.41
1 73 4.33
1 74 1.40
1 75 3.74
1 76 5.31
1 77 2.83
1 78 9.87
1 79 8.94
1 80 8.36
1 81 0.74
1 82 0.21
1 83 2.74
1 84 7.22
1 85 1.13
1 86 2.80
1 87 8.10
1 88 9.15
1 89 9.09
1 90 4.99
1 91 1.67
1 92 4.36
1 93 0.17
1 94 7.48
1 95 0.74
1 96 2.37
1 97 4.01
1 98 2.46
1 99 1.83
2 3 4.05
2 4 9.80
2 5 7.49
2 6 9.70
2 7 2.50
2 8 3.06
2 9 7.57
2 10 0.73
2 11 9.78
2 12 6.39
2 13 5.86
2 14 7.81
2 15 7.35
2 16 1.12
2 17 8.07
2 18 1.96
2 19 1.08
2 20 9.08
2 21 7.61
2 22 2.54
2 23 8.00
2 24 5.81
2 25 8.96
2 26 9.57
2 27 4.34
2 28 2.40
2 29 3.13
2 30 9.42
2 31 4.57
2 32 9.53
2 33 3.93
2 34 5.69
2 35 8.37
2 36 5.46
2 37 0.55
2 38 3.71
2 39 1.82
2 40 7.86
2 41 3.82
2 42 2.94
2 43 4.66
2 44 0.84
2 45 7.35
2 46 4.07
2 47 3.47
2 48 1.87
2 49 1.61
2 50 5.92
2 51 5.90
2 52 2.09
2 53 8.06
2 54 3.05
2 55 7.02
2 56 5.84
2 57 4.45
2 58 4.83
2 59 8.61
2 60 9.31
2 61 7.73
2 62 2.95
2 63 1.06
2 64 7.00
2 65 9.82
2 66 7.90
2 67 1.98
2 68 4.89
2 69 7.25
2 70 9.55
2 71 6.55
2 72 5.45
2 73 8.83
2 74 5.53
2 75 9.07
2 76 9.06
2 77 7.17
2 78 4.18
2 79 0.70
2 80 6.83
2 81 5.69
2 82 9.92
2 83 9.86
2 84 6.70
2 85 0.27
2 86 9.19
2 87 5.52
2 88 2.20
2 89 8.18
2 90 6.60
2 91 4.72
2 92 4.58
2 93 7.70
2 94 5.67
2 95 5.24
2 96 7.79
2 97 5.90
2 98 7.55
2 99 5.34
3 4 7.85
3 5 2.85
3 6 4.62
3 7 9.94
3 8 9.99
3 9 9.25
3 10 5.05
3 11 1.51
3 12 0.66
3 13 2.02
3 14 6.25
3 15 8.57
3 16 2.69
3 17 6.67
3 18 5.64
3 19 8.83
3 20 4.91
3 21 9.65
3 22 7.24
3 23 8.02
3 24 1.88
3 25 9.94
3 26 4.61
3 27 4.74
3 28 7.27
3 29 3.07
3 30 3.38
3 31 3.76
3 32 8.40
3 33 7.15
3 34 7.87
3 35 6.02
3 36 9.36
3 37 1.60
3 38 2.79
3 39 1.83
3 40 7.91
3 41 0.27
3 42 2.10
3 43 0.85
3 44 6.17
3 45 6.98
3 46 3.28
3 47 4.89
3 48 0.73
3 49 0.90
3 50 0.82
3 51 9.86
3 52 7.33
3 53 4.93
3 54 3.00
3 55 4.29
3 56 0.30
3 57 8.01
3 58 6.82
3 59 9.68
3 60 1.79
3 61 2.68
3 62 3.57
3 63 3.00
3 64 9.14
3 65 0.03
3 66 4.53
3 67 8.55
3 68 9.21
3 69 5.01
3 70 2.98
3 71 1.41
3 72 9.16
3 73 7.27
3 74 9.85
3 75 1.64
3 76 1.94
3 77 4.34
3 78 8.99
3 79 2.40
3 80 9.18
3 81 9.79
3 82 1.95
3 83 0.32
3 84 3.99
3 85 5.48
3 86 2.21
3 87 2.21
3 88 7.18
3 89 0.91
3 90 9.54
3 91 0.31
3 92 6.06
3 93 1.35
3 94 2.85
3 95 4.08
3 96 4.71
3 97 0.54
3 98 4.57
3 99 8.31
4 5 1.18
4 6 9.29
4 7 8.54
4 8 9.97
4 9 5.98
4 10 9.59
4 11 2.19
4 12 0.28
4 13 3.24
4 14 3.30
4 15 9.60
4 16 1.35
4 17 2.21
4 18 2.28
4 19 9.06
4 20 9.94
4 21 3.90
4 22 5.39
4 23 3.89
4 24 5.98
4 25 3.92
4 26 8.32
4 27 9.43
4 28 6.75
4 29 6.62
4 30 6.63
4 31 7.75
4 32 1.90
4 33 6.19
4 34 3.94
4 35 8.87
4 36 0.11
4 37 8.42
4 38 7.47
4 39 0.11
4 40 6.00
4 41 3.32
4 42 9.33
4 43 2.97
4 44 7.12
4 45 7.14
4 46 0.67
4 47 2.55
4 48 8.19
4 49 5.24
4 50 5.10
4 51 3.06
4 52 1.60
4 53 4.36
4 54 3.46
4 55 5.25
4 56 6.70
4 57 9.29
4 58 9.59
4 59 6.20
4 60 9.76
4 61 9.66
4 62 4.04
4 63 7.00
4 64 0.99
4 65 4.70
4 66 0.23
4 67 0.69
4 68 4.88
4 69 1.83
4 70 6.44
4 71 7.19
4 72 0.58
4 73 3.48
4 74 4.43
4 75 1.52
4 76 9.16
4 77 9.46
4 78 6.57
4 79 3.30
4 80 4.40
4 81 9.22
4 82 1.94
4 83 6.75
4 84 4.75
4 85 7.59
4 86 4.31
4 87 9.57
4 88 2.33
4 89 0.71
4 90 9.72
4 91 6.68
4 92 4.58
4 93 4.37
4 94 1.63
4 95 0.85
4 96 2.05
4 97 9.38
4 98 9.45
4 99 0.05
5 6 4.57
5 7 2.33
5 8 2.48
5 9 1.41
5 10 4.45
5 11 3.74
5 12 3.55
5 13 1.52
5 14 6.44
5 15 3.60
5 16 5.06
5 17 9.80
5 18 0.44
5 19 7.42
5 20 5.75
5 21 7.45
5 22 6.51
5 23 9.59
5 24 0.76
5 25 9.59
5 26 0.24
5 27 7.55
5 28 1.44
5 29 4.08
5 30 8.78
5 31 9.01
5 32 6.69
5 33 7.74
5 34 9.62
5 35 8.41
5 36 5.75
5 37 8.83
5 38 8.92
5 39 5.34
5 40 3.43
5 41 8.29
5 42 7.89
5 43 7.98
5 44 0.41
5 45 0.54
5 46 1.46
5 47 8.04
5 48 5.02
5 49 2.82
5 50 1.85
5 51 2.03
5 52 9.50
5 53 7.21
5 54 2.13
5 55 5.29
5 56 9.42
5 57 8.11
5 58 5.33
5 59 6.91
5 60 0.30
5 61 6.72
5 62 9.14
5 63 3.22
5 64 0.97
5 65 3.72
5 66 6.13
5 67 3.93
5 68 0.12
5 69 5.32
5 70 6.85
5 71 2.65
5 72 2.20
5 73 7.23
5 74 8.27
5 75 2.59
5 76 8.62
5 77 3.42
5 78 2.09
5 79 0.04
5 80 4.23
5 81 5.04
5 82 5.09
5 83 9.20
5 84 5.57
5 85 6.00
5 86 4.01
5 87 2.96
5 88 7.38
5 89 3.11
5 90 2.16
5 91 6.61
5 92 4.91
5 93 8.26
5 94 0.44
5 95 7.29
5 96 4.12
5 97 5.59
5 98 6.15
5 99 6.70
6 7 2.97
6 8 3.50
6 9 5.74
6 10 7.22
6 11 0.73
6 12 4.13
6 13 8.05
6 14 9.99
6 15 4.34
6 16 6.53
6 17 5.13
6 18 7.92
6 19 0.23
6 20 6.08
6 21 1.59
6 22 7.54
6 23 6.77
6 24 9.02
6 25 2.81
6 26 4.81
6 27 1.72
6 28 0.18
6 29 5.48
6 30 0.53
6 31 3.89
6 32 2.98
6 33 5.58
6 34 8.26
6 35 2.44
6 36 2.91
6 37 7.84
6 38 3.44
6 39 5.58
6 40 9.63
6 41 3.66
6 42 3.43
6 43 0.63
6 44 7.02
6 45 2.14
6 46 0.58
6 47 0.29
6 48 9.94
6 49 7.72
6 50 6.85
6 51 2.77
6 52 9.29
6 53 2.60
6 54 1.45
6 55 8.66
6 56 0.11
6 57 2.29
6 58 1.21
6 59 6.47
6 60 7.80
6 61 5.45
6 62 5.25
6 63 2.23
6 64 7.74
6 65 3.56
6 66 6.12
6 67 1.29
6 68 2.66
6 69 8.68
6 70 1.30
6 71 9.13
6 72 6.68
6 73 3.08
6 74 9.34
6 75 8.51
6 76 4.75
6 77 5.81
6 78 7.07
6 79 1.08
6 80 8.90
6 81 5.91
6 82 1.42
6 83 1.12
6 84 7.81
6 85 1.26
6 86 3.62
6 87 5.18
6 88 5.98
6 89 8.39
6 90 7.24
6 91 2.32
6 92 8.58
6 93 5.64
6 94 1.43
6 95 1.37
6 96 2.60
6 97 0.89
6 98 0.24
6 99 2.80
7 8 9.01
7 9 0.78
7 10 5.73
7 11 8.96
7 12 8.36
7 13 6.10
7 14 6.51
7 15 8.39
7 16 1.83
7 17 2.89
7 18 6.23
7 19 9.09
7 20 1.44
7 21 8.83
7 22 4.02
7 23 2.37
7 24 6.41
7 25 3.63
7 26 4.75
7 27 0.11
7 28 8.70
7 29 2.79
7 30 1.53
7 31 7.10
7 32 0.93
7 33 1.07
7 34 7.58
7 35 0.41
7 36 3.26
7 37 6.70
7 38 0.55
7 39 3.72
7 40 0.01
7 41 1.62
7 42 4.83
7 43 1.73
7 44 1.69
7 45 8.01
7 46 2.07
7 47 9.36
7 48 8.89
7 49 7.63
7 50 1.71
7 51 1.88
7 52 1.60
7 53 6.76
7 54 9.03
7 55 8.19
7 56 8.01
7 57 8.08
7 58 2.41
7 59 2.37
7 60 9.35
7 61 5.03
7 62 0.59
7 63 9.58
7 64 4.85
7 65 9.57
7 66 4.43
7 67 2.65
7 68 4.44
7 69 0.76
7 70 0.30
7 71 3.08
7 72 0.59
7 73 8.34
7 74 3.54
7 75 8.67
7 76 4.07
7 77 6.59
7 78 2.96
7 79 5.10
7 80 5.55
7 81 3.48
7 82 6.46
7 83 2.82
7 84 4.01
7 85 9.77
7 86 2.90
7 87 5.84
7 88 8.24
7 89 4.85
7 90 2.90
7 91 4.66
7 92 8.79
7 93 4.88
7 94 6.60
7 95 8.36
7 96 8.38
7 97 1.96
7 98 8.48
7 99 2.33
8 9 1.28
8 10 9.91
8 11 1.19
8 12 3.94
8 13 1.62
8 14 5.65
8 15 3.89
8 16 1.03
8 17 9.68
8 18 7.22
8 19 0.40
8 20 3.35
8 21 3.28
8 22 2.71
8 23 0.67
8 24 4.99
8 25 0.47
8 26 9.63
8 27 4.90
8 28 7.21
8 29 8.42
8 30 5.54
8 31 7.73
8 32 4.81
8 33 9.38
8 34 4.49
8 35 2.83
8 36 7.52
8 37 2.82
8 38 1.13
8 39 0.94
8 40 5.70
8 41 2.27
8 42 3.28
8 43 6.01
8 44 7.53
8 45 9.70
8 46 3.53
8 47 3.32
8 48 9.44
8 49 7.48
8 50 4.16
8 51 6.39
8 52 4.93
8 53 7.83
8 54 6.55
8 55 4.12
8 56 7.43
8 57 9.48
8 58 9.28
8 59 5.74
8 60 2.53
8 61 3.63
8 62 5.98
8 63 5.40
8 64 4.93
8 65 8.24
8 66 8.70
8 67 9.74
8 68 6.57
8 69 1.68
8 70 6.26
8 71 1.41
8 72 9.65
8 73 1.45
8 74 0.05
8 75 0.38
8 76 3.55
8 77 6.77
8 78 0.20
8 79 4.22
8 80 7.81
8 81 8.59
8 82 3.44
8 83 9.67
8 84 7.09
8 85 4.60
8 86 9.59
8 87 3.60
8 88 1.56
8 89 9.34
8 90 1.41
8 91 5.97
8 92 2.64
8 93 6.60
8 94 7.92
8 95 1.01
8 96 5.05
8 97 3.82
8 98 0.42
8 99 3.13
9 10 8.71
9 11 7.82
9 12 0.70
9 13 7.42
9 14 9.69
9 15 8.45
9 16 4.54
9 17 9.53
9 18 3.36
9 19 6.53
9 20 5.13
9 21 0.19
9 22 6.79
9 23 9.56
9 24 4.96
9 25 3.38
9 26 3.85
9 27 9.54
9 28 7.51
9 29 4.49
9 30 1.73
9 31 2.73
9 32 3.30
9 33 7.61
9 34 3.63
9 35 0.24
9 36 1.68
9 37 5.92
9 38 8.03
9 39 1.77
9 40 6.38
9 41 2.30
9 42 2.12
9 43 9.65
9 44 2.88
9 45 4.85
9 46 0.90
9 47 9.67
9 48 3.85
9 49 7.18
9 50 3.61
9 51 0.12
9 52 0.57
9 53 6.01
9 54 1.88
9 55 6.86
9 56 9.05
9 57 6.04
9 58 2.92
9 59 2.19
9 60 6.01
9 61 9.51
9 62 8.94
9 63 8.56
9 64 7.36
9 65 0.76
9 66 4.38
9 67 6.01
9 68 6.51
9 69 4.66
9 70 8.09
9 71 9.12
9 72 9.38
9 73 8.57
9 74 2.40
9 75 7.54
9 76 8.76
9 77 7.92
9 78 4.40
9 79 5.94
9 80 2.35
9 81 5.61
9 82 1.01
9 83 2.81
9 84 9.24
9 85 3.88
9 86 4.32
9 87 4.76
9 88 1.64
9 89 9.76
9 90 9.21
9 91 4.82
9 92 3.69
9 93 3.01
9 94 0.40
9 95 4.53
9 96 1.01
9 97 7.24
9 98 1.97
9 99 5.24
10 11 3.65
10 12 5.69
10 13 0.54
10 14 9.75
10 15 9.61
10 16 6.18
10 17 2.24
10 18 1.38
10 19 8.21
10 20 6.34
10 21 0.85
10 22 8.96
10 23 8.30
10 24 0.75
10 25 4.30
10 26 1.82
10 27 2.79
10 28 9.47
10 29 6.90
10 30 1.21
10 31 1.82
10 32 4.22
10 33 1.08
10 34 5.13
10 35 6.68
10 36 3.09
10 37 1.88
10 38 0.35
10 39 8.78
10 40 2.33
10 41 6.39
10 42 9.67
10 43 8.01
10 44 9.67
10 45 4.10
10 46 8.37
10 47 5.46
10 48 8.65
10 49 0.97
10 50 9.70
10 51 8.53
10 52 9.52
10 53 6.14
10 54 7.00
10 55 0.87
10 56 0.27
10 57 8.12
10 58 8.88
10 59 7.45
10 60 4.62
10 61 6.00
10 62 9.07
10 63 3.22
10 64 5.19
10 65 5.63
10 66 5.82
10 67 2.28
10 68 9.38
10 69 5.65
10 70 9.56
10 71 1.01
10 72 8.63
10 73 8.69
10 74 8.60
10 75 1.48
10 76 7.58
10 77 4.57
10 78 0.79
10 79 6.02
10 80 7.50
10 81 3.26
10 82 1.53
10 83 7.31
10 84 3.70
10 85 6.08
10 86 7.03
10 87 0.25
10 88 1.48
10 89 4.53
10 90 5.80
10 91 1.99
10 92 6.27
10 93 2.21
10 94 2.95
10 95 3.14
10 96 6.43
10 97 2.18
10 98 1.02
10 99 5.72
11 12 0.83
11 13 5.57
11 14 2.71
11 15 9.88
11 16 9.79
11 17 9.52
11 18 4.75
11 19 1.15
11 20 3.13
11 21 6.66
11 22 0.64
11 23 5.43
11 24 6.14
11 25 0.32
11 26 9.69
11 27 6.77
11 28 7.34
11 29 9.56
11 30 4.70
11 31 3.59
11 32 5.37
11 33 1.22
11 34 8.05
11 35 4.51
11 36 2.50
11 37 4.02
11 38 1.19
11 39 0.04
11 40 2.11
11 41 1.70
11 42 9.48
11 43 2.36
11 44 5.18
11 45 3.76
11 46 7.64
11 47 7.39
11 48 6.18
11 49 9.48
11 50 5.96
11 51 1.78
11 52 7.01
11 53 4.06
11 54 9.48
11 55 7.06
11 56 8.38
11 57 4.81
11 58 5.78
11 59 5.20
11 60 4.46
11 61 3.50
11 62 0.50
11 63 0.49
11 64 4.02
11 65 7.99
11 66 0.36
11 67 7.89
11 68 4.39
11 69 8.02
11 70 1.71
11 71 4.50
11 72 9.49
11 73 9.03
11 74 6.38
11 75 7.15
11 76 4.77
11 77 3.46
11 78 9.60
11 79 7.96
11 80 4.69
11 81 8.22
11 82 7.73
11 83 2.16
11 84 1.45
11 85 0.43
11 86 0.57
11 87 4.02
11 88 2.59
11 89 0.55
11 90 4.54
11 91 6.85
11 92 4.66
11 93 8.48
11 94 1.76
11 95 1.92
11 96 3.44
11 97 6.06
11 98 1.13
11 99 0.57
12 13 5.33
12 14 3.77
12 15 1.93
12 16 1.34
12 17 0.13
12 18 2.55
12 19 0.34
12 20 2.00
12 21 9.10
12 22 0.89
12 23 1.29
12 24 0.60
12 25 8.48
12 26 0.02
12 27 2.60
12 28 8.60
12 29 6.16
12 30 4.35
12 31 2.88
12 32 9.38
12 33 5.41
12 34 6.34
12 35 1.24
12 36 1.41
12 37 7.34
12 38 5.27
12 39 7.91
12 40 0.51
12 41 9.65
12 42 7.89
12 43 6.43
12 44 1.08
12 45 7.92
12 46 6.50
12 47 4.42
12 48 4.59
12 49 3.08
12 50 5.13
12 51 5.68
12 52 0.64
12 53 3.91
12 54 7.09
12 55 4.15
12 56 5.65
12 57 6.26
12 58 2.41
12 59 7.38
12 60 0.68
12 61 1.80
12 62 9.44
12 63 7.76
12 64 9.46
12 65 1.91
12 66 6.75
12 67 2.54
12 68 5.33
12 69 1.40
12 70 2.94
12 71 4.79
12 72 4.48
12 73 0.44
12 74 7.84
12 75 0.13
12 76 7.90
12 77 4.10
12 78 3.09
12 79 4.57
12 80 6.51
12 81 2.52
12 82 1.71
12 83 7.50
12 84 3.95
12 85 5.00
12 86 2.35
12 87 6.48
12 88 4.40
12 89 7.24
12 90 6.62
12 91 8.61
12 92 3.28
12 93 3.23
12 94 8.88
12 95 5.32
12 96 2.29
12 97 9.67
12 98 0.81
12 99 5.03
13 14 0.81
13 15 0.53
13 16 6.58
13 17 6.99
13 18 6.02
13 19 0.52
13 20 7.42
13 21 7.37
13 22 0.70
13 23 8.34
13 24 6.14
13 25 3.17
13 26 2.48
13 27 5.50
13 28 6.35
13 29 5.48
13 30 4.32
13 31 5.39
13 32 7.98
13 33 8.18
13 34 0.58
13 35 5.86
13 36 2.38
13 37 9.25
13 38 7.17
13 39 5.30
13 40 0.25
13 41 2.95
13 42 4.68
13 43 9.50
13 44 0.37
13 45 8.98
13 46 3.45
13 47 3.33
13 48 7.27
13 49 8.79
13 50 3.71
13 51 9.28
13 52 9.81
13 53 6.52
13 54 1.42
13 55 7.44
13 56 1.17
13 57 3.74
13 58 0.97
13 59 5.29
13 60 7.61
13 61 7.18
13 62 5.01
13 63 2.92
13 64 0.04
13 65 8.13
13 66 9.53
13 67 9.15
13 68 6.36
13 69 7.08
13 70 4.23
13 71 6.54
13 72 3.56
13 73 9.73
13 74 1.09
13 75 7.18
13 76 7.72
13 77 1.19
13 78 8.13
13 79 8.43
13 80 8.86
13 81 4.11
13 82 6.90
13 83 8.49
13 84 2.00
13 85 3.02
13 86 8.51
13 87 1.37
13 88 5.77
13 89 5.63
13 90 1.17
13 91 1.24
13 92 2.31
13 93 8.34
13 94 1.19
13 95 1.37
13 96 9.25
13 97 6.78
13 98 7.92
13 99 1.25
14 15 5.94
14 16 8.53
14 17 9.06
14 18 1.15
14 19 7.12
14 20 2.00
14 21 2.95
14 22 4.67
14 23 1.30
14 24 4.46
14 25 0.95
14 26 7.12
14 27 8.47
14 28 6.80
14 29 9.50
14 30 8.79
14 31 2.71
14 32 4.67
14 33 3.95
14 34 5.22
14 35 5.70
14 36 4.88
14 37 6.77
14 38 2.59
14 39 0.93
14 40 1.98
14 41 3.91
14 42 1.28
14 43 1.31
14 44 2.31
14 45 5.83
14 46 8.38
14 47 5.67
14 48 3.81
14 49 8.96
14 50 9.80
14 51 0.40
14 52 2.66
14 53 3.92
14 54 8.70
14 55 8.04
14 56 7.74
14 57 9.83
14 58 4.73
14 59 8.18
14 60 5.42
14 61 1.54
14 62 4.17
14 63 0.54
14 64 2.81
14 65 0.76
14 66 6.73
14 67 2.68
14 68 9.76
14 69 4.73
14 70 0.30
14 71 0.57
14 72 0.86
14 73 5.24
14 74 3.09
14 75 4.74
14 76 2.40
14 77 0.90
14 78 9.49
14 79 4.83
14 80 5.12
14 81 6.79
14 82 6.49
14 83 4.67
14 84 7.75
14 85 9.84
14 86 0.75
14 87 8.18
14 88 5.46
14 89 9.37
14 90 1.46
14 91 2.83
14 92 3.62
14 93 1.25
14 94 5.45
14 95 9.14
14 96 9.98
14 97 7.38
14 98 3.67
14 99 5.05
15 16 3.25
15 17 3.93
15 18 8.85
15 19 6.98
15 20 1.63
15 21 2.54
15 22 7.57
15 23 2.61
15 24 0.59
15 25 0.75
15 26 6.46
15 27 9.85
15 28 3.82
15 29 4.55
15 30 7.86
15 31 4.73
15 32 6.35
15 33 7.16
15 34 1.97
15 35 5.99
15 36 3.96
15 37 5.60
15 38 8.05
15 39 4.11
15 40 1.48
15 41 8.35
15 42 5.63
15 43 5.37
15 44 8.54
15 45 8.80
15 46 6.25
15 47 3.42
15 48 3.38
15 49 0.40
15 50 2.61
15 51 4.54
15 52 7.63
15 53 3.48
15 54 5.31
15 55 1.20
15 56 3.30
15 57 4.88
15 58 6.69
15 59 4.51
15 60 6.79
15 61 7.83
15 62 1.29
15 63 7.91
15 64 8.80
15 65 1.31
15 66 8.01
15 67 8.35
15 68 4.25
15 69 1.92
15 70 3.21
15 71 3.40
15 72 8.55
15 73 5.62
15 74 5.39
15 75 0.70
15 76 0.33
15 77 0.97
15 78 5.22
15 79 6.28
15 80 9.91
15 81 7.00
15 82 0.28
15 83 9.82
15 84 0.67
15 85 7.44
15 86 1.11
15 87 3.52
15 88 4.13
15 89 9.54
15 90 0.45
15 91 7.92
15 92 7.26
15 93 4.09
15 94 5.68
15 95 8.34
15 96 1.64
15 97 3.21
15 98 9.07
15 99 7.18
16 17 2.78
16 18 7.38
16 19 1.14
16 20 9.52
16 21 1.11
16 22 1.91
16 23 4.02
16 24 5.27
16 25 8.06
16 26 6.95
16 27 0.92
16 28 0.92
16 29 9.48
16 30 0.41
16 31 9.37
16 32 4.72
16 33 5.29
16 34 6.02
16 35 4.60
16 36 9.91
16 37 2.85
16 38 3.39
16 39 7.30
16 40 8.29
16 41 1.72
16 42 6.97
16 43 3.24
16 44 3.24
16 45 3.69
16 46 4.62
16 47 7.17
16 48 1.91
16 49 8.41
16 50 0.74
16 51 3.43
16 52 0.27
16 53 3.61
16 54 7.43
16 55 0.65
16 56 2.30
16 57 5.65
16 58 5.35
16 59 4.60
16 60 3.75
16 61 1.99
16 62 9.74
16 63 2.52
16 64 6.74
16 65 5.87
16 66 8.86
16 67 5.58
16 68 3.11
16 69 9.71
16 70 8.34
16 71 7.78
16 72 5.93
16 73 6.14
16 74 6.44
16 75 9.27
16 76 9.22
16 77 0.80
16 78 1.42
16 79 6.60
16 80 6.67
16 81 9.25
16 82 8.29
16 83 4.54
16 84 9.23
16 85 3.80
16 86 9.87
16 87 7.48
16 88 0.89
16 89 1.41
16 90 4.16
16 91 9.38
16 92 3.15
16 93 3.63
16 94 0.66
16 95 0.00
16 96 1.27
16 97 7.71
16 98 9.67
16 99 6.10
17 18 7.47
17 19 6.32
17 20 6.84
17 21 6.66
17 22 1.81
17 23 5.18
17 24 9.43
17 25 7.60
17 26 7.98
17 27 5.14
17 28 7.49
17 29 6.46
17 30 0.82
17 31 3.95
17 32 5.42
17 33 4.53
17 34 4.27
17 35 9.43
17 36 2.06
17 37 9.46
17 38 2.19
17 39 1.78
17 40 9.92
17 41 5.27
17 42 4.05
17 43 9.58
17 44 9.52
17 45 1.97
17 46 7.16
17 47 4.42
17 48 9.29
17 49 5.93
17 50 3.44
17 51 5.43
17 52 9.60
17 53 5.53
17 54 4.78
17 55 8.18
17 56 8.25
17 57 0.95
17 58 9.43
17 59 9.54
17 60 4.95
17 61 4.84
17 62 4.49
17 63 6.97
17 64 5.44
17 65 1.53
17 66 5.62
17 67 4.57
17 68 4.55
17 69 8.30
17 70 8.37
17 71 3.17
17 72 9.48
17 73 4.73
17 74 6.86
17 75 0.26
17 76 8.31
17 77 9.15
17 78 4.53
17 79 3.69
17 80 5.99
17 81 5.94
17 82 1.49
17 83 7.18
17 84 8.26
17 85 5.72
17 86 2.34
17 87 7.81
17 88 2.15
17 89 7.06
17 90 0.24
17 91 2.98
17 92 9.14
17 93 3.28
17 94 9.51
17 95 5.09
17 96 0.82
17 97 7.89
17 98 5.34
17 99 6.80
18 19 3.94
18 20 4.87
18 21 3.45
18 22 9.63
18 23 0.92
18 24 1.42
18 25 3.49
18 26 2.61
18 27 5.83
18 28 7.48
18 29 6.09
18 30 9.74
18 31 9.69
18 32 6.25
18 33 9.13
18 34 5.78
18 35 2.53
18 36 3.57
18 37 8.00
18 38 9.89
18 39 4.01
18 40 9.71
18 41 6.00
18 42 6.46
18 43 4.63
18 44 7.29
18 45 4.66
18 46 4.39
18 47 0.86
18 48 0.39
18 49 4.17
18 50 0.72
18 51 5.61
18 52 5.38
18 53 7.19
18 54 6.65
18 55 0.18
18 56 7.83
18 57 7.04
18 58 2.04
18 59 9.72
18 60 4.52
18 61 8.78
18 62 6.05
18 63 0.90
18 64 8.91
18 65 8.32
18 66 3.60
18 67 1.44
18 68 7.49
18 69 7.12
18 70 7.25
18 71 2.52
18 72 3.07
18 73 9.87
18 74 6.36
18 75 2.33
18 76 6.64
18 77 0.65
18 78 4.58
18 79 5.57
18 80 7.42
18 81 1.32
18 82 8.98
18 83 8.17
18 84 2.11
18 85 7.68
18 86 6.97
18 87 6.08
18 88 9.71
18 89 9.27
18 90 6.45
18 91 6.28
18 92 6.96
18 93 5.59
18 94 9.35
18 95 7.80
18 96 6.94
18 97 6.02
18 98 5.78
18 99 0.98
19 20 5.17
19 21 6.59
19 22 3.21
19 23 7.10
19 24 2.14
19 25 4.48
19 26 3.47
19 27 0.39
19 28 7.39
19 29 3.27
19 30 5.72
19 31 4.01
19 32 4.54
19 33 7.23
19 34 1.15
19 35 9.17
19 36 2.16
19 37 2.54
19 38 0.68
19 39 9.22
19 40 9.93
19 41 2.31
19 42 7.19
19 43 5.55
19 44 8.21
19 45 5.12
19 46 6.42
19 47 8.46
19 48 8.54
19 49 8.49
19 50 4.80
19 51 6.46
19 52 5.90
19 53 4.21
19 54 1.80
19 55 7.27
19 56 4.91
19 57 0.42
19 58 2.77
19 59 5.08
19 60 2.59
19 61 8.96
19 62 1.84
19 63 9.38
19 64 9.01
19 65 1.77
19 66 5.68
19 67 8.42
19 68 3.49
19 69 6.41
19 70 2.52
19 71 8.21
19 72 8.91
19 73 6.34
19 74 9.15
19 75 7.62
19 76 8.21
19 77 6.83
19 78 1.66
19 79 7.79
19 80 1.62
19 81 5.66
19 82 1.63
19 83 1.31
19 84 7.30
19 85 9.95
19 86 3.24
19 87 9.26
19 88 8.67
19 89 2.45
19 90 4.21
19 91 2.67
19 92 3.36
19 93 0.53
19 94 5.53
19 95 7.91
19 96 8.21
19 97 1.79
19 98 5.10
19 99 5.18
20 21 8.75
20 22 9.70
20 23 9.75
20 24 5.26
20 25 8.58
20 26 1.26
20 27 5.89
20 28 4.16
20 29 1.86
20 30 4.30
20 31 6.83
20 32 7.02
20 33 4.87
20 34 3.37
20 35 3.98
20 36 4.04
20 37 2.05
20 38 3.98
20 39 6.09
20 40 3.78
20 41 8.58
20 42 5.80
20 43 0.46
20 44 5.88
20 45 0.49
20 46 6.66
20 47 9.62
20 48 4.60
20 49 7.10
20 50 1.81
20 51 8.29
20 52 5.17
20 53 6.23
20 54 4.89
20 55 6.06
20 56 7.44
20 57 8.41
20 58 2.95
20 59 8.03
20 60 8.25
20 61 2.22
20 62 4.48
20 63 5.18
20 64 9.58
20 65 7.21
20 66 3.32
20 67 6.42
20 68 8.51
20 69 1.38
20 70 2.85
20 71 2.76
20 72 4.63
20 73 8.80
20 74 1.45
20 75 3.09
20 76 5.07
20 77 5.67
20 78 9.74
20 79 0.99
20 80 1.10
20 81 4.54
20 82 3.65
20 83 1.48
20 84 1.57
20 85 9.45
20 86 6.51
20 87 3.68
20 88 2.05
20 89 8.65
20 90 9.47
20 91 1.92
20 92 9.00
20 93 7.79
20 94 8.33
20 95 7.76
20 96 6.21
20 97 8.58
20 98 7.11
20 99 8.35
21 22 5.61
21 23 8.85
21 24 9.19
21 25 2.16
21 26 1.77
21 27 9.57
21 28 0.17
21 29 7.55
21 30 8.77
21 31 4.76
21 32 6.65
21 33 3.67
21 34 7.84
21 35 7.88
21 36 4.98
21 37 2.25
21 38 4.68
21 39 4.24
21 40 1.31
21 41 6.18
21 42 2.76
21 43 2.72
21 44 2.31
21 45 9.16
21 46 2.60
21 47 9.58
21 48 0.76
21 49 4.72
21 50 7.27
21 51 6.38
21 52 1.53
21 53 2.42
21 54 4.53
21 55 3.24
21 56 6.36
21 57 3.15
21 58 4.07
21 59 6.68
21 60 9.45
21 61 6.96
21 62 4.12
21 63 8.22
21 64 5.54
21 65 5.86
21 66 7.46
21 67 8.85
21 68 5.81
21 69 2.41
21 70 7.27
21 71 6.03
21 72 0.26
21 73 2.68
21 74 4.02
21 75 1.31
21 76 1.07
21 77 7.75
21 78 9.26
21 79 9.50
21 80 4.49
21 81 0.82
21 82 6.47
21 83 9.88
21 84 7.12
21 85 8.98
21 86 2.86
21 87 3.57
21 88 4.71
21 89 1.38
21 90 4.46
21 91 2.28
21 92 2.88
21 93 8.05
21 94 1.64
21 95 9.30
21 96 6.87
21 97 7.44
21 98 5.95
21 99 4.31
22 23 5.17
22 24 8.03
22 25 2.13
22 26 4.38
22 27 5.95
22 28 3.77
22 29 7.52
22 30 2.16
22 31 4.41
22 32 9.87
22 33 5.12
22 34 6.53
22 35 0.14
22 36 5.64
22 37 9.92
22 38 9.89
22 39 7.80
22 40 8.52
22 41 7.51
22 42 3.83
22 43 8.65
22 44 2.30
22 45 8.70
22 46 8.51
22 47 3.15
22 48 8.68
22 49 6.48
22 50 3.06
22 51 9.88
22 52 8.12
22 53 4.50
22 54 5.85
22 55 9.28
22 56 6.07
22 57 6.14
22 58 8.44
22 59 5.21
22 60 3.89
22 61 2.73
22 62 9.35
22 63 6.78
22 64 3.75
22 65 6.08
22 66 1.66
22 67 6.34
22 68 5.48
22 69 7.73
22 70 3.62
22 71 9.44
22 72 7.65
22 73 7.93
22 74 6.22
22 75 5.40
22 76 0.67
22 77 7.71
22 78 1.58
22 79 7.11
22 80 1.36
22 81 4.78
22 82 9.02
22 83 7.75
22 84 9.70
22 85 3.00
22 86 2.04
22 87 4.29
22 88 7.47
22 89 6.99
22 90 6.25
22 91 9.75
22 92 3.03
22 93 6.14
22 94 1.13
22 95 6.34
22 96 1.93
22 97 8.45
22 98 0.83
22 99 3.09
23 24 7.16
23 25 0.21
23 26 8.29
23 27 3.26
23 28 9.05
23 29 5.55
23 30 1.40
23 31 4.72
23 32 3.92
23 33 7.43
23 34 6.72
23 35 4.86
23 36 4.22
23 37 7.25
23 38 8.36
23 39 9.10
23 40 6.51
23 41 9.86
23 42 4.07
23 43 5.06
23 44 7.54
23 45 6.30
23 46 2.87
23 47 1.47
23 48 7.31
23 49 3.25
23 50 4.91
23 51 0.97
23 52 6.64
23 53 5.55
23 54 6.49
23 55 1.26
23 56 4.23
23 57 9.08
23 58 9.00
23 59 8.92
23 60 0.02
23 61 7.50
23 62 6.44
23 63 3.82
23 64 4.15
23 65 8.41
23 66 5.20
23 67 0.10
23 68 1.81
23 69 1.22
23 70 4.97
23 71 2.72
23 72 6.60
23 73 1.80
23 74 8.31
23 75 7.89
23 76 9.89
23 77 8.28
23 78 7.58
23 79 2.63
23 80 4.33
23 81 6.53
23 82 9.26
23 83 9.47
23 84 2.84
23 85 2.72
23 86 9.38
23 87 1.81
23 88 5.97
23 89 3.49
23 90 9.15
23 91 8.69
23 92 8.81
23 93 8.49
23 94 6.74
23 95 0.77
23 96 7.81
23 97 3.23
23 98 3.97
23 99 0.01
24 25 6.27
24 26 6.31
24 27 9.99
24 28 3.26
24 29 4.87
24 30 0.53
24 31 4.52
24 32 2.00
24 33 8.03
24 34 0.64
24 35 2.00
24 36 9.40
24 37 4.41
24 38 4.52
24 39 2.94
24 40 5.01
24 41 3.61
24 42 1.64
24 43 5.79
24 44 6.38
24 45 0.25
24 46 5.75
24 47 3.75
24 48 0.65
24 49 6.56
24 50 6.95
24 51 9.30
24 52 1.20
24 53 8.95
24 54 5.93
24 55 2.78
24 56 8.59
24 57 6.33
24 58 1.23
24 59 0.27
24 60 5.75
24 61 0.59
24 62 3.06
24 63 7.33
24 64 0.86
24 65 8.59
24 66 4.03
24 67 1.41
24 68 5.74
24 69 9.35
24 70 6.14
24 71 7.12
24 72 8.86
24 73 6.77
24 74 7.58
24 75 1.55
24 76 6.62
24 77 7.55
24 78 9.90
24 79 2.01
24 80 1.04
24 81 6.28
24 82 9.32
24 83 7.62
24 84 7.14
24 85 5.29
24 86 8.58
24 87 3.91
24 88 7.34
24 89 2.27
24 90 2.65
24 91 1.78
24 92 6.15
24 93 1.58
24 94 5.71
24 95 8.15
24 96 6.71
24 97 2.94
24 98 3.84
24 99 3.29
25 26 4.71
25 27 9.57
25 28 4.58
25 29 2.68
25 30 6.18
25 31 9.82
25 32 8.04
25 33 5.97
25 34 2.17
25 35 0.67
25 36 0.22
25 37 5.44
25 38 8.72
25 39 3.03
25 40 9.10
25 41 9.83
25 42 8.46
25 43 0.96
25 44 0.49
25 45 4.59
25 46 8.36
25 47 9.22
25 48 7.95
25 49 8.60
25 50 6.66
25 51 3.63
25 52 6.78
25 53 7.26
25 54 5.74
25 55 8.17
25 56 4.20
25 57 7.85
25 58 2.15
25 59 0.35
25 60 1.11
25 61 6.09
25 62 2.75
25 63 4.52
25 64 7.32
25 65 6.89
25 66 3.99
25 67 2.25
25 68 3.54
25 69 1.13
25 70 4.82
25 71 9.99
25 72 7.60
25 73 1.40
25 74 6.85
25 75 8.32
25 76 3.21
25 77 4.18
25 78 2.00
25 79 1.49
25 80 6.14
25 81 6.84
25 82 2.52
25 83 9.09
25 84 3.05
25 85 7.14
25 86 7.28
25 87 1.11
25 88 3.61
25 89 4.33
25 90 8.83
25 91 0.89
25 92 6.90
25 93 1.98
25 94 8.03
25 95 6.51
25 96 6.74
25 97 2.46
25 98 2.54
25 99 3.92
26 27 5.46
26 28 9.29
26 29 5.22
26 30 3.92
26 31 1.95
26 32 4.48
26 33 7.83
26 34 6.92
26 35 8.91
26 36 7.44
26 37 4.97
26 38 8.75
26 39 3.19
26 40 8.73
26 41 4.24
26 42 8.14
26 43 9.84
26 44 8.52
26 45 9.89
26 46 3.92
26 47 9.89
26 48 7.58
26 49 5.98
26 50 7.66
26 51 1.13
26 52 3.66
26 53 4.16
26 54 2.83
26 55 1.49
26 56 0.39
26 57 8.34
26 58 2.80
26 59 9.34
26 60 2.61
26 61 3.66
26 62 5.07
26 63 3.60
26 64 9.82
26 65 1.18
26 66 0.23
26 67 7.47
26 68 9.28
26 69 0.27
26 70 6.29
26 71 3.57
26 72 7.73
26 73 3.06
26 74 3.32
26 75 2.57
26 76 8.54
26 77 1.58
26 78 6.10
26 79 0.55
26 80 1.01
26 81 7.41
26 82 4.51
26 83 2.67
26 84 7.88
26 85 8.97
26 86 3.89
26 87 6.62
26 88 8.45
26 89 5.35
26 90 7.37
26 91 0.49
26 92 6.68
26 93 4.30
26 94 1.17
26 95 9.27
26 96 4.20
26 97 3.61
26 98 6.16
26 99 6.88
27 28 0.96
27 29 0.68
27 30 5.60
27 31 7.73
27 32 6.05
27 33 7.42
27 34 9.99
27 35 2.58
27 36 3.15
27 37 6.01
27 38 0.55
27 39 1.64
27 40 3.38
27 41 3.84
27 42 0.62
27 43 8.68
27 44 8.70
27 45 2.68
27 46 7.67
27 47 0.84
27 48 8.45
27 49 9.74
27 50 9.82
27 51 4.07
27 52 3.75
27 53 8.61
27 54 7.78
27 55 5.78
27 56 0.05
27 57 3.50
27 58 4.89
27 59 0.94
27 60 3.09
27 61 2.35
27 62 0.93
27 63 4.67
27 64 9.91
27 65 1.44
27 66 6.41
27 67 0.84
27 68 5.84
27 69 7.35
27 70 9.81
27 71 4.25
27 72 3.52
27 73 8.50
27 74 0.53
27 75 6.62
27 76 7.19
27 77 7.96
27 78 5.65
27 79 9.50
27 80 8.58
27 81 0.29
27 82 0.84
27 83 6.04
27 84 3.57
27 85 8.89
27 86 9.33
27 87 0.81
27 88 7.50
27 89 4.37
27 90 0.87
27 91 0.33
27 92 6.82
27 93 0.41
27 94 3.90
27 95 4.75
27 96 1.43
27 97 9.13
27 98 6.44
27 99 2.98
28 29 0.83
28 30 6.54
28 31 1.32
28 32 5.37
28 33 3.98
28 34 2.62
28 35 9.57
28 36 1.23
28 37 8.04
28 38 7.91
28 39 1.42
28 40 8.12
28 41 8.25
28 42 3.34
28 43 0.37
28 44 8.35
28 45 7.75
28 46 7.50
28 47 8.07
28 48 8.32
28 49 8.59
28 50 4.80
28 51 4.39
28 52 8.12
28 53 2.07
28 54 4.62
28 55 5.64
28 56 8.79
28 57 7.32
28 58 3.72
28 59 1.24
28 60 4.90
28 61 3.63
28 62 8.85
28 63 0.82
28 64 4.10
28 65 2.43
28 66 7.06
28 67 3.46
28 68 0.73
28 69 1.14
28 70 8.00
28 71 2.05
28 72 7.20
28 73 4.26
28 74 6.59
28 75 7.01
28 76 7.98
28 77 1.14
28 78 4.41
28 79 9.77
28 80 7.62
28 81 1.58
28 82 0.13
28 83 4.30
28 84 7.36
28 85 7.85
28 86 2.03
28 87 1.26
28 88 2.87
28 89 1.66
28 90 2.03
28 91 8.74
28 92 3.73
28 93 4.66
28 94 6.83
28 95 4.15
28 96 4.51
28 97 8.95
28 98 5.29
28 99 5.10
29 30 1.08
29 31 8.43
29 32 1.81
29 33 2.89
29 34 7.99
29 35 2.61
29 36 9.95
29 37 5.18
29 38 1.75
29 39 3.13
29 40 7.62
29 41 8.13
29 42 7.07
29 43 4.71
29 44 2.17
29 45 6.83
29 46 3.05
29 47 0.31
29 48 9.02
29 49 4.81
29 50 6.00
29 51 4.84
29 52 8.04
29 53 4.45
29 54 9.96
29 55 6.27
29 56 3.05
29 57 0.50
29 58 9.34
29 59 0.59
29 60 2.93
29 61 4.32
29 62 4.61
29 63 5.22
29 64 5.11
29 65 7.56
29 66 0.68
29 67 4.77
29 68 9.32
29 69 1.81
29 70 6.25
29 71 3.51
29 72 5.99
29 73 2.48
29 74 6.54
29 75 4.85
29 76 7.96
29 77 9.33
29 78 1.32
29 79 7.75
29 80 8.21
29 81 3.77
29 82 2.77
29 83 1.83
29 84 0.86
29 85 1.42
29 86 0.21
29 87 7.65
29 88 7.59
29 89 3.87
29 90 6.76
29 91 8.55
29 92 0.70
29 93 9.78
29 94 2.98
29 95 3.13
29 96 3.43
29 97 3.37
29 98 6.55
29 99 2.21
30 31 6.75
30 32 0.34
30 33 8.71
30 34 3.84
30 35 5.35
30 36 5.66
30 37 2.54
30 38 1.19
30 39 9.10
30 40 7.71
30 41 5.88
30 42 2.86
30 43 4.71
30 44 7.02
30 45 7.03
30 46 2.89
30 47 2.27
30 48 9.07
30 49 2.59
30 50 5.22
30 51 2.72
30 52 6.11
30 53 1.67
30 54 6.24
30 55 3.46
30 56 5.04
30 57 1.90
30 58 7.31
30 59 9.55
30 60 2.67
30 61 6.48
30 62 8.57
30 63 4.55
30 64 6.91
30 65 3.25
30 66 9.19
30 67 7.18
30 68 8.07
30 69 7.36
30 70 5.74
30 71 9.08
30 72 0.49
30 73 7.87
30 74 6.14
30 75 0.07
30 76 0.48
30 77 0.15
30 78 0.60
30 79 8.70
30 80 2.15
30 81 6.79
30 82 5.08
30 83 7.16
30 84 5.87
30 85 1.50
30 86 0.10
30 87 0.45
30 88 4.16
30 89 2.81
30 90 0.82
30 91 2.86
30 92 2.56
30 93 8.25
30 94 3.07
30 95 9.54
30 96 6.87
30 97 6.05
30 98 6.88
30 99 4.70
31 32 1.31
31 33 7.99
31 34 0.90
31 35 9.18
31 36 0.01
31 37 5.48
31 38 4.95
31 39 0.46
31 40 6.96
31 41 3.15
31 42 2.32
31 43 4.06
31 44 1.92
31 45 8.74
31 46 1.84
31 47 8.63
31 48 9.00
31 49 3.92
31 50 6.88
31 51 6.65
31 52 9.99
31 53 6.03
31 54 9.56
31 55 5.30
31 56 3.87
31 57 8.61
31 58 5.23
31 59 5.03
31 60 3.62
31 61 4.85
31 62 9.79
31 63 2.57
31 64 2.64
31 65 1.35
31 66 7.62
31 67 0.41
31 68 1.84
31 69 9.10
31 70 4.84
31 71 7.26
31 72 8.46
31 73 7.80
31 74 3.65
31 75 2.46
31 76 1.20
31 77 0.72
31 78 9.10
31 79 5.89
31 80 9.47
31 81 6.68
31 82 4.58
31 83 0.75
31 84 5.71
31 85 10.00
31 86 1.71
31 87 4.24
31 88 3.58
31 89 1.96
31 90 7.80
31 91 3.97
31 92 9.30
31 93 9.49
31 94 2.16
31 95 9.39
31 96 0.24
31 97 1.62
31 98 4.20
31 99 8.77
32 33 4.64
32 34 2.23
32 35 7.31
32 36 6.93
32 37 6.07
32 38 0.97
32 39 9.59
32 40 1.82
32 41 0.08
32 42 0.33
32 43 3.57
32 44 3.73
32 45 6.65
32 46 0.90
32 47 2.76
32 48 2.52
32 49 2.04
32 50 9.54
32 51 9.13
32 52 1.17
32 53 1.03
32 54 6.97
32 55 1.07
32 56 6.32
32 57 6.51
32 58 6.26
32 59 6.56
32 60 1.14
32 61 4.05
32 62 2.84
32 63 8.39
32 64 2.43
32 65 4.18
32 66 2.96
32 67 1.75
32 68 2.98
32 69 9.64
32 70 8.24
32 71 9.36
32 72 2.32
32 73 9.02
32 74 7.36
32 75 9.36
32 76 1.36
32 77 5.97
32 78 8.18
32 79 4.54
32 80 1.61
32 81 5.82
32 82 5.18
32 83 4.99
32 84 7.33
32 85 7.23
32 86 7.80
32 87 6.07
32 88 6.65
32 89 6.28
32 90 2.69
32 91 3.98
32 92 6.55
32 93 9.36
32 94 0.46
32 95 3.27
32 96 7.21
32 97 0.73
32 98 7.65
32 99 7.01
33 34 6.09
33 35 8.57
33 36 7.50
33 37 8.01
33 38 9.29
33 39 8.34
33 40 2.72
33 41 6.76
33 42 2.50
33 43 7.46
33 44 0.59
33 45 2.66
33 46 9.12
33 47 1.89
33 48 7.86
33 49 5.07
33 50 2.59
33 51 2.94
33 52 8.82
33 53 5.19
33 54 6.08
33 55 9.73
33 56 8.09
33 57 7.48
33 58 5.24
33 59 5.91
33 60 4.02
33 61 7.15
33 62 2.97
33 63 6.89
33 64 9.17
33 65 5.94
33 66 6.91
33 67 7.59
33 68 5.38
33 69 2.78
33 70 5.01
33 71 8.35
33 72 8.55
33 73 7.11
33 74 8.86
33 75 3.58
33 76 9.62
33 77 5.16
33 78 0.15
33 79 6.37
33 80 0.87
33 81 5.48
33 82 8.04
33 83 2.93
33 84 2.11
33 85 3.41
33 86 5.65
33 87 4.26
33 88 4.59
33 89 9.82
33 90 6.63
33 91 1.77
33 92 8.02
33 93 1.04
33 94 3.86
33 95 7.85
33 96 8.47
33 97 3.37
33 98 0.73
33 99 7.69
34 35 7.17
34 36 5.07
34 37 2.03
34 38 2.07
34 39 8.60
34 40 9.19
34 41 2.68
34 42 6.12
34 43 8.14
34 44 1.09
34 45 3.07
34 46 5.90
34 47 8.55
34 48 3.42
34 49 2.49
34 50 9.80
34 51 7.25
34 52 8.97
34 53 5.38
34 54 2.18
34 55 6.99
34 56 0.98
34 57 5.06
34 58 9.69
34 59 0.56
34 60 7.67
34 61 3.88
34 62 5.60
34 63 1.75
34 64 3.01
34 65 9.06
34 66 7.28
34 67 4.10
34 68 0.71
34 69 5.37
34 70 2.59
34 71 6.66
34 72 2.13
34 73 9.83
34 74 3.04
34 75 7.40
34 76 2.07
34 77 2.29
34 78 0.10
34 79 1.03
34 80 8.62
34 81 5.59
34 82 3.50
34 83 1.00
34 84 7.00
34 85 1.46
34 86 2.05
34 87 7.15
34 88 0.90
34 89 4.66
34 90 8.40
34 91 9.73
34 92 5.98
34 93 2.35
34 94 4.52
34 95 2.05
34 96 0.48
34 97 9.93
34 98 8.27
34 99 3.77
35 36 8.14
35 37 7.88
35 38 4.20
35 39 6.82
35 40 0.88
35 41 8.13
35 42 1.20
35 43 1.56
35 44 9.71
35 45 6.89
35 46 8.45
35 47 3.34
35 48 4.51
35 49 2.96
35 50 7.63
35 51 6.87
35 52 8.45
35 53 4.14
35 54 9.90
35 55 2.66
35 56 2.59
35 57 1.15
35 58 1.01
35 59 1.27
35 60 3.16
35 61 3.21
35 62 9.66
35 63 1.22
35 64 4.80
35 65 4.07
35 66 1.73
35 67 6.02
35 68 8.41
35 69 1.06
35 70 6.40
35 71 6.92
35 72 6.53
35 73 9.85
35 74 2.36
35 75 6.66
35 76 4.42
35 77 8.38
35 78 1.03
35 79 5.88
35 80 8.02
35 81 9.48
35 82 8.37
35 83 1.56
35 84 3.92
35 85 7.85
35 86 8.84
35 87 1.22
35 88 7.86
35 89 6.57
35 90 4.20
35 91 0.88
35 92 1.18
35 93 5.58
35 94 1.11
35 95 8.28
35 96 7.63
35 97 2.20
35 98 4.31
35 99 7.42
36 37 2.95
36 38 6.96
36 39 6.10
36 40 9.00
36 41 0.29
36 42 0.10
36 43 8.11
36 44 6.57
36 45 9.01
36 46 5.95
36 47 6.03
36 48 3.15
36 49 9.82
36 50 5.94
36 51 5.96
36 52 9.79
36 53 9.34
36 54 1.04
36 55 8.82
36 56 6.26
36 57 8.92
36 58 7.58
36 59 9.04
36 60 7.84
36 61 2.21
36 62 4.68
36 63 6.82
36 64 2.52
36 65 7.18
36 66 1.13
36 67 5.33
36 68 9.51
36 69 6.76
36 70 2.14
36 71 0.29
36 72 3.55
36 73 6.35
36 74 8.87
36 75 7.61
36 76 4.13
36 77 0.85
36 78 3.88
36 79 4.57
36 80 1.57
36 81 7.72
36 82 8.68
36 83 1.94
36 84 5.09
36 85 3.21
36 86 3.06
36 87 1.37
36 88 4.50
36 89 9.06
36 90 7.48
36 91 4.84
36 92 4.91
36 93 9.01
36 94 5.36
36 95 3.82
36 96 5.65
36 97 6.25
36 98 3.40
36 99 6.00
37 38 4.55
37 39 6.40
37 40 3.44
37 41 2.71
37 42 7.49
37 43 3.46
37 44 9.68
37 45 1.07
37 46 7.45
37 47 1.71
37 48 5.77
37 49 0.90
37 50 8.01
37 51 0.94
37 52 3.62
37 53 9.70
37 54 6.15
37 55 9.79
37 56 7.73
37 57 8.68
37 58 3.06
37 59 1.16
37 60 7.30
37 61 4.33
37 62 0.32
37 63 5.07
37 64 4.65
37 65 8.33
37 66 0.78
37 67 8.33
37 68 7.11
37 69 5.70
37 70 4.44
37 71 7.84
37 72 1.71
37 73 0.51
37 74 1.79
37 75 6.81
37 76 0.06
37 77 6.43
37 78 8.75
37 79 1.97
37 80 5.84
37 81 7.99
37 82 7.96
37 83 6.47
37 84 4.42
37 85 6.34
37 86 4.16
37 87 6.29
37 88 7.65
37 89 1.59
37 90 3.16
37 91 6.02
37 92 7.03
37 93 6.96
37 94 6.10
37 95 8.39
37 96 2.98
37 97 7.38
37 98 4.75
37 99 3.72
38 39 5.12
38 40 1.21
38 41 8.73
38 42 2.37
38 43 4.82
38 44 7.16
38 45 8.69
38 46 0.21
38 47 5.07
38 48 1.02
38 49 7.56
38 50 2.41
38 51 5.85
38 52 8.83
38 53 9.41
38 54 9.23
38 55 5.38
38 56 9.53
38 57 7.41
38 58 3.99
38 59 6.74
38 60 5.19
38 61 7.84
38 62 3.98
38 63 2.62
38 64 9.64
38 65 2.77
38 66 0.53
38 67 6.66
38 68 1.29
38 69 3.86
38 70 2.55
38 71 8.76
38 72 3.51
38 73 1.25
38 74 7.38
38 75 8.85
38 76 7.52
38 77 4.42
38 78 6.08
38 79 4.15
38 80 8.79
38 81 4.15
38 82 9.21
38 83 5.84
38 84 3.39
38 85 1.13
38 86 5.49
38 87 8.72
38 88 5.70
38 89 0.36
38 90 3.96
38 91 8.95
38 92 1.90
38 93 8.16
38 94 7.55
38 95 6.69
38 96 9.28
38 97 1.90
38 98 0.59
38 99 2.48
39 40 6.08
39 41 3.27
39 42 6.01
39 43 3.96
39 44 5.69
39 45 0.08
39 46 6.33
39 47 2.93
39 48 5.96
39 49 2.93
39 50 1.02
39 51 7.15
39 52 9.96
39 53 0.13
39 54 8.89
39 55 1.57
39 56 2.23
39 57 8.54
39 58 5.72
39 59 2.65
39 60 7.17
39 61 8.39
39 62 6.00
39 63 1.79
39 64 2.83
39 65 2.70
39 66 5.98
39 67 6.53
39 68 3.71
39 69 5.27
39 70 2.01
39 71 8.64
39 72 4.87
39 73 3.24
39 74 9.16
39 75 2.00
39 76 7.57
39 77 6.72
39 78 2.90
39 79 0.98
39 80 6.59
39 81 9.13
39 82 1.40
39 83 7.71
39 84 8.32
39 85 5.50
39 86 5.31
39 87 5.37
39 88 4.71
39 89 1.66
39 90 5.41
39 91 9.75
39 92 0.83
39 93 1.92
39 94 5.79
39 95 1.32
39 96 9.00
39 97 5.20
39 98 6.41
39 99 3.52
40 41 3.16
40 42 8.07
40 43 2.71
40 44 2.53
40 45 7.88
40 46 3.06
40 47 3.03
40 48 5.35
40 49 5.10
40 50 5.73
40 51 8.87
40 52 3.27
40 53 6.38
40 54 2.98
40 55 10.00
40 56 0.68
40 57 6.20
40 58 5.59
40 59 5.88
40 60 7.35
40 61 1.58
40 62 6.18
40 63 5.26
40 64 7.85
40 65 1.57
40 66 2.70
40 67 1.74
40 68 4.37
40 69 9.41
40 70 6.06
40 71 7.12
40 72 0.35
40 73 7.16
40 74 9.07
40 75 0.60
40 76 5.20
40 77 6.42
40 78 3.71
40 79 3.14
40 80 8.35
40 81 6.51
40 82 3.06
40 83 2.08
40 84 4.72
40 85 8.77
40 86 0.50
40 87 4.03
40 88 3.69
40 89 2.93
40 90 9.04
40 91 8.89
40 92 6.61
40 93 0.53
40 94 7.08
40 95 4.37
40 96 3.71
40 97 8.33
40 98 6.60
40 99 7.67
41 42 8.32
41 43 7.28
41 44 4.48
41 45 5.81
41 46 7.67
41 47 4.29
41 48 2.54
41 49 3.13
41 50 8.23
41 51 1.99
41 52 4.25
41 53 5.82
41 54 5.64
41 55 5.29
41 56 5.88
41 57 1.23
41 58 9.91
41 59 9.27
41 60 0.24
41 61 6.19
41 62 0.25
41 63 2.55
41 64 0.59
41 65 2.32
41 66 2.72
41 67 3.61
41 68 4.42
41 69 6.47
41 70 7.16
41 71 2.15
41 72 7.38
41 73 5.77
41 74 5.81
41 75 3.16
41 76 7.37
41 77 2.92
41 78 9.94
41 79 8.45
41 80 5.61
41 81 1.62
41 82 2.02
41 83 9.92
41 84 2.47
41 85 3.49
41 86 7.98
41 87 2.42
41 88 8.52
41 89 5.87
41 90 4.77
41 91 4.27
41 92 1.27
41 93 2.47
41 94 9.34
41 95 4.72
41 96 4.62
41 97 3.44
41 98 0.57
41 99 8.75
42 43 8.45
42 44 4.50
42 45 5.93
42 46 4.71
42 47 0.48
42 48 8.43
42 49 4.37
42 50 2.37
42 51 8.02
42 52 6.86
42 53 6.75
42 54 4.33
42 55 2.31
42 56 2.99
42 57 5.08
42 58 7.65
42 59 7.40
42 60 5.26
42 61 5.58
42 62 1.52
42 63 1.05
42 64 7.90
42 65 5.44
42 66 1.33
42 67 4.77
42 68 7.76
42 69 1.41
42 70 3.13
42 71 2.06
42 72 7.22
42 73 5.74
42 74 7.35
42 75 1.17
42 76 8.33
42 77 6.70
42 78 5.50
42 79 3.27
42 80 4.17
42 81 3.46
42 82 8.14
42 83 5.98
42 84 1.29
42 85 3.64
42 86 9.87
42 87 3.77
42 88 3.30
42 89 2.55
42 90 1.43
42 91 6.34
42 92 8.65
42 93 4.93
42 94 6.15
42 95 9.75
42 96 8.90
42 97 5.96
42 98 9.16
42 99 0.90
43 44 1.52
43 45 0.90
43 46 6.45
43 47 3.96
43 48 7.21
43 49 7.61
43 50 9.51
43 51 1.94
43 52 2.21
43 53 5.83
43 54 2.91
43 55 8.78
43 56 7.12
43 57 3.33
43 58 7.14
43 59 5.56
43 60 1.40
43 61 4.40
43 62 8.44
43 63 6.28
43 64 0.73
43 65 5.87
43 66 4.14
43 67 4.50
43 68 9.78
43 69 4.26
43 70 9.70
43 71 3.19
43 72 8.61
43 73 7.73
43 74 0.13
43 75 7.82
43 76 3.84
43 77 2.73
43 78 0.49
43 79 8.68
43 80 5.61
43 81 0.53
43 82 2.87
43 83 4.24
43 84 0.19
43 85 7.82
43 86 9.63
43 87 2.13
43 88 9.51
43 89 1.70
43 90 6.27
43 91 6.47
43 92 7.19
43 93 4.47
43 94 1.55
43 95 4.51
43 96 3.41
43 97 5.62
43 98 5.91
43 99 8.64
44 45 2.65
44 46 5.16
44 47 0.11
44 48 7.75
44 49 6.70
44 50 9.29
44 51 0.81
44 52 8.31
44 53 8.88
44 54 6.49
44 55 0.20
44 56 1.19
44 57 6.95
44 58 6.92
44 59 8.46
44 60 6.29
44 61 5.58
44 62 6.79
44 63 8.74
44 64 3.93
44 65 2.00
44 66 6.49
44 67 4.74
44 68 0.35
44 69 6.44
44 70 6.53
44 71 4.52
44 72 8.57
44 73 3.47
44 74 6.41
44 75 0.71
44 76 3.39
44 77 5.26
44 78 6.81
44 79 2.45
44 80 2.83
44 81 4.97
44 82 5.66
44 83 1.81
44 84 9.10
44 85 3.52
44 86 5.67
44 87 6.26
44 88 9.62
44 89 1.63
44 90 7.76
44 91 0.64
44 92 1.69
44 93 1.25
44 94 3.38
44 95 8.21
44 96 8.36
44 97 8.10
44 98 1.92
44 99 6.91
45 46 5.75
45 47 4.43
45 48 1.87
45 49 6.98
45 50 0.57
45 51 7.24
45 52 6.43
45 53 4.68
45 54 0.50
45 55 9.73
45 56 8.91
45 57 1.42
45 58 6.99
45 59 5.37
45 60 0.07
45 61 1.29
45 62 5.12
45 63 9.91
45 64 2.81
45 65 5.71
45 66 5.23
45 67 4.36
45 68 6.36
45 69 9.09
45 70 7.55
45 71 6.33
45 72 2.52
45 73 7.05
45 74 5.93
45 75 2.27
45 76 6.90
45 77 6.69
45 78 6.77
45 79 4.23
45 80 5.39
45 81 0.43
45 82 3.51
45 83 8.34
45 84 9.84
45 85 4.01
45 86 4.58
45 87 1.54
45 88 9.84
45 89 5.18
45 90 9.41
45 91 5.07
45 92 0.38
45 93 4.78
45 94 6.73
45 95 4.91
45 96 0.36
45 97 5.75
45 98 8.76
45 99 3.48
46 47 8.24
46 48 2.37
46 49 7.32
46 50 5.45
46 51 3.94
46 52 3.54
46 53 8.20
46 54 8.70
46 55 9.64
46 56 1.13
46 57 5.27
46 58 7.57
46 59 1.30
46 60 3.29
46 61 6.38
46 62 3.02
46 63 3.72
46 64 2.54
46 65 7.30
46 66 9.85
46 67 3.74
46 68 0.08
46 69 3.63
46 70 4.64
46 71 2.74
46 72 9.19
46 73 8.38
46 74 1.26
46 75 7.47
46 76 3.61
46 77 2.59
46 78 6.98
46 79 1.38
46 80 9.91
46 81 8.46
46 82 0.39
46 83 5.42
46 84 0.11
46 85 5.47
46 86 0.34
46 87 3.55
46 88 1.60
46 89 6.76
46 90 7.52
46 91 6.78
46 92 0.83
46 93 2.82
46 94 9.76
46 95 4.53
46 96 4.23
46 97 0.43
46 98 8.63
46 99 5.91
47 48 4.96
47 49 3.40
47 50 9.13
47 51 7.26
47 52 4.98
47 53 4.73
47 54 2.28
47 55 0.05
47 56 2.39
47 57 9.77
47 58 0.65
47 59 4.86
47 60 4.70
47 61 0.43
47 62 4.04
47 63 6.68
47 64 1.22
47 65 4.85
47 66 0.89
47 67 8.52
47 68 2.12
47 69 8.63
47 70 6.12
47 71 3.01
47 72 8.45
47 73 0.08
47 74 8.64
47 75 0.54
47 76 2.21
47 77 3.10
47 78 2.00
47 79 1.18
47 80 2.51
47 81 1.75
47 82 8.16
47 83 1.95
47 84 1.56
47 85 2.70
47 86 8.08
47 87 7.32
47 88 5.33
47 89 7.82
47 90 2.51
47 91 3.38
47 92 8.14
47 93 9.79
47 94 8.59
47 95 1.86
47 96 5.15
47 97 0.69
47 98 2.92
47 99 3.47
48 49 3.62
48 50 2.15
48 51 1.30
48 52 3.88
48 53 1.74
48 54 4.90
48 55 6.94
48 56 5.66
48 57 9.03
48 58 8.53
48 59 9.76
48 60 0.88
48 61 5.46
48 62 0.83
48 63 0.16
48 64 2.95
48 65 8.14
48 66 4.05
48 67 3.99
48 68 3.56
48 69 0.99
48 70 7.45
48 71 4.19
48 72 5.04
48 73 1.80
48 74 7.08
48 75 7.51
48 76 7.98
48 77 9.48
48 78 5.09
48 79 3.03
48 80 7.29
48 81 7.27
48 82 3.34
48 83 3.51
48 84 1.29
48 85 3.46
48 86 1.00
48 87 2.95
48 88 4.62
48 89 5.06
48 90 0.87
48 91 4.32
48 92 7.50
48 93 7.81
48 94 5.51
48 95 0.17
48 96 2.15
48 97 0.39
48 98 6.16
48 99 7.58
49 50 0.21
49 51 7.17
49 52 5.11
49 53 4.48
49 54 4.19
49 55 6.42
49 56 9.67
49 57 2.62
49 58 2.57
49 59 4.90
49 60 5.16
49 61 5.54
49 62 6.07
49 63 1.72
49 64 6.31
49 65 0.54
49 66 9.41
49 67 2.82
49 68 2.04
49 69 7.14
49 70 0.09
49 71 6.29
49 72 0.41
49 73 2.48
49 74 1.88
49 75 8.91
49 76 0.29
49 77 0.75
49 78 7.27
49 79 1.27
49 80 6.81
49 81 9.02
49 82 1.76
49 83 5.27
49 84 3.38
49 85 7.28
49 86 1.67
49 87 8.47
49 88 8.09
49 89 8.34
49 90 0.95
49 91 5.57
49 92 4.86
49 93 0.92
49 94 5.91
49 95 7.63
49 96 9.22
49 97 1.77
49 98 2.57
49 99 2.89
50 51 0.82
50 52 8.51
50 53 2.67
50 54 1.30
50 55 6.46
50 56 5.33
50 57 1.20
50 58 7.70
50 59 4.42
50 60 3.21
50 61 5.66
50 62 1.11
50 63 8.82
50 64 8.95
50 65 4.25
50 66 7.93
50 67 6.89
50 68 0.74
50 69 8.91
50 70 3.02
50 71 0.99
50 72 1.17
50 73 3.46
50 74 2.91
50 75 4.13
50 76 3.69
50 77 2.11
50 78 0.39
50 79 3.33
50 80 6.48
50 81 7.10
50 82 0.23
50 83 5.97
50 84 8.50
50 85 1.51
50 86 1.02
50 87 0.46
50 88 3.83
50 89 9.28
50 90 7.82
50 91 3.52
50 92 2.81
50 93 3.01
50 94 0.89
50 95 4.39
50 96 8.82
50 97 4.31
50 98 3.54
50 99 8.43
51 52 6.04
51 53 8.86
51 54 4.87
51 55 9.84
51 56 0.72
51 57 7.43
51 58 7.81
51 59 8.51
51 60 7.13
51 61 2.48
51 62 4.38
51 63 7.38
51 64 2.00
51 65 6.72
51 66 8.14
51 67 2.10
51 68 4.49
51 69 4.68
51 70 7.59
51 71 4.13
51 72 4.14
51 73 0.96
51 74 5.38
51 75 7.21
51 76 0.88
51 77 9.97
51 78 9.05
51 79 8.32
51 80 8.36
51 81 0.91
51 82 8.73
51 83 1.33
51 84 7.93
51 85 0.79
51 86 6.03
51 87 5.30
51 88 3.00
51 89 3.48
51 90 5.76
51 91 9.85
51 92 8.18
51 93 5.46
51 94 4.13
51 95 1.68
51 96 6.18
51 97 6.31
51 98 0.14
51 99 9.06
52 53 6.66
52 54 9.85
52 55 3.48
52 56 7.68
52 57 9.64
52 58 3.01
52 59 1.73
52 60 7.94
52 61 5.55
52 62 2.58
52 63 2.63
52 64 1.66
52 65 2.15
52 66 2.02
52 67 2.01
52 68 0.67
52 69 5.09
52 70 2.40
52 71 7.95
52 72 5.72
52 73 8.87
52 74 3.39
52 75 8.91
52 76 4.55
52 77 6.80
52 78 0.46
52 79 3.04
52 80 3.40
52 81 0.85
52 82 5.59
52 83 5.53
52 84 7.26
52 85 6.50
52 86 9.19
52 87 3.79
52 88 7.29
52 89 8.43
52 90 7.54
52 91 3.41
52 92 5.55
52 93 8.23
52 94 2.04
52 95 4.84
52 96 0.00
52 97 6.07
52 98 9.26
52 99 1.57
53 54 5.88
53 55 1.83
53 56 3.33
53 57 7.08
53 58 4.97
53 59 4.56
53 60 9.49
53 61 9.21
53 62 0.76
53 63 1.09
53 64 1.09
53 65 9.80
53 66 5.89
53 67 6.56
53 68 5.46
53 69 0.10
53 70 2.69
53 71 4.82
53 72 0.44
53 73 7.38
53 74 4.98
53 75 8.40
53 76 8.94
53 77 6.94
53 78 1.73
53 79 6.43
53 80 7.01
53 81 5.81
53 82 6.52
53 83 2.04
53 84 9.51
53 85 2.26
53 86 7.12
53 87 8.93
53 88 8.72
53 89 8.16
53 90 2.64
53 91 4.72
53 92 1.70
53 93 9.61
53 94 8.52
53 95 3.86
53 96 7.17
53 97 6.25
53 98 3.25
53 99 7.35
54 55 6.21
54 56 3.32
54 57 0.63
54 58 6.88
54 59 4.44
54 60 9.62
54 61 6.31
54 62 7.18
54 63 1.88
54 64 6.64
54 65 0.85
54 66 5.87
54 67 8.87
54 68 6.99
54 69 5.51
54 70 3.98
54 71 2.48
54 72 8.04
54 73 7.15
54 74 6.81
54 75 7.41
54 76 4.34
54 77 3.05
54 78 9.52
54 79 3.24
54 80 3.44
54 81 6.01
54 82 1.28
54 83 3.96
54 84 4.84
54 85 9.50
54 86 3.13
54 87 3.30
54 88 3.83
54 89 7.10
54 90 0.50
54 91 2.95
54 92 8.17
54 93 3.60
54 94 5.62
54 95 3.77
54 96 5.11
54 97 5.06
54 98 9.55
54 99 4.86
55 56 7.38
55 57 6.75
55 58 2.26
55 59 4.68
55 60 3.47
55 61 8.57
55 62 3.92
55 63 1.58
55 64 8.06
55 65 3.30
55 66 4.65
55 67 0.01
55 68 9.05
55 69 2.16
55 70 6.84
55 71 2.37
55 72 10.00
55 73 6.94
55 74 1.22
55 75 7.55
55 76 6.91
55 77 0.14
55 78 7.81
55 79 1.94
55 80 4.29
55 81 7.23
55 82 9.86
55 83 8.09
55 84 1.51
55 85 4.09
55 86 9.91
55 87 8.96
55 88 7.80
55 89 8.63
55 90 6.91
55 91 0.85
55 92 4.23
55 93 8.77
55 94 9.65
55 95 2.20
55 96 0.87
55 97 4.48
55 98 8.71
55 99 0.51
56 57 6.81
56 58 9.85
56 59 1.99
56 60 6.43
56 61 1.83
56 62 2.79
56 63 0.51
56 64 3.57
56 65 2.00
56 66 3.53
56 67 4.99
56 68 3.66
56 69 6.73
56 70 3.06
56 71 4.85
56 72 2.86
56 73 0.05
56 74 4.46
56 75 9.42
56 76 5.58
56 77 5.33
56 78 4.54
56 79 3.81
56 80 4.28
56 81 0.97
56 82 3.32
56 83 0.79
56 84 0.16
56 85 2.44
56 86 2.79
56 87 8.54
56 88 3.04
56 89 0.79
56 90 7.72
56 91 2.50
56 92 5.21
56 93 6.43
56 94 4.52
56 95 5.39
56 96 7.61
56 97 2.31
56 98 4.45
56 99 1.24
57 58 9.97
57 59 7.36
57 60 1.44
57 61 3.09
57 62 5.60
57 63 1.58
57 64 9.29
57 65 4.12
57 66 0.51
57 67 2.06
57 68 8.35
57 69 0.04
57 70 6.25
57 71 3.98
57 72 1.50
57 73 2.73
57 74 7.15
57 75 0.31
57 76 4.46
57 77 1.04
57 78 9.89
57 79 0.09
57 80 0.71
57 81 3.13
57 82 0.41
57 83 9.87
57 84 5.74
57 85 1.51
57 86 8.95
57 87 7.88
57 88 3.77
57 89 3.33
57 90 1.26
57 91 4.52
57 92 6.41
57 93 4.37
57 94 1.96
57 95 5.51
57 96 7.05
57 97 5.93
57 98 2.19
57 99 1.97
58 59 2.86
58 60 7.64
58 61 3.45
58 62 1.49
58 63 8.99
58 64 9.90
58 65 9.34
58 66 9.27
58 67 6.14
58 68 6.16
58 69 0.43
58 70 2.97
58 71 8.32
58 72 0.29
58 73 1.25
58 74 3.36
58 75 4.19
58 76 1.04
58 77 4.98
58 78 1.47
58 79 4.13
58 80 6.50
58 81 9.17
58 82 6.94
58 83 9.79
58 84 5.86
58 85 7.24
58 86 5.06
58 87 5.57
58 88 9.83
58 89 9.87
58 90 5.40
58 91 9.64
58 92 3.52
58 93 0.89
58 94 2.99
58 95 9.52
58 96 2.20
58 97 8.81
58 98 7.48
58 99 4.30
59 60 6.85
59 61 8.50
59 62 6.65
59 63 9.42
59 64 9.51
59 65 2.46
59 66 6.34
59 67 7.35
59 68 2.25
59 69 1.73
59 70 0.55
59 71 8.79
59 72 7.98
59 73 1.35
59 74 1.41
59 75 0.54
59 76 2.01
59 77 0.11
59 78 5.44
59 79 3.68
59 80 5.22
59 81 9.95
59 82 7.54
59 83 8.53
59 84 3.00
59 85 9.73
59 86 3.43
59 87 0.88
59 88 1.44
59 89 3.11
59 90 3.22
59 91 2.11
59 92 4.81
59 93 9.04
59 94 5.70
59 95 0.15
59 96 0.81
59 97 3.80
59 98 5.04
59 99 9.55
60 61 0.86
60 62 3.48
60 63 1.10
60 64 3.38
60 65 7.66
60 66 8.86
60 67 6.97
60 68 7.41
60 69 0.95
60 70 8.37
60 71 1.03
60 72 1.95
60 73 4.54
60 74 9.67
60 75 9.22
60 76 4.96
60 77 0.81
60 78 6.00
60 79 5.12
60 80 9.08
60 81 3.38
60 82 2.68
60 83 5.02
60 84 9.13
60 85 8.40
60 86 2.23
60 87 7.99
60 88 9.25
60 89 7.99
60 90 6.30
60 91 4.14
60 92 2.20
60 93 0.63
60 94 0.24
60 95 6.64
60 96 5.42
60 97 6.54
60 98 1.82
60 99 7.89
61 62 0.43
61 63 1.30
61 64 5.31
61 65 6.93
61 66 0.19
61 67 3.46
61 68 4.12
61 69 1.52
61 70 6.85
61 71 6.19
61 72 6.13
61 73 9.73
61 74 2.95
61 75 0.20
61 76 3.85
61 77 2.44
61 78 0.58
61 79 6.63
61 80 2.07
61 81 7.80
61 82 5.89
61 83 4.83
61 84 5.01
61 85 6.96
61 86 5.03
61 87 9.31
61 88 7.75
61 89 2.72
61 90 2.88
61 91 0.59
61 92 3.63
61 93 8.62
61 94 4.57
61 95 8.33
61 96 9.49
61 97 6.82
61 98 3.10
61 99 6.46
62 63 1.60
62 64 6.15
62 65 3.48
62 66 4.99
62 67 3.59
62 68 3.77
62 69 2.52
62 70 5.30
62 71 2.15
62 72 0.48
62 73 0.75
62 74 7.89
62 75 5.00
62 76 1.94
62 77 5.11
62 78 9.53
62 79 8.57
62 80 8.13
62 81 3.11
62 82 9.95
62 83 8.59
62 84 4.80
62 85 3.72
62 86 0.69
62 87 4.41
62 88 8.36
62 89 5.71
62 90 3.04
62 91 2.28
62 92 0.08
62 93 3.29
62 94 1.57
62 95 8.29
62 96 3.14
62 97 8.21
62 98 4.40
62 99 0.27
63 64 9.50
63 65 1.83
63 66 6.65
63 67 0.13
63 68 5.95
63 69 1.44
63 70 1.96
63 71 5.85
63 72 3.51
63 73 5.05
63 74 6.33
63 75 4.84
63 76 1.32
63 77 1.34
63 78 0.06
63 79 0.51
63 80 1.52
63 81 5.48
63 82 6.77
63 83 3.18
63 84 7.58
63 85 8.52
63 86 3.16
63 87 5.50
63 88 8.89
63 89 4.77
63 90 5.69
63 91 8.96
63 92 2.03
63 93 4.97
63 94 3.04
63 95 3.07
63 96 6.24
63 97 6.90
63 98 6.54
63 99 3.71
64 65 7.36
64 66 8.67
64 67 1.04
64 68 4.43
64 69 7.64
64 70 1.52
64 71 0.67
64 72 7.24
64 73 3.80
64 74 7.15
64 75 5.40
64 76 2.01
64 77 3.41
64 78 5.43
64 79 2.34
64 80 5.54
64 81 5.17
64 82 9.07
64 83 9.82
64 84 6.79
64 85 6.84
64 86 7.37
64 87 8.14
64 88 5.61
64 89 5.19
64 90 8.56
64 91 5.80
64 92 7.33
64 93 1.50
64 94 7.73
64 95 7.86
64 96 7.85
64 97 4.23
64 98 0.76
64 99 2.92
65 66 1.28
65 67 0.15
65 68 4.96
65 69 3.13
65 70 1.37
65 71 8.62
65 72 1.56
65 73 3.39
65 74 1.74
65 75 0.12
65 76 2.45
65 77 2.43
65 78 7.09
65 79 0.44
65 80 6.06
65 81 6.07
65 82 7.31
65 83 7.02
65 84 0.50
65 85 7.06
65 86 7.72
65 87 1.05
65 88 7.52
65 89 2.40
65 90 2.78
65 91 2.02
65 92 1.75
65 93 1.42
65 94 8.05
65 95 3.56
65 96 5.80
65 97 7.99
65 98 9.18
65 99 7.87
66 67 4.55
66 68 0.16
66 69 8.09
66 70 0.27
66 71 3.91
66 72 7.43
66 73 5.72
66 74 0.44
66 75 2.16
66 76 8.43
66 77 6.40
66 78 4.71
66 79 1.78
66 80 0.78
66 81 9.70
66 82 9.18
66 83 2.11
66 84 5.98
66 85 9.74
66 86 2.20
66 87 1.49
66 88 2.90
66 89 6.01
66 90 7.12
66 91 1.24
66 92 7.84
66 93 5.28
66 94 8.02
66 95 6.45
66 96 8.54
66 97 4.85
66 98 6.84
66 99 0.32
67 68 7.35
67 69 0.26
67 70 3.85
67 71 5.71
67 72 0.23
67 73 0.46
67 74 2.44
67 75 4.11
67 76 3.72
67 77 8.38
67 78 4.62
67 79 8.74
67 80 3.52
67 81 7.34
67 82 1.79
67 83 5.12
67 84 4.17
67 85 4.23
67 86 1.81
67 87 1.88
67 88 6.71
67 89 7.29
67 90 8.45
67 91 5.39
67 92 8.26
67 93 9.82
67 94 5.15
67 95 2.37
67 96 8.95
67 97 6.95
67 98 0.17
67 99 5.21
68 69 0.98
68 70 6.80
68 71 4.25
68 72 6.07
68 73 0.48
68 74 7.35
68 75 7.33
68 76 3.01
68 77 9.83
68 78 2.64
68 79 2.28
68 80 0.92
68 81 4.26
68 82 0.70
68 83 5.90
68 84 5.38
68 85 7.07
68 86 4.48
68 87 1.40
68 88 3.80
68 89 6.45
68 90 3.55
68 91 1.48
68 92 3.85
68 93 1.09
68 94 0.55
68 95 1.91
68 96 5.28
68 97 3.56
68 98 0.37
68 99 1.25
69 70 0.33
69 71 8.08
69 72 4.06
69 73 1.73
69 74 9.19
69 75 4.92
69 76 1.34
69 77 7.37
69 78 7.84
69 79 7.22
69 80 8.72
69 81 4.14
69 82 2.46
69 83 3.23
69 84 4.54
69 85 0.27
69 86 8.67
69 87 9.66
69 88 5.13
69 89 3.25
69 90 5.07
69 91 4.54
69 92 8.39
69 93 6.19
69 94 2.71
69 95 1.36
69 96 4.31
69 97 1.43
69 98 8.02
69 99 5.58
70 71 9.42
70 72 9.90
70 73 5.71
70 74 2.25
70 75 8.56
70 76 8.34
70 77 4.14
70 78 3.76
70 79 0.47
70 80 8.73
70 81 0.32
70 82 4.09
70 83 8.85
70 84 1.67
70 85 7.94
70 86 0.70
70 87 4.18
70 88 1.60
70 89 8.48
70 90 0.85
70 91 1.08
70 92 1.11
70 93 7.84
70 94 6.32
70 95 9.52
70 96 1.67
70 97 5.16
70 98 7.33
70 99 8.30
71 72 4.37
71 73 9.38
71 74 8.50
71 75 7.67
71 76 8.02
71 77 3.29
71 78 3.18
71 79 6.35
71 80 0.74
71 81 8.37
71 82 7.45
71 83 3.31
71 84 8.20
71 85 5.86
71 86 7.45
71 87 5.65
71 88 4.70
71 89 0.05
71 90 8.63
71 91 8.34
71 92 3.98
71 93 4.11
71 94 0.54
71 95 4.85
71 96 6.62
71 97 5.55
71 98 4.20
71 99 2.45
72 73 0.55
72 74 8.95
72 75 8.65
72 76 5.87
72 77 9.01
72 78 7.72
72 79 1.56
72 80 3.38
72 81 1.65
72 82 1.91
72 83 2.04
72 84 6.05
72 85 5.23
72 86 4.11
72 87 7.51
72 88 3.23
72 89 4.45
72 90 6.00
72 91 4.66
72 92 4.49
72 93 3.77
72 94 8.30
72 95 6.53
72 96 9.24
72 97 7.08
72 98 4.44
72 99 2.43
73 74 0.45
73 75 8.94
73 76 9.17
73 77 4.96
73 78 4.94
73 79 6.53
73 80 8.35
73 81 9.83
73 82 7.35
73 83 3.99
73 84 7.96
73 85 4.77
73 86 4.87
73 87 4.54
73 88 5.12
73 89 2.22
73 90 8.89
73 91 5.43
73 92 2.01
73 93 6.12
73 94 6.58
73 95 4.82
73 96 4.65
73 97 3.54
73 98 6.37
73 99 7.03
74 75 1.14
74 76 1.14
74 77 7.31
74 78 2.42
74 79 3.71
74 80 3.67
74 81 6.23
74 82 6.05
74 83 9.35
74 84 6.42
74 85 0.28
74 86 8.86
74 87 8.27
74 88 0.06
74 89 7.01
74 90 4.47
74 91 5.82
74 92 8.65
74 93 1.73
74 94 6.47
74 95 7.79
74 96 7.69
74 97 5.09
74 98 5.75
74 99 5.95
75 76 4.73
75 77 3.43
75 78 5.24
75 79 1.88
75 80 2.03
75 81 4.82
75 82 9.79
75 83 3.69
75 84 9.77
75 85 8.49
75 86 7.53
75 87 8.75
75 88 2.65
75 89 3.48
75 90 3.85
75 91 3.13
75 92 8.57
75 93 3.98
75 94 8.89
75 95 5.21
75 96 4.20
75 97 8.71
75 98 6.58
75 99 7.76
76 77 7.70
76 78 6.80
76 79 8.67
76 80 5.30
76 81 6.76
76 82 3.77
76 83 1.98
76 84 7.51
76 85 4.75
76 86 6.90
76 87 6.17
76 88 0.65
76 89 5.01
76 90 2.83
76 91 0.97
76 92 7.27
76 93 8.77
76 94 0.73
76 95 8.88
76 96 7.14
76 97 6.23
76 98 2.62
76 99 0.60
77 78 0.25
77 79 8.84
77 80 8.30
77 81 7.94
77 82 2.28
77 83 0.82
77 84 6.71
77 85 4.98
77 86 4.68
77 87 2.60
77 88 2.55
77 89 4.38
77 90 9.85
77 91 8.98
77 92 1.39
77 93 8.42
77 94 8.18
77 95 9.14
77 96 6.53
77 97 0.09
77 98 0.13
77 99 1.55
78 79 1.52
78 80 5.76
78 81 3.38
78 82 5.22
78 83 8.28
78 84 4.36
78 85 1.41
78 86 6.66
78 87 3.28
78 88 4.05
78 89 5.88
78 90 4.26
78 91 0.16
78 92 7.30
78 93 4.49
78 94 0.35
78 95 9.02
78 96 9.06
78 97 1.83
78 98 4.88
78 99 2.94
79 80 3.93
79 81 4.11
79 82 3.45
79 83 7.72
79 84 0.56
79 85 5.63
79 86 0.02
79 87 4.13
79 88 6.83
79 89 1.24
79 90 5.42
79 91 1.29
79 92 1.50
79 93 9.69
79 94 6.12
79 95 5.35
79 96 1.93
79 97 4.27
79 98 7.68
79 99 9.54
80 81 1.62
80 82 9.90
80 83 2.57
80 84 3.61
80 85 7.58
80 86 8.15
80 87 7.24
80 88 4.57
80 89 5.87
80 90 5.51
80 91 1.04
80 92 0.33
80 93 5.57
80 94 3.68
80 95 8.39
80 96 2.35
80 97 3.02
80 98 1.58
80 99 6.47
81 82 5.00
81 83 2.50
81 84 8.81
81 85 3.64
81 86 8.65
81 87 5.23
81 88 9.82
81 89 4.15
81 90 1.05
81 91 3.34
81 92 1.49
81 93 2.25
81 94 3.90
81 95 6.25
81 96 6.00
81 97 0.95
81 98 2.76
81 99 0.35
82 83 3.93
82 84 8.00
82 85 8.39
82 86 6.61
82 87 5.36
82 88 1.55
82 89 9.34
82 90 7.01
82 91 2.88
82 92 5.86
82 93 4.69
82 94 7.36
82 95 7.12
82 96 6.53
82 97 6.36
82 98 2.93
82 99 4.75
83 84 8.41
83 85 9.26
83 86 7.21
83 87 5.91
83 88 7.27
83 89 3.78
83 90 8.94
83 91 5.83
83 92 2.42
83 93 2.70
83 94 7.60
83 95 1.14
83 96 7.60
83 97 4.21
83 98 7.82
83 99 9.55
84 85 8.71
84 86 0.63
84 87 9.75
84 88 4.40
84 89 7.33
84 90 2.31
84 91 1.38
84 92 9.62
84 93 1.41
84 94 0.15
84 95 4.12
84 96 4.16
84 97 9.08
84 98 7.27
84 99 8.87
85 86 8.20
85 87 8.62
85 88 6.37
85 89 3.40
85 90 6.52
85 91 9.39
85 92 5.25
85 93 0.71
85 94 9.64
85 95 1.25
85 96 4.81
85 97 7.05
85 98 6.34
85 99 1.14
86 87 6.48
86 88 2.19
86 89 1.89
86 90 5.45
86 91 2.44
86 92 2.97
86 93 2.45
86 94 5.41
86 95 5.60
86 96 3.10
86 97 3.42
86 98 0.66
86 99 8.55
87 88 1.55
87 89 0.98
87 90 3.82
87 91 1.46
87 92 8.34
87 93 9.22
87 94 6.67
87 95 2.12
87 96 2.65
87 97 7.55
87 98 6.13
87 99 5.21
88 89 3.93
88 90 4.10
88 91 7.95
88 92 2.74
88 93 4.29
88 94 2.21
88 95 3.31
88 96 1.83
88 97 8.68
88 98 7.81
88 99 6.16
89 90 4.88
89 91 5.54
89 92 3.41
89 93 6.63
89 94 8.62
89 95 3.17
89 96 0.32
89 97 1.50
89 98 1.19
89 99 8.29
90 91 7.00
90 92 1.15
90 93 2.50
90 94 0.79
90 95 9.37
90 96 0.96
90 97 6.25
90 98 6.93
90 99 6.56
91 92 6.25
91 93 5.10
91 94 6.87
91 95 3.96
91 96 6.84
91 97 1.36
91 98 1.14
91 99 4.07
92 93 5.29
92 94 5.41
92 95 6.48
92 96 5.30
92 97 6.11
92 98 5.31
92 99 8.58
93 94 1.74
93 95 5.91
93 96 9.44
93 97 9.39
93 98 5.46
93 99 5.02
94 95 1.07
94 96 7.69
94 97 5.52
94 98 0.81
94 99 1.07
95 96 7.43
95 97 5.69
95 98 5.44
95 99 6.95
96 97 5.35
96 98 9.22
96 99 5.34
97 98 8.22
97 99 3.80
98 99 2.84
