100 10
0 1 0.44
0 2 4.92
0 3 1.88
0 4 3.61
0 5 0.47
0 6 3.34
0 7 3.19
0 8 7.36
0 9 2.89
0 10 0.03
0 11 8.55
0 12 0.47
0 13 6.32
0 14 0.57
0 15 0.99
0 16 1.06
0 17 2.30
0 18 1.37
0 19 0.64
0 20 1.88
0 21 2.96
0 22 8.02
0 23 1.95
0 24 0.97
0 25 8.84
0 26 1.90
0 27 5.39
0 28 5.57
0 29 0.64
0 30 8.42
0 31 5.14
0 32 4.46
0 33 3.59
0 34 6.16
0 35 5.82
0 36 0.14
0 37 2.69
0 38 1.37
0 39 7.94
0 40 0.50
0 41 8.48
0 42 0.71
0 43 4.42
0 44 2.20
0 45 7.76
0 46 0.07
0 47 7.27
0 48 1.41
0 49 8.39
0 50 5.34
0 51 0.70
0 52 3.01
0 53 2.58
0 54 7.05
0 55 9.97
0 56 9.53
0 57 3.41
0 58 8.36
0 59 1.19
0 60 9.90
0 61 3.52
0 62 5.23
0 63 0.02
0 64 2.13
0 65 7.14
0 66 7.67
0 67 7.21
0 68 7.43
0 69 6.85
0 70 4.55
0 71 5.84
0 72 8.28
0 73 6.49
0 74 4.61
0 75 1.54
0 76 7.29
0 77 9.41
0 78 1.36
0 79 2.22
0 80 2.87
0 81 5.06
0 82 0.46
0 83 1.88
0 84 4.77
0 85 7.43
0 86 7.39
0 87 3.66
0 88 9.57
0 89 2.76
0 90 2.99
0 91 8.58
0 92 7.03
0 93 5.12
0 94 8.67
0 95 5.65
0 96 1.54
0 97 6.37
0 98 6.12
0 99 2.51
1 2 5.49
1 3 7.47
1 4 7.87
1 5 1.21
1 6 1.16
1 7 5.19
1 8 8.76
1 9 0.72
1 10 0.56
1 11 2.53
1 12 8.49
1 13 8.25
1 14 6.90
1 15 3.63
1 16 1.76
1 17 5.69
1 18 4.50
1 19 8.10
1 20 5.34
1 21 5.92
1 22 1.69
1 23 9.71
1 24 9.04
1 25 7.50
1 26 7.31
1 27 5.36
1 28 7.99
1 29 6.57
1 30 4.45
1 31 4.31
1 32 9.89
1 33 3.76
1 34 0.74
1 35 9.60
1 36 2.68
1 37 5.66
1 38 1.28
1 39 3.82
1 40 9.15
1 41 4.40
1 42 0.13
1 43 0.93
1 44 1.94
1 45 5.06
1 46 5.50
1 47 3.69
1 48 0.28
1 49 8.50
1 50 8.84
1 51 8.68
1 52 3.31
1 53 7.30
1 54 1.05
1 55 8.14
1 56 8.22
1 57 3.51
1 58 9.51
1 59 1.23
1 60 3.25
1 61 8.38
1 62 4.93
1 63 7.79
1 64 5.33
1 65 9.49
1 66 6.98
1 67 2.76
1 68 7.02
1 69 8.92
1 70 9.68
1 71 4.19
1 72 7.81
1 73 6.29
1 74 9.20
1 75 4.61
1 76 5.28
1 77 1.93
1 78 6.93
1 79 4.72
1 80 7.31
1 81 6.44
1 82 7.39
1 83 0.58
1 84 7.13
1 85 4.40
1 86 1.73
1 87 3.34
1 88 0.97
1 89 6.65
1 90 4.19
1 91 7.81
1 92 0.71
1 93 5.38
1 94 8.43
1 95 9.48
1 96 5.85
1 97 6.06
1 98 1.99
1 99 9.56
2 3 5.26
2 4 4.49
2 5 3.51
2 6 2.79
2 7 7.70
2 8 8.12
2 9 2.45
2 10 5.23
2 11 6.17
2 12 3.92
2 13 5.84
2 14 9.19
2 15 3.37
2 16 8.05
2 17 3.60
2 18 5.50
2 19 7.98
2 20 6.30
2 21 7.35
2 22 0.89
2 23 9.42
2 24 1.83
2 25 6.71
2 26 1.84
2 27 4.79
2 28 1.50
2 29 9.81
2 30 8.63
2 31 7.53
2 32 8.30
2 33 3.52
2 34 4.47
2 35 8.84
2 36 7.68
2 37 0.47
2 38 1.87
2 39 9.51
2 40 2.13
2 41 6.27
2 42 4.08
2 43 5.23
2 44 8.60
2 45 7.23
2 46 0.81
2 47 1.19
2 48 8.42
2 49 4.97
2 50 1.39
2 51 8.04
2 52 8.73
2 53 2.12
2 54 7.20
2 55 7.41
2 56 1.72
2 57 4.48
2 58 4.44
2 59 9.74
2 60 6.78
2 61 4.05
2 62 9.97
2 63 1.34
2 64 5.07
2 65 2.32
2 66 9.02
2 67 9.35
2 68 1.88
2 69 5.92
2 70 3.53
2 71 7.94
2 72 0.04
2 73 2.44
2 74 1.95
2 75 6.99
2 76 5.85
2 77 6.68
2 78 3.21
2 79 9.38
2 80 4.13
2 81 2.10
2 82 6.69
2 83 1.10
2 84 3.45
2 85 7.49
2 86 0.04
2 87 6.96
2 88 3.20
2 89 3.98
2 90 4.21
2 91 6.27
2 92 8.59
2 93 8.31
2 94 9.02
2 95 1.92
2 96 8.50
2 97 7.85
2 98 4.29
2 99 8.49
3 4 8.56
3 5 9.79
3 6 9.78
3 7 4.64
3 8 3.59
3 9 8.76
3 10 6.19
3 11 4.39
3 12 8.55
3 13 8.31
3 14 8.94
3 15 1.00
3 16 5.28
3 17 8.16
3 18 6.27
3 19 1.70
3 20 2.17
3 21 7.78
3 22 3.10
3 23 3.58
3 24 1.96
3 25 0.64
3 26 3.51
3 27 2.13
3 28 7.78
3 29 6.32
3 30 8.04
3 31 1.45
3 32 7.47
3 33 7.75
3 34 2.00
3 35 7.08
3 36 7.04
3 37 0.96
3 38 2.54
3 39 3.84
3 40 7.94
3 41 1.28
3 42 7.03
3 43 0.57
3 44 4.26
3 45 5.75
3 46 9.77
3 47 6.51
3 48 9.44
3 49 7.74
3 50 3.72
3 51 6.31
3 52 2.97
3 53 0.14
3 54 6.62
3 55 0.24
3 56 1.38
3 57 6.17
3 58 1.46
3 59 2.53
3 60 3.22
3 61 0.00
3 62 4.16
3 63 2.44
3 64 7.98
3 65 8.58
3 66 4.90
3 67 0.22
3 68 0.74
3 69 5.68
3 70 1.98
3 71 0.20
3 72 1.96
3 73 6.67
3 74 2.56
3 75 1.14
3 76 4.35
3 77 1.68
3 78 8.28
3 79 8.43
3 80 0.79
3 81 6.36
3 82 8.10
3 83 1.83
3 84 4.01
3 85 9.90
3 86 1.79
3 87 4.72
3 88 7.14
3 89 7.61
3 90 5.76
3 91 4.47
3 92 4.38
3 93 2.53
3 94 2.96
3 95 2.19
3 96 6.58
3 97 0.18
3 98 0.32
3 99 8.67
4 5 9.13
4 6 9.11
4 7 1.61
4 8 4.73
4 9 4.85
4 10 4.98
4 11 4.66
4 12 9.40
4 13 9.42
4 14 2.30
4 15 7.38
4 16 7.14
4 17 1.60
4 18 5.74
4 19 8.08
4 20 1.73
4 21 4.48
4 22 1.77
4 23 6.54
4 24 9.04
4 25 1.18
4 26 1.07
4 27 5.26
4 28 5.13
4 29 8.11
4 30 8.85
4 31 3.41
4 32 5.48
4 33 4.81
4 34 7.87
4 35 0.99
4 36 7.83
4 37 4.44
4 38 4.97
4 39 9.01
4 40 8.69
4 41 0.50
4 42 2.36
4 43 8.15
4 44 4.25
4 45 8.20
4 46 6.47
4 47 9.54
4 48 5.42
4 49 5.81
4 50 4.19
4 51 6.77
4 52 2.06
4 53 2.34
4 54 4.72
4 55 6.18
4 56 9.86
4 57 9.49
4 58 4.64
4 59 8.19
4 60 4.18
4 61 8.71
4 62 7.13
4 63 2.92
4 64 9.11
4 65 0.86
4 66 2.78
4 67 7.74
4 68 9.56
4 69 8.93
4 70 7.07
4 71 1.25
4 72 7.50
4 73 7.14
4 74 2.51
4 75 6.66
4 76 0.20
4 77 2.29
4 78 8.83
4 79 3.45
4 80 3.38
4 81 6.89
4 82 8.24
4 83 7.92
4 84 2.18
4 85 0.33
4 86 1.63
4 87 6.87
4 88 4.34
4 89 4.60
4 90 9.38
4 91 0.66
4 92 9.50
4 93 8.02
4 94 7.56
4 95 2.86
4 96 0.86
4 97 8.22
4 98 0.24
4 99 9.51
5 6 4.27
5 7 3.12
5 8 7.44
5 9 3.63
5 10 3.42
5 11 8.81
5 12 7.44
5 13 5.31
5 14 4.41
5 15 7.93
5 16 9.37
5 17 4.28
5 18 4.47
5 19 6.08
5 20 5.31
5 21 4.60
5 22 4.46
5 23 4.52
5 24 8.98
5 25 2.71
5 26 1.02
5 27 9.31
5 28 9.58
5 29 3.94
5 30 7.44
5 31 6.27
5 32 0.22
5 33 2.73
5 34 6.48
5 35 0.18
5 36 4.16
5 37 7.92
5 38 3.21
5 39 4.84
5 40 0.92
5 41 6.65
5 42 7.95
5 43 9.52
5 44 0.55
5 45 1.43
5 46 7.28
5 47 9.48
5 48 7.51
5 49 3.90
5 50 6.02
5 51 9.49
5 52 3.72
5 53 9.82
5 54 9.14
5 55 0.05
5 56 2.46
5 57 2.49
5 58 4.07
5 59 4.71
5 60 9.67
5 61 7.90
5 62 0.86
5 63 2.84
5 64 0.69
5 65 0.62
5 66 9.11
5 67 3.34
5 68 0.75
5 69 1.73
5 70 4.57
5 71 8.18
5 72 0.05
5 73 4.25
5 74 3.20
5 75 4.89
5 76 1.60
5 77 0.47
5 78 7.72
5 79 3.67
5 80 6.69
5 81 6.81
5 82 4.11
5 83 0.78
5 84 2.85
5 85 3.00
5 86 3.70
5 87 7.86
5 88 9.46
5 89 7.42
5 90 4.29
5 91 4.44
5 92 4.75
5 93 8.99
5 94 3.38
5 95 4.29
5 96 8.90
5 97 3.62
5 98 4.77
5 99 5.38
6 7 7.76
6 8 0.23
6 9 7.44
6 10 3.82
6 11 1.02
6 12 6.46
6 13 3.28
6 14 0.07
6 15 0.87
6 16 9.79
6 17 6.74
6 18 9.71
6 19 0.32
6 20 5.32
6 21 2.98
6 22 6.96
6 23 9.49
6 24 3.65
6 25 8.10
6 26 4.85
6 27 7.72
6 28 2.14
6 29 5.05
6 30 5.07
6 31 0.47
6 32 7.74
6 33 5.68
6 34 8.04
6 35 4.27
6 36 4.75
6 37 2.81
6 38 4.39
6 39 0.59
6 40 7.09
6 41 2.22
6 42 3.11
6 43 7.89
6 44 9.65
6 45 5.97
6 46 4.66
6 47 4.51
6 48 4.16
6 49 6.71
6 50 4.24
6 51 2.27
6 52 2.03
6 53 0.91
6 54 8.90
6 55 2.22
6 56 7.61
6 57 3.28
6 58 1.47
6 59 7.35
6 60 3.64
6 61 0.12
6 62 2.87
6 63 9.69
6 64 3.92
6 65 7.27
6 66 4.34
6 67 7.18
6 68 0.01
6 69 9.72
6 70 1.95
6 71 0.72
6 72 3.55
6 73 8.72
6 74 4.83
6 75 0.81
6 76 9.21
6 77 3.56
6 78 8.03
6 79 9.93
6 80 7.78
6 81 3.16
6 82 7.17
6 83 3.50
6 84 1.93
6 85 8.75
6 86 6.21
6 87 1.53
6 88 9.92
6 89 2.57
6 90 3.71
6 91 4.47
6 92 4.28
6 93 4.48
6 94 2.87
6 95 5.73
6 96 0.98
6 97 2.12
6 98 5.98
6 99 2.09
7 8 4.80
7 9 3.52
7 10 4.76
7 11 0.44
7 12 3.33
7 13 6.80
7 14 8.57
7 15 0.59
7 16 0.54
7 17 6.42
7 18 9.53
7 19 1.94
7 20 6.48
7 21 7.94
7 22 5.31
7 23 3.75
7 24 8.25
7 25 4.97
7 26 3.73
7 27 8.11
7 28 6.34
7 29 7.44
7 30 3.31
7 31 6.83
7 32 3.78
7 33 7.30
7 34 1.91
7 35 8.46
7 36 1.45
7 37 9.14
7 38 7.93
7 39 5.52
7 40 8.53
7 41 7.91
7 42 8.30
7 43 2.42
7 44 4.85
7 45 9.95
7 46 9.12
7 47 1.29
7 48 3.92
7 49 1.61
7 50 0.74
7 51 0.25
7 52 3.77
7 53 6.11
7 54 4.56
7 55 0.72
7 56 8.47
7 57 5.87
7 58 5.13
7 59 2.36
7 60 1.79
7 61 1.33
7 62 1.04
7 63 3.66
7 64 8.11
7 65 6.88
7 66 3.96
7 67 2.19
7 68 7.18
7 69 9.40
7 70 1.86
7 71 5.93
7 72 2.47
7 73 7.62
7 74 1.07
7 75 1.25
7 76 0.67
7 77 2.64
7 78 2.17
7 79 8.54
7 80 9.03
7 81 2.37
7 82 0.65
7 83 2.96
7 84 5.82
7 85 5.89
7 86 8.71
7 87 4.42
7 88 4.63
7 89 1.71
7 90 1.65
7 91 0.37
7 92 3.31
7 93 7.77
7 94 8.86
7 95 2.20
7 96 0.80
7 97 6.26
7 98 7.45
7 99 3.83
8 9 9.35
8 10 8.14
8 11 3.57
8 12 5.06
8 13 8.20
8 14 8.69
8 15 6.95
8 16 8.71
8 17 4.33
8 18 5.82
8 19 0.08
8 20 3.67
8 21 2.67
8 22 1.44
8 23 1.65
8 24 9.87
8 25 3.94
8 26 8.16
8 27 3.94
8 28 3.57
8 29 0.68
8 30 3.94
8 31 5.96
8 32 7.95
8 33 3.11
8 34 2.09
8 35 4.93
8 36 5.10
8 37 6.61
8 38 1.02
8 39 5.56
8 40 8.30
8 41 3.90
8 42 2.38
8 43 7.69
8 44 9.41
8 45 4.40
8 46 8.85
8 47 0.32
8 48 7.30
8 49 1.23
8 50 2.48
8 51 0.09
8 52 7.32
8 53 8.24
8 54 9.43
8 55 8.00
8 56 1.72
8 57 5.35
8 58 0.27
8 59 4.94
8 60 4.56
8 61 9.63
8 62 1.86
8 63 9.47
8 64 4.80
8 65 4.24
8 66 8.17
8 67 7.40
8 68 7.12
8 69 5.70
8 70 7.43
8 71 5.86
8 72 3.34
8 73 8.53
8 74 9.84
8 75 9.45
8 76 9.84
8 77 1.13
8 78 8.16
8 79 2.33
8 80 3.75
8 81 0.49
8 82 4.32
8 83 1.40
8 84 8.73
8 85 7.32
8 86 3.21
8 87 1.88
8 88 4.01
8 89 8.28
8 90 2.96
8 91 4.23
8 92 7.21
8 93 7.09
8 94 6.73
8 95 8.46
8 96 9.34
8 97 5.15
8 98 1.47
8 99 0.15
9 10 5.95
9 11 2.45
9 12 8.34
9 13 7.32
9 14 4.09
9 15 7.27
9 16 6.50
9 17 4.70
9 18 7.86
9 19 1.70
9 20 2.22
9 21 5.02
9 22 9.92
9 23 0.09
9 24 2.73
9 25 6.75
9 26 0.75
9 27 8.42
9 28 4.55
9 29 8.65
9 30 3.88
9 31 0.79
9 32 6.63
9 33 6.61
9 34 8.58
9 35 5.91
9 36 4.23
9 37 0.69
9 38 1.57
9 39 9.22
9 40 0.23
9 41 8.74
9 42 4.74
9 43 3.21
9 44 3.39
9 45 6.26
9 46 8.25
9 47 6.16
9 48 2.16
9 49 5.05
9 50 1.05
9 51 8.76
9 52 3.46
9 53 4.73
9 54 0.08
9 55 3.77
9 56 0.99
9 57 4.56
9 58 5.04
9 59 2.80
9 60 2.43
9 61 2.49
9 62 4.03
9 63 5.55
9 64 6.63
9 65 8.36
9 66 6.15
9 67 7.23
9 68 2.55
9 69 9.14
9 70 4.47
9 71 1.52
9 72 2.33
9 73 7.99
9 74 2.06
9 75 1.20
9 76 4.26
9 77 2.97
9 78 2.99
9 79 5.01
9 80 0.18
9 81 8.80
9 82 9.94
9 83 8.74
9 84 9.54
9 85 8.08
9 86 0.85
9 87 7.09
9 88 6.95
9 89 3.44
9 90 1.98
9 91 8.42
9 92 6.38
9 93 9.46
9 94 0.74
9 95 0.71
9 96 6.48
9 97 6.34
9 98 4.11
9 99 1.86
10 11 0.38
10 12 7.51
10 13 7.50
10 14 4.40
10 15 2.90
10 16 2.69
10 17 1.50
10 18 3.33
10 19 4.18
10 20 0.54
10 21 0.40
10 22 0.19
10 23 4.91
10 24 2.47
10 25 8.47
10 26 10.00
10 27 8.52
10 28 4.24
10 29 6.93
10 30 0.63
10 31 8.93
10 32 7.90
10 33 6.06
10 34 7.90
10 35 9.38
10 36 3.28
10 37 8.08
10 38 2.49
10 39 6.01
10 40 1.87
10 41 2.25
10 42 1.47
10 43 7.68
10 44 6.46
10 45 4.76
10 46 2.44
10 47 0.52
10 48 7.20
10 49 9.01
10 50 5.93
10 51 8.63
10 52 9.75
10 53 1.15
10 54 6.08
10 55 5.39
10 56 2.00
10 57 0.40
10 58 7.70
10 59 4.00
10 60 3.69
10 61 2.69
10 62 5.95
10 63 4.64
10 64 1.00
10 65 3.19
10 66 6.71
10 67 7.62
10 68 5.35
10 69 6.56
10 70 9.63
10 71 8.08
10 72 9.89
10 73 8.43
10 74 6.46
10 75 8.43
10 76 7.06
10 77 1.65
10 78 1.22
10 79 6.07
10 80 4.15
10 81 8.86
10 82 1.59
10 83 2.87
10 84 4.16
10 85 0.74
10 86 8.24
10 87 3.82
10 88 9.31
10 89 1.87
10 90 1.69
10 91 4.15
10 92 3.09
10 93 1.66
10 94 1.41
10 95 2.38
10 96 9.02
10 97 6.04
10 98 9.90
10 99 3.83
11 12 6.09
11 13 9.79
11 14 8.24
11 15 9.42
11 16 8.89
11 17 2.98
11 18 3.21
11 19 3.94
11 20 5.36
11 21 3.91
11 22 3.05
11 23 6.73
11 24 5.97
11 25 0.99
11 26 1.91
11 27 9.48
11 28 6.59
11 29 5.87
11 30 2.61
11 31 8.29
11 32 0.43
11 33 3.57
11 34 4.90
11 35 4.65
11 36 7.64
11 37 0.00
11 38 2.34
11 39 6.72
11 40 7.81
11 41 2.70
11 42 2.98
11 43 0.31
11 44 8.47
11 45 2.91
11 46 1.90
11 47 7.96
11 48 0.28
11 49 3.96
11 50 3.01
11 51 5.54
11 52 0.52
11 53 4.85
11 54 4.90
11 55 9.84
11 56 4.57
11 57 9.05
11 58 2.23
11 59 6.74
11 60 1.49
11 61 5.93
11 62 9.63
11 63 6.45
11 64 8.75
11 65 9.94
11 66 8.32
11 67 5.10
11 68 3.71
11 69 8.11
11 70 8.92
11 71 6.51
11 72 2.74
11 73 4.87
11 74 0.73
11 75 1.98
11 76 1.90
11 77 8.29
11 78 2.33
11 79 7.92
11 80 3.33
11 81 8.63
11 82 4.09
11 83 3.42
11 84 4.26
11 85 9.10
11 86 8.05
11 87 6.83
11 88 3.40
11 89 4.53
11 90 10.00
11 91 0.20
11 92 1.99
11 93 7.24
11 94 6.57
11 95 5.18
11 96 9.96
11 97 0.98
11 98 7.06
11 99 7.73
12 13 5.20
12 14 8.82
12 15 8.79
12 16 2.33
12 17 1.37
12 18 1.87
12 19 9.31
12 20 9.75
12 21 7.46
12 22 2.36
12 23 4.44
12 24 9.58
12 25 5.89
12 26 4.04
12 27 2.84
12 28 7.31
12 29 3.99
12 30 2.64
12 31 8.03
12 32 9.64
12 33 2.34
12 34 0.08
12 35 0.03
12 36 3.66
12 37 6.03
12 38 1.48
12 39 3.68
12 40 6.68
12 41 3.60
12 42 0.96
12 43 2.23
12 44 6.30
12 45 0.63
12 46 5.74
12 47 9.25
12 48 8.53
12 49 7.07
12 50 6.95
12 51 9.33
12 52 1.49
12 53 1.17
12 54 4.68
12 55 4.26
12 56 9.45
12 57 9.59
12 58 0.28
12 59 7.92
12 60 6.12
12 61 8.26
12 62 3.02
12 63 4.96
12 64 2.40
12 65 5.19
12 66 2.74
12 67 6.47
12 68 0.24
12 69 2.50
12 70 8.08
12 71 2.20
12 72 9.03
12 73 7.49
12 74 7.41
12 75 8.18
12 76 0.00
12 77 6.78
12 78 9.27
12 79 6.23
12 80 3.97
12 81 8.09
12 82 3.65
12 83 7.88
12 84 8.57
12 85 3.72
12 86 4.53
12 87 6.76
12 88 5.67
12 89 8.80
12 90 7.48
12 91 0.79
12 92 9.13
12 93 9.43
12 94 6.45
12 95 3.30
12 96 7.33
12 97 7.92
12 98 8.14
12 99 7.59
13 14 6.25
13 15 4.65
13 16 4.86
13 17 9.31
13 18 4.02
13 19 7.38
13 20 4.87
13 21 8.00
13 22 2.92
13 23 4.05
13 24 6.53
13 25 3.90
13 26 8.31
13 27 8.58
13 28 4.88
13 29 7.94
13 30 8.09
13 31 5.43
13 32 7.92
13 33 3.33
13 34 8.64
13 35 8.25
13 36 2.11
13 37 3.38
13 38 9.73
13 39 2.56
13 40 3.04
13 41 4.75
13 42 7.46
13 43 8.96
13 44 7.07
13 45 3.81
13 46 3.23
13 47 0.13
13 48 6.85
13 49 5.37
13 50 6.19
13 51 8.26
13 52 8.31
13 53 4.48
13 54 7.85
13 55 0.61
13 56 5.19
13 57 4.50
13 58 3.14
13 59 8.66
13 60 9.72
13 61 9.44
13 62 9.49
13 63 7.68
13 64 2.27
13 65 8.78
13 66 9.39
13 67 0.77
13 68 5.85
13 69 2.29
13 70 8.73
13 71 6.50
13 72 7.37
13 73 8.48
13 74 4.73
13 75 2.29
13 76 4.86
13 77 3.19
13 78 7.54
13 79 0.41
13 80 1.76
13 81 1.35
13 82 2.72
13 83 7.62
13 84 1.64
13 85 7.23
13 86 6.69
13 87 7.33
13 88 3.98
13 89 7.44
13 90 2.45
13 91 6.86
13 92 7.63
13 93 6.26
13 94 1.27
13 95 2.27
13 96 8.59
13 97 0.55
13 98 4.79
13 99 9.16
14 15 3.18
14 16 0.60
14 17 5.22
14 18 8.66
14 19 6.47
14 20 1.50
14 21 6.84
14 22 6.88
14 23 7.69
14 24 6.33
14 25 6.55
14 26 9.93
14 27 4.33
14 28 1.14
14 29 6.43
14 30 9.81
14 31 9.68
14 32 3.44
14 33 6.11
14 34 7.70
14 35 9.09
14 36 9.99
14 37 0.86
14 38 5.33
14 39 7.16
14 40 9.73
14 41 9.83
14 42 3.93
14 43 6.53
14 44 2.95
14 45 6.92
14 46 0.04
14 47 7.94
14 48 6.17
14 49 5.88
14 50 4.67
14 51 8.38
14 52 0.31
14 53 1.93
14 54 8.34
14 55 6.54
14 56 8.56
14 57 7.57
14 58 8.31
14 59 6.69
14 60 1.94
14 61 0.06
14 62 6.92
14 63 0.78
14 64 7.08
14 65 4.44
14 66 3.52
14 67 1.21
14 68 5.71
14 69 2.48
14 70 4.12
14 71 0.89
14 72 4.94
14 73 4.89
14 74 8.55
14 75 5.13
14 76 4.78
14 77 6.71
14 78 3.49
14 79 2.69
14 80 2.49
14 81 6.07
14 82 0.70
14 83 5.80
14 84 5.93
14 85 4.72
14 86 0.32
14 87 7.98
14 88 7.69
14 89 6.82
14 90 9.58
14 91 8.48
14 92 9.55
14 93 2.65
14 94 2.48
14 95 0.66
14 96 7.19
14 97 9.28
14 98 7.13
14 99 9.01
15 16 1.51
15 17 9.50
15 18 4.01
15 19 0.28
15 20 6.89
15 21 2.47
15 22 8.51
15 23 7.74
15 24 9.31
15 25 8.69
15 26 0.33
15 27 5.07
15 28 1.43
15 29 3.62
15 30 5.66
15 31 2.01
15 32 9.69
15 33 0.04
15 34 4.95
15 35 7.53
15 36 9.22
15 37 9.02
15 38 3.99
15 39 1.19
15 40 3.14
15 41 4.21
15 42 6.88
15 43 3.43
15 44 9.53
15 45 4.23
15 46 4.49
15 47 6.09
15 48 4.18
15 49 2.11
15 50 6.08
15 51 1.48
15 52 9.47
15 53 7.39
15 54 6.98
15 55 7.35
15 56 2.03
15 57 2.20
15 58 2.00
15 59 9.03
15 60 3.15
15 61 7.35
15 62 9.62
15 63 0.60
15 64 1.39
15 65 6.31
15 66 7.93
15 67 7.64
15 68 8.21
15 69 1.36
15 70 9.33
15 71 9.52
15 72 5.97
15 73 6.43
15 74 6.86
15 75 2.14
15 76 1.55
15 77 0.00
15 78 1.12
15 79 5.12
15 80 2.14
15 81 9.07
15 82 9.09
15 83 5.79
15 84 5.18
15 85 6.00
15 86 7.04
15 87 3.25
15 88 3.90
15 89 7.59
15 90 8.21
15 91 3.91
15 92 7.49
15 93 5.59
15 94 9.21
15 95 1.25
15 96 3.21
15 97 5.48
15 98 2.65
15 99 3.11
16 17 4.02
16 18 0.21
16 19 9.40
16 20 1.50
16 21 8.55
16 22 3.71
16 23 7.79
16 24 4.28
16 25 7.65
16 26 0.15
16 27 6.86
16 28 2.55
16 29 0.73
16 30 1.99
16 31 3.22
16 32 1.40
16 33 3.58
16 34 7.65
16 35 7.25
16 36 3.92
16 37 1.08
16 38 2.84
16 39 1.86
16 40 8.88
16 41 4.26
16 42 7.07
16 43 6.69
16 44 4.71
16 45 6.96
16 46 4.85
16 47 3.44
16 48 0.34
16 49 3.43
16 50 9.24
16 51 4.34
16 52 3.23
16 53 3.33
16 54 8.63
16 55 6.35
16 56 0.17
16 57 2.72
16 58 8.03
16 59 5.87
16 60 1.37
16 61 7.53
16 62 5.36
16 63 8.44
16 64 5.73
16 65 5.92
16 66 5.83
16 67 4.14
16 68 8.07
16 69 6.24
16 70 2.51
16 71 3.43
16 72 8.21
16 73 8.06
16 74 6.03
16 75 6.06
16 76 4.20
16 77 8.06
16 78 8.50
16 79 7.10
16 80 0.94
16 81 6.00
16 82 1.81
16 83 6.75
16 84 3.77
16 85 2.36
16 86 3.92
16 87 3.48
16 88 7.73
16 89 2.50
16 90 1.13
16 91 7.49
16 92 3.70
16 93 6.77
16 94 8.34
16 95 5.33
16 96 1.44
16 97 4.76
16 98 8.46
16 99 2.65
17 18 2.10
17 19 9.76
17 20 6.34
17 21 8.42
17 22 3.75
17 23 4.77
17 24 2.67
17 25 9.89
17 26 8.61
17 27 2.89
17 28 4.74
17 29 5.18
17 30 7.58
17 31 2.76
17 32 1.75
17 33 9.69
17 34 7.53
17 35 1.93
17 36 0.55
17 37 4.34
17 38 0.36
17 39 5.83
17 40 5.80
17 41 0.30
17 42 1.77
17 43 5.94
17 44 5.87
17 45 8.37
17 46 2.23
17 47 8.32
17 48 0.76
17 49 1.13
17 50 6.98
17 51 9.35
17 52 5.33
17 53 5.98
17 54 2.61
17 55 7.01
17 56 2.67
17 57 5.23
17 58 4.27
17 59 4.41
17 60 7.62
17 61 4.21
17 62 0.73
17 63 9.04
17 64 2.99
17 65 0.61
17 66 6.78
17 67 7.52
17 68 0.59
17 69 5.80
17 70 0.33
17 71 5.01
17 72 9.26
17 73 4.45
17 74 6.39
17 75 7.83
17 76 8.12
17 77 2.68
17 78 5.69
17 79 0.17
17 80 9.77
17 81 1.63
17 82 9.55
17 83 7.00
17 84 8.49
17 85 8.64
17 86 0.69
17 87 0.50
17 88 1.44
17 89 7.19
17 90 2.60
17 91 9.57
17 92 8.28
17 93 7.43
17 94 3.22
17 95 8.02
17 96 5.75
17 97 9.52
17 98 2.95
17 99 1.57
18 19 2.70
18 20 7.40
18 21 6.52
18 22 0.77
18 23 0.46
18 24 6.72
18 25 1.48
18 26 4.19
18 27 1.23
18 28 5.65
18 29 5.67
18 30 9.18
18 31 4.82
18 32 3.93
18 33 7.46
18 34 3.39
18 35 5.31
18 36 3.40
18 37 4.94
18 38 3.60
18 39 3.56
18 40 5.32
18 41 2.97
18 42 6.16
18 43 8.72
18 44 9.67
18 45 3.25
18 46 2.31
18 47 9.49
18 48 7.13
18 49 9.54
18 50 3.78
18 51 9.83
18 52 0.15
18 53 8.43
18 54 6.88
18 55 1.20
18 56 8.72
18 57 6.10
18 58 4.29
18 59 0.53
18 60 6.68
18 61 2.02
18 62 3.98
18 63 7.45
18 64 5.29
18 65 9.29
18 66 1.60
18 67 8.05
18 68 1.68
18 69 8.48
18 70 9.83
18 71 2.24
18 72 4.17
18 73 5.70
18 74 4.32
18 75 6.10
18 76 0.94
18 77 3.46
18 78 5.23
18 79 2.01
18 80 6.69
18 81 8.32
18 82 7.79
18 83 8.48
18 84 4.58
18 85 6.29
18 86 7.21
18 87 4.74
18 88 0.30
18 89 1.34
18 90 2.48
18 91 8.06
18 92 9.92
18 93 1.49
18 94 4.75
18 95 7.34
18 96 9.52
18 97 1.33
18 98 8.09
18 99 8.26
19 20 1.79
19 21 0.57
19 22 1.81
19 23 0.70
19 24 6.87
19 25 3.28
19 26 6.14
19 27 2.61
19 28 0.37
19 29 8.53
19 30 7.69
19 31 7.41
19 32 1.10
19 33 4.86
19 34 1.56
19 35 5.62
19 36 6.08
19 37 4.04
19 38 5.78
19 39 6.25
19 40 0.51
19 41 0.28
19 42 4.68
19 43 2.17
19 44 6.06
19 45 1.23
19 46 6.36
19 47 8.87
19 48 7.83
19 49 0.85
19 50 2.27
19 51 5.64
19 52 1.19
19 53 3.99
19 54 6.69
19 55 6.29
19 56 0.99
19 57 7.73
19 58 3.58
19 59 5.15
19 60 7.50
19 61 9.14
19 62 0.05
19 63 2.66
19 64 1.11
19 65 1.98
19 66 7.35
19 67 0.90
19 68 3.85
19 69 6.41
19 70 8.93
19 71 2.49
19 72 0.28
19 73 1.99
19 74 6.19
19 75 9.04
19 76 0.77
19 77 5.73
19 78 8.45
19 79 2.58
19 80 7.36
19 81 5.89
19 82 8.46
19 83 7.60
19 84 1.61
19 85 9.35
19 86 7.68
19 87 0.36
19 88 4.99
19 89 0.11
19 90 2.05
19 91 3.02
19 92 7.85
19 93 0.17
19 94 3.43
19 95 6.23
19 96 9.25
19 97 0.61
19 98 1.07
19 99 4.89
20 21 1.05
20 22 4.32
20 23 3.69
20 24 7.05
20 25 7.32
20 26 1.08
20 27 1.46
20 28 5.90
20 29 1.97
20 30 0.58
20 31 1.93
20 32 8.00
20 33 4.61
20 34 8.44
20 35 9.69
20 36 1.10
20 37 5.54
20 38 8.51
20 39 1.65
20 40 9.22
20 41 9.40
20 42 8.47
20 43 5.49
20 44 0.76
20 45 7.76
20 46 4.37
20 47 5.81
20 48 9.86
20 49 8.39
20 50 9.33
20 51 3.44
20 52 4.62
20 53 0.59
20 54 2.57
20 55 7.09
20 56 7.02
20 57 1.78
20 58 5.05
20 59 9.43
20 60 4.48
20 61 3.24
20 62 0.45
20 63 8.25
20 64 5.19
20 65 2.52
20 66 5.21
20 67 4.92
20 68 7.17
20 69 0.35
20 70 7.77
20 71 7.44
20 72 5.86
20 73 2.27
20 74 8.71
20 75 7.00
20 76 4.62
20 77 2.62
20 78 6.67
20 79 6.12
20 80 0.44
20 81 4.03
20 82 0.98
20 83 8.19
20 84 3.65
20 85 1.17
20 86 5.84
20 87 2.26
20 88 8.61
20 89 6.76
20 90 1.67
20 91 2.29
20 92 7.20
20 93 0.72
20 94 8.87
20 95 8.70
20 96 0.04
20 97 6.08
20 98 8.08
20 99 5.49
21 22 0.79
21 23 2.11
21 24 2.58
21 25 6.12
21 26 3.45
21 27 4.25
21 28 0.94
21 29 8.22
21 30 0.41
21 31 3.22
21 32 9.28
21 33 4.70
21 34 8.69
21 35 8.13
21 36 1.21
21 37 0.06
21 38 8.28
21 39 3.22
21 40 0.57
21 41 9.93
21 42 0.15
21 43 6.22
21 44 3.56
21 45 0.46
21 46 3.64
21 47 1.83
21 48 5.32
21 49 1.94
21 50 0.41
21 51 4.32
21 52 6.90
21 53 0.15
21 54 3.41
21 55 6.58
21 56 9.77
21 57 5.76
21 58 2.87
21 59 1.41
21 60 9.71
21 61 9.85
21 62 6.03
21 63 9.63
21 64 0.14
21 65 0.19
21 66 7.91
21 67 0.98
21 68 3.81
21 69 1.43
21 70 3.34
21 71 6.10
21 72 5.92
21 73 8.19
21 74 7.86
21 75 5.72
21 76 3.58
21 77 1.78
21 78 0.03
21 79 4.76
21 80 0.44
21 81 4.11
21 82 1.64
21 83 9.19
21 84 8.86
21 85 4.06
21 86 4.70
21 87 2.72
21 88 4.72
21 89 6.75
21 90 5.03
21 91 0.99
21 92 4.86
21 93 0.96
21 94 1.79
21 95 0.13
21 96 6.03
21 97 7.91
21 98 6.66
21 99 3.86
22 23 4.75
22 24 6.31
22 25 4.28
22 26 5.24
22 27 6.17
22 28 9.49
22 29 1.99
22 30 7.09
22 31 3.33
22 32 7.46
22 33 9.43
22 34 4.40
22 35 8.47
22 36 5.77
22 37 2.38
22 38 3.76
22 39 8.63
22 40 4.92
22 41 0.07
22 42 8.68
22 43 4.70
22 44 7.36
22 45 1.84
22 46 6.72
22 47 6.03
22 48 0.79
22 49 3.82
22 50 8.27
22 51 9.66
22 52 7.77
22 53 9.00
22 54 3.46
22 55 8.58
22 56 5.22
22 57 5.68
22 58 3.36
22 59 0.46
22 60 4.58
22 61 7.53
22 62 2.12
22 63 9.76
22 64 7.31
22 65 2.98
22 66 3.32
22 67 2.06
22 68 9.49
22 69 2.83
22 70 5.83
22 71 8.23
22 72 5.00
22 73 7.57
22 74 3.78
22 75 0.38
22 76 3.90
22 77 5.07
22 78 0.31
22 79 7.82
22 80 4.32
22 81 8.13
22 82 4.78
22 83 7.22
22 84 4.83
22 85 8.69
22 86 1.76
22 87 9.34
22 88 2.82
22 89 1.47
22 90 9.32
22 91 5.40
22 92 3.24
22 93 6.99
22 94 9.75
22 95 1.36
22 96 3.50
22 97 0.84
22 98 2.98
22 99 3.76
23 24 6.54
23 25 7.03
23 26 0.14
23 27 0.83
23 28 0.74
23 29 7.58
23 30 5.53
23 31 2.08
23 32 0.78
23 33 1.71
23 34 5.80
23 35 2.55
23 36 1.93
23 37 7.26
23 38 4.67
23 39 0.28
23 40 6.70
23 41 9.10
23 42 2.25
23 43 4.05
23 44 3.29
23 45 3.85
23 46 0.65
23 47 9.74
23 48 5.14
23 49 3.20
23 50 1.95
23 51 7.08
23 52 8.23
23 53 5.14
23 54 3.72
23 55 0.64
23 56 4.50
23 57 3.77
23 58 7.95
23 59 7.90
23 60 4.91
23 61 5.49
23 62 1.92
23 63 9.60
23 64 1.94
23 65 0.97
23 66 4.57
23 67 1.96
23 68 9.64
23 69 6.27
23 70 2.66
23 71 3.58
23 72 0.53
23 73 4.70
23 74 4.21
23 75 5.24
23 76 2.61
23 77 1.66
23 78 8.16
23 79 0.73
23 80 7.74
23 81 5.30
23 82 0.97
23 83 6.71
23 84 5.81
23 85 7.60
23 86 3.06
23 87 2.81
23 88 7.97
23 89 9.22
23 90 2.37
23 91 9.18
23 92 5.40
23 93 6.58
23 94 4.19
23 95 7.48
23 96 1.92
23 97 8.50
23 98 7.54
23 99 8.51
24 25 8.12
24 26 8.21
24 27 3.58
24 28 1.62
24 29 2.86
24 30 8.31
24 31 5.48
24 32 6.17
24 33 5.48
24 34 9.25
24 35 3.33
24 36 1.06
24 37 2.44
24 38 2.90
24 39 8.99
24 40 0.40
24 41 0.30
24 42 4.60
24 43 9.31
24 44 1.15
24 45 6.46
24 46 4.07
24 47 9.60
24 48 3.58
24 49 2.52
24 50 4.97
24 51 7.91
24 52 7.81
24 53 0.26
24 54 0.25
24 55 1.70
24 56 6.74
24 57 2.90
24 58 0.89
24 59 1.26
24 60 6.97
24 61 3.27
24 62 8.60
24 63 8.63
24 64 2.24
24 65 4.81
24 66 2.25
24 67 9.50
24 68 3.34
24 69 6.04
24 70 2.90
24 71 4.53
24 72 3.68
24 73 5.90
24 74 9.82
24 75 9.51
24 76 6.17
24 77 7.86
24 78 4.90
24 79 1.31
24 80 8.98
24 81 0.39
24 82 4.60
24 83 2.97
24 84 0.78
24 85 6.11
24 86 6.95
24 87 8.92
24 88 6.10
24 89 3.85
24 90 7.11
24 91 4.95
24 92 2.59
24 93 8.05
24 94 1.74
24 95 8.12
24 96 4.46
24 97 8.20
24 98 6.33
24 99 6.02
25 26 9.74
25 27 2.23
25 28 2.99
25 29 0.31
25 30 5.56
25 31 0.25
25 32 4.08
25 33 9.75
25 34 3.18
25 35 1.95
25 36 8.91
25 37 5.52
25 38 9.06
25 39 3.97
25 40 2.08
25 41 2.24
25 42 6.38
25 43 6.55
25 44 7.29
25 45 4.59
25 46 2.13
25 47 8.00
25 48 3.65
25 49 1.28
25 50 9.11
25 51 1.68
25 52 4.92
25 53 4.39
25 54 2.69
25 55 7.64
25 56 1.85
25 57 4.08
25 58 3.03
25 59 8.53
25 60 8.37
25 61 8.74
25 62 6.97
25 63 5.26
25 64 9.22
25 65 1.22
25 66 1.38
25 67 4.16
25 68 0.47
25 69 3.20
25 70 9.92
25 71 0.39
25 72 5.47
25 73 7.52
25 74 7.01
25 75 7.44
25 76 1.09
25 77 6.37
25 78 7.54
25 79 3.49
25 80 1.38
25 81 6.64
25 82 4.58
25 83 7.91
25 84 2.50
25 85 9.27
25 86 0.42
25 87 4.32
25 88 0.91
25 89 6.64
25 90 8.18
25 91 8.70
25 92 9.73
25 93 9.45
25 94 9.14
25 95 3.11
25 96 0.94
25 97 1.06
25 98 9.81
25 99 5.10
26 27 1.89
26 28 5.62
26 29 1.98
26 30 0.57
26 31 4.59
26 32 1.90
26 33 9.21
26 34 7.85
26 35 1.45
26 36 7.45
26 37 0.77
26 38 5.47
26 39 6.38
26 40 4.39
26 41 6.22
26 42 7.89
26 43 4.57
26 44 9.17
26 45 7.96
26 46 3.85
26 47 1.08
26 48 0.94
26 49 7.88
26 50 7.43
26 51 8.40
26 52 6.95
26 53 5.69
26 54 9.54
26 55 5.07
26 56 4.73
26 57 9.16
26 58 3.79
26 59 9.23
26 60 0.11
26 61 1.21
26 62 5.79
26 63 1.32
26 64 9.93
26 65 3.46
26 66 0.24
26 67 9.84
26 68 0.47
26 69 6.02
26 70 7.36
26 71 0.35
26 72 6.19
26 73 7.77
26 74 7.60
26 75 2.40
26 76 2.02
26 77 7.67
26 78 6.93
26 79 5.22
26 80 1.46
26 81 5.72
26 82 0.74
26 83 9.13
26 84 6.99
26 85 8.23
26 86 6.84
26 87 6.54
26 88 8.26
26 89 7.20
26 90 5.19
26 91 1.84
26 92 1.90
26 93 3.97
26 94 2.22
26 95 2.08
26 96 3.11
26 97 6.66
26 98 4.34
26 99 2.29
27 28 8.56
27 29 0.60
27 30 4.53
27 31 4.60
27 32 6.10
27 33 3.49
27 34 5.94
27 35 9.38
27 36 0.07
27 37 1.09
27 38 0.73
27 39 3.88
27 40 0.22
27 41 4.40
27 42 8.35
27 43 5.68
27 44 7.84
27 45 5.73
27 46 9.11
27 47 6.47
27 48 0.13
27 49 1.74
27 50 1.94
27 51 2.17
27 52 2.29
27 53 6.61
27 54 0.28
27 55 6.40
27 56 9.36
27 57 9.80
27 58 4.23
27 59 6.28
27 60 0.64
27 61 5.30
27 62 1.00
27 63 6.71
27 64 2.82
27 65 9.05
27 66 2.18
27 67 1.92
27 68 8.42
27 69 2.15
27 70 5.28
27 71 9.90
27 72 2.95
27 73 1.94
27 74 7.67
27 75 0.32
27 76 7.83
27 77 9.87
27 78 3.74
27 79 8.47
27 80 0.40
27 81 5.97
27 82 1.18
27 83 0.47
27 84 1.82
27 85 5.52
27 86 7.17
27 87 8.83
27 88 6.28
27 89 0.40
27 90 7.66
27 91 6.60
27 92 2.33
27 93 5.84
27 94 0.15
27 95 0.89
27 96 5.35
27 97 4.35
27 98 8.27
27 99 4.58
28 29 6.94
28 30 8.74
28 31 5.31
28 32 4.59
28 33 0.17
28 34 8.54
28 35 8.11
28 36 1.70
28 37 5.10
28 38 5.25
28 39 0.54
28 40 0.04
28 41 9.72
28 42 7.82
28 43 3.56
28 44 3.74
28 45 2.37
28 46 2.23
28 47 8.05
28 48 6.46
28 49 4.31
28 50 6.44
28 51 5.38
28 52 4.53
28 53 3.53
28 54 5.01
28 55 0.64
28 56 8.54
28 57 8.63
28 58 6.30
28 59 1.50
28 60 4.72
28 61 6.58
28 62 9.47
28 63 1.80
28 64 3.73
28 65 3.57
28 66 1.99
28 67 9.27
28 68 5.51
28 69 8.07
28 70 0.79
28 71 0.20
28 72 9.21
28 73 3.11
28 74 5.15
28 75 0.38
28 76 7.42
28 77 7.72
28 78 4.26
28 79 2.77
28 80 7.13
28 81 10.00
28 82 4.07
28 83 5.88
28 84 4.25
28 85 6.05
28 86 1.24
28 87 0.25
28 88 0.07
28 89 7.53
28 90 9.04
28 91 7.33
28 92 5.37
28 93 5.79
28 94 6.23
28 95 4.09
28 96 9.73
28 97 3.02
28 98 3.24
28 99 4.25
29 30 7.40
29 31 5.83
29 32 1.73
29 33 3.16
29 34 3.63
29 35 5.21
29 36 3.35
29 37 0.24
29 38 6.40
29 39 1.23
29 40 1.54
29 41 8.33
29 42 2.32
29 43 4.97
29 44 6.74
29 45 4.12
29 46 4.41
29 47 0.71
29 48 8.46
29 49 3.54
29 50 2.16
29 51 6.09
29 52 9.05
29 53 7.64
29 54 3.59
29 55 0.77
29 56 4.60
29 57 8.91
29 58 0.22
29 59 7.17
29 60 6.17
29 61 4.57
29 62 7.67
29 63 6.28
29 64 0.48
29 65 8.67
29 66 2.07
29 67 7.36
29 68 9.25
29 69 4.58
29 70 2.00
29 71 6.56
29 72 0.65
29 73 2.39
29 74 4.88
29 75 2.55
29 76 4.29
29 77 1.33
29 78 1.58
29 79 0.55
29 80 6.83
29 81 0.61
29 82 5.30
29 83 0.80
29 84 5.41
29 85 2.22
29 86 10.00
29 87 3.77
29 88 3.27
29 89 7.01
29 90 9.25
29 91 9.67
29 92 4.96
29 93 8.65
29 94 9.19
29 95 5.19
29 96 4.66
29 97 0.13
29 98 1.14
29 99 6.87
30 31 4.02
30 32 0.46
30 33 3.94
30 34 3.67
30 35 1.09
30 36 3.22
30 37 5.15
30 38 4.91
30 39 8.31
30 40 9.83
30 41 3.73
30 42 0.48
30 43 4.88
30 44 5.78
30 45 1.00
30 46 5.76
30 47 2.98
30 48 1.11
30 49 3.00
30 50 4.35
30 51 8.75
30 52 9.29
30 53 7.86
30 54 4.51
30 55 8.28
30 56 6.09
30 57 2.08
30 58 6.98
30 59 0.35
30 60 0.52
30 61 4.89
30 62 0.16
30 63 9.54
30 64 6.96
30 65 4.46
30 66 2.31
30 67 8.24
30 68 8.90
30 69 3.69
30 70 6.45
30 71 7.47
30 72 3.85
30 73 5.72
30 74 4.89
30 75 9.62
30 76 0.43
30 77 0.76
30 78 0.77
30 79 7.72
30 80 9.50
30 81 8.26
30 82 8.86
30 83 2.32
30 84 0.60
30 85 6.55
30 86 8.63
30 87 1.72
30 88 9.07
30 89 0.59
30 90 8.52
30 91 8.12
30 92 3.99
30 93 9.24
30 94 6.50
30 95 1.30
30 96 3.60
30 97 5.61
30 98 5.34
30 99 5.03
31 32 7.71
31 33 7.08
31 34 6.16
31 35 2.73
31 36 9.32
31 37 2.91
31 38 2.80
31 39 5.42
31 40 2.21
31 41 6.50
31 42 2.17
31 43 5.56
31 44 5.13
31 45 2.08
31 46 7.99
31 47 4.80
31 48 4.11
31 49 7.25
31 50 4.89
31 51 1.04
31 52 2.92
31 53 5.58
31 54 1.91
31 55 2.89
31 56 5.28
31 57 9.96
31 58 5.84
31 59 6.03
31 60 3.43
31 61 6.65
31 62 4.05
31 63 3.58
31 64 9.40
31 65 0.01
31 66 9.42
31 67 7.29
31 68 8.91
31 69 2.46
31 70 3.08
31 71 2.67
31 72 1.36
31 73 3.96
31 74 5.97
31 75 7.77
31 76 9.86
31 77 4.59
31 78 0.71
31 79 7.28
31 80 1.15
31 81 0.81
31 82 6.64
31 83 8.79
31 84 0.40
31 85 7.79
31 86 8.54
31 87 1.72
31 88 4.33
31 89 3.93
31 90 5.32
31 91 4.32
31 92 4.17
31 93 1.88
31 94 4.93
31 95 6.27
31 96 7.92
31 97 4.89
31 98 1.11
31 99 3.38
32 33 0.20
32 34 1.63
32 35 9.39
32 36 1.77
32 37 2.75
32 38 2.95
32 39 5.19
32 40 8.99
32 41 9.91
32 42 7.21
32 43 8.56
32 44 2.41
32 45 7.99
32 46 5.32
32 47 5.80
32 48 5.55
32 49 3.29
32 50 3.68
32 51 0.95
32 52 6.01
32 53 3.42
32 54 8.31
32 55 5.52
32 56 4.24
32 57 2.48
32 58 3.67
32 59 0.68
32 60 4.18
32 61 5.22
32 62 2.93
32 63 7.75
32 64 8.75
32 65 2.32
32 66 4.34
32 67 6.38
32 68 1.82
32 69 2.76
32 70 6.64
32 71 8.78
32 72 0.43
32 73 1.71
32 74 9.43
32 75 5.33
32 76 9.31
32 77 5.51
32 78 0.69
32 79 9.72
32 80 8.58
32 81 9.00
32 82 0.16
32 83 0.29
32 84 8.98
32 85 2.09
32 86 0.93
32 87 6.71
32 88 8.64
32 89 9.63
32 90 6.03
32 91 3.31
32 92 9.20
32 93 9.84
32 94 0.07
32 95 2.36
32 96 2.76
32 97 9.43
32 98 2.81
32 99 5.01
33 34 7.74
33 35 1.33
33 36 1.24
33 37 8.21
33 38 0.12
33 39 5.25
33 40 8.98
33 41 6.56
33 42 2.75
33 43 2.18
33 44 5.62
33 45 2.81
33 46 0.83
33 47 4.63
33 48 1.83
33 49 5.73
33 50 2.62
33 51 9.94
33 52 3.59
33 53 1.02
33 54 2.63
33 55 5.77
33 56 5.87
33 57 7.50
33 58 9.93
33 59 3.23
33 60 5.80
33 61 3.50
33 62 5.51
33 63 6.30
33 64 5.57
33 65 0.35
33 66 8.19
33 67 7.70
33 68 5.17
33 69 3.49
33 70 5.97
33 71 2.09
33 72 5.43
33 73 0.16
33 74 8.12
33 75 3.82
33 76 0.14
33 77 2.75
33 78 6.02
33 79 3.04
33 80 0.37
33 81 8.86
33 82 9.10
33 83 8.97
33 84 5.00
33 85 1.24
33 86 5.73
33 87 4.95
33 88 3.94
33 89 9.73
33 90 0.48
33 91 1.15
33 92 3.25
33 93 9.90
33 94 7.58
33 95 4.21
33 96 2.90
33 97 0.66
33 98 1.09
33 99 8.36
34 35 7.01
34 36 1.25
34 37 6.52
34 38 2.33
34 39 6.00
34 40 0.03
34 41 0.51
34 42 7.12
34 43 4.55
34 44 1.24
34 45 5.51
34 46 4.54
34 47 2.55
34 48 7.28
34 49 7.18
34 50 3.90
34 51 1.15
34 52 9.53
34 53 6.32
34 54 0.68
34 55 7.55
34 56 3.30
34 57 1.06
34 58 4.91
34 59 9.62
34 60 3.09
34 61 4.43
34 62 4.59
34 63 0.83
34 64 1.31
34 65 3.74
34 66 4.82
34 67 8.48
34 68 0.29
34 69 0.06
34 70 6.56
34 71 2.58
34 72 2.53
34 73 0.19
34 74 8.73
34 75 5.59
34 76 0.53
34 77 2.28
34 78 2.89
34 79 4.79
34 80 9.10
34 81 4.00
34 82 7.59
34 83 6.09
34 84 4.03
34 85 9.72
34 86 4.40
34 87 3.36
34 88 2.42
34 89 7.52
34 90 1.50
34 91 2.32
34 92 0.53
34 93 7.27
34 94 4.26
34 95 9.81
34 96 2.06
34 97 2.88
34 98 3.55
34 99 1.39
35 36 0.48
35 37 6.60
35 38 2.93
35 39 0.04
35 40 0.97
35 41 3.77
35 42 9.19
35 43 1.53
35 44 4.89
35 45 8.93
35 46 2.51
35 47 5.66
35 48 6.69
35 49 2.61
35 50 8.85
35 51 1.39
35 52 6.40
35 53 1.16
35 54 9.57
35 55 7.03
35 56 8.88
35 57 4.59
35 58 0.56
35 59 3.22
35 60 9.44
35 61 8.66
35 62 9.61
35 63 3.32
35 64 6.23
35 65 0.86
35 66 1.35
35 67 2.94
35 68 6.76
35 69 0.83
35 70 4.85
35 71 1.02
35 72 1.52
35 73 5.05
35 74 5.05
35 75 1.01
35 76 7.42
35 77 2.06
35 78 8.74
35 79 9.86
35 80 6.09
35 81 8.95
35 82 1.77
35 83 2.04
35 84 8.93
35 85 8.95
35 86 1.86
35 87 6.42
35 88 2.11
35 89 6.54
35 90 2.37
35 91 0.73
35 92 0.11
35 93 5.94
35 94 2.55
35 95 9.41
35 96 4.27
35 97 8.42
35 98 9.00
35 99 1.13
36 37 4.59
36 38 6.50
36 39 5.74
36 40 9.79
36 41 6.83
36 42 9.34
36 43 0.95
36 44 0.22
36 45 7.85
36 46 6.44
36 47 5.98
36 48 2.39
36 49 7.77
36 50 2.64
36 51 9.25
36 52 3.28
36 53 7.24
36 54 1.06
36 55 5.36
36 56 3.37
36 57 1.27
36 58 3.16
36 59 4.41
36 60 8.80
36 61 9.40
36 62 9.58
36 63 5.35
36 64 5.33
36 65 6.94
36 66 4.27
36 67 9.27
36 68 3.14
36 69 5.49
36 70 2.53
36 71 3.98
36 72 0.90
36 73 8.37
36 74 4.86
36 75 0.63
36 76 2.99
36 77 2.22
36 78 3.39
36 79 6.81
36 80 2.35
36 81 2.98
36 82 3.05
36 83 4.93
36 84 9.24
36 85 7.00
36 86 2.88
36 87 6.13
36 88 4.78
36 89 1.31
36 90 1.65
36 91 4.17
36 92 5.04
36 93 9.59
36 94 5.47
36 95 4.94
36 96 1.43
36 97 9.74
36 98 5.59
36 99 5.90
37 38 9.83
37 39 4.98
37 40 5.25
37 41 8.13
37 42 2.67
37 43 5.75
37 44 8.99
37 45 6.06
37 46 1.91
37 47 9.14
37 48 6.81
37 49 5.33
37 50 4.25
37 51 1.59
37 52 8.99
37 53 0.99
37 54 6.09
37 55 7.30
37 56 0.52
37 57 0.26
37 58 6.04
37 59 0.07
37 60 7.44
37 61 7.13
37 62 3.43
37 63 3.56
37 64 8.80
37 65 8.97
37 66 7.44
37 67 8.09
37 68 0.79
37 69 8.61
37 70 8.56
37 71 0.60
37 72 8.59
37 73 9.59
37 74 4.02
37 75 9.51
37 76 8.77
37 77 3.83
37 78 7.11
37 79 7.42
37 80 8.40
37 81 1.46
37 82 4.22
37 83 5.97
37 84 2.59
37 85 1.67
37 86 7.46
37 87 4.97
37 88 6.24
37 89 9.19
37 90 3.88
37 91 8.09
37 92 3.95
37 93 6.38
37 94 1.03
37 95 8.20
37 96 2.51
37 97 5.08
37 98 7.68
37 99 2.33
38 39 9.89
38 40 3.84
38 41 2.62
38 42 0.30
38 43 3.00
38 44 2.73
38 45 0.00
38 46 8.88
38 47 6.32
38 48 0.08
38 49 3.45
38 50 3.47
38 51 3.77
38 52 0.80
38 53 6.51
38 54 2.02
38 55 3.27
38 56 1.93
38 57 5.38
38 58 7.73
38 59 6.29
38 60 4.07
38 61 4.14
38 62 7.68
38 63 9.28
38 64 5.75
38 65 4.99
38 66 7.34
38 67 1.50
38 68 3.17
38 69 2.55
38 70 6.08
38 71 3.37
38 72 0.07
38 73 8.98
38 74 2.57
38 75 1.36
38 76 0.49
38 77 0.39
38 78 9.91
38 79 3.67
38 80 3.20
38 81 1.66
38 82 1.25
38 83 8.28
38 84 2.32
38 85 2.17
38 86 7.65
38 87 1.54
38 88 4.38
38 89 4.72
38 90 5.70
38 91 7.47
38 92 5.26
38 93 6.33
38 94 0.92
38 95 9.62
38 96 5.94
38 97 5.12
38 98 2.33
38 99 3.69
39 40 7.86
39 41 9.79
39 42 4.58
39 43 3.84
39 44 9.31
39 45 7.92
39 46 6.76
39 47 2.69
39 48 7.87
39 49 0.64
39 50 8.85
39 51 3.02
39 52 6.93
39 53 8.89
39 54 3.96
39 55 9.69
39 56 3.14
39 57 7.44
39 58 1.80
39 59 2.15
39 60 6.32
39 61 6.79
39 62 0.89
39 63 8.07
39 64 5.34
39 65 3.47
39 66 5.44
39 67 1.17
39 68 5.31
39 69 7.64
39 70 9.49
39 71 1.60
39 72 5.25
39 73 3.20
39 74 7.43
39 75 7.02
39 76 6.23
39 77 9.40
39 78 2.58
39 79 4.79
39 80 2.31
39 81 9.17
39 82 8.35
39 83 3.75
39 84 6.08
39 85 8.92
39 86 1.08
39 87 9.20
39 88 9.74
39 89 0.04
39 90 6.49
39 91 6.62
39 92 4.24
39 93 9.26
39 94 5.79
39 95 7.06
39 96 0.99
39 97 9.16
39 98 5.34
39 99 4.52
40 41 7.14
40 42 8.44
40 43 9.31
40 44 4.13
40 45 1.61
40 46 2.65
40 47 4.38
40 48 8.05
40 49 0.59
40 50 0.90
40 51 2.92
40 52 6.58
40 53 6.29
40 54 8.95
40 55 8.11
40 56 4.35
40 57 7.71
40 58 5.09
40 59 4.85
40 60 3.18
40 61 9.87
40 62 3.79
40 63 5.05
40 64 8.35
40 65 3.21
40 66 0.66
40 67 8.09
40 68 7.24
40 69 6.13
40 70 4.88
40 71 7.28
40 72 1.41
40 73 1.85
40 74 5.51
40 75 8.42
40 76 0.22
40 77 0.75
40 78 7.26
40 79 8.61
40 80 2.27
40 81 9.13
40 82 6.24
40 83 9.53
40 84 2.98
40 85 5.76
40 86 7.18
40 87 6.29
40 88 8.71
40 89 2.76
40 90 1.64
40 91 5.38
40 92 0.16
40 93 8.56
40 94 6.92
40 95 0.10
40 96 3.23
40 97 0.34
40 98 4.52
40 99 5.44
41 42 5.33
41 43 5.97
41 44 3.08
41 45 7.37
41 46 1.93
41 47 1.06
41 48 8.25
41 49 6.43
41 50 7.30
41 51 0.89
41 52 4.82
41 53 3.81
41 54 7.58
41 55 2.96
41 56 6.72
41 57 6.69
41 58 6.39
41 59 7.39
41 60 9.47
41 61 6.76
41 62 1.45
41 63 2.81
41 64 6.09
41 65 1.45
41 66 3.91
41 67 4.63
41 68 9.13
41 69 4.39
41 70 2.37
41 71 1.46
41 72 4.05
41 73 9.18
41 74 8.35
41 75 8.26
41 76 2.71
41 77 3.49
41 78 4.13
41 79 1.84
41 80 9.58
41 81 3.67
41 82 5.20
41 83 5.48
41 84 3.69
41 85 9.04
41 86 4.29
41 87 4.52
41 88 3.64
41 89 0.19
41 90 5.75
41 91 0.40
41 92 1.43
41 93 6.41
41 94 7.22
41 95 2.48
41 96 9.86
41 97 5.69
41 98 2.18
41 99 6.35
42 43 1.27
42 44 9.66
42 45 0.86
42 46 9.11
42 47 5.60
42 48 2.74
42 49 0.57
42 50 0.17
42 51 2.38
42 52 7.33
42 53 6.34
42 54 9.47
42 55 9.62
42 56 2.78
42 57 5.53
42 58 8.37
42 59 6.61
42 60 6.11
42 61 1.58
42 62 5.86
42 63 0.79
42 64 0.92
42 65 4.28
42 66 8.62
42 67 1.76
42 68 1.27
42 69 8.61
42 70 4.03
42 71 4.66
42 72 4.29
42 73 8.93
42 74 0.83
42 75 2.51
42 76 4.89
42 77 5.18
42 78 4.75
42 79 6.29
42 80 3.76
42 81 6.73
42 82 9.01
42 83 1.13
42 84 3.65
42 85 1.23
42 86 2.89
42 87 2.82
42 88 6.15
42 89 6.76
42 90 7.10
42 91 0.14
42 92 8.70
42 93 5.19
42 94 4.11
42 95 8.87
42 96 3.53
42 97 5.23
42 98 8.63
42 99 7.17
43 44 2.82
43 45 8.27
43 46 6.85
43 47 0.51
43 48 6.38
43 49 2.15
43 50 5.88
43 51 8.15
43 52 0.58
43 53 4.23
43 54 1.17
43 55 2.84
43 56 2.04
43 57 9.28
43 58 7.38
43 59 5.25
43 60 9.94
43 61 9.28
43 62 3.89
43 63 4.05
43 64 8.09
43 65 5.53
43 66 3.56
43 67 1.64
43 68 5.67
43 69 1.66
43 70 9.48
43 71 3.34
43 72 9.46
43 73 7.81
43 74 0.04
43 75 2.21
43 76 7.65
43 77 9.00
43 78 0.14
43 79 4.38
43 80 6.78
43 81 3.75
43 82 2.91
43 83 0.98
43 84 6.90
43 85 6.74
43 86 9.15
43 87 0.96
43 88 4.97
43 89 8.97
43 90 6.43
43 91 7.93
43 92 5.36
43 93 8.58
43 94 8.03
43 95 0.51
43 96 4.06
43 97 5.51
43 98 2.76
43 99 3.45
44 45 5.06
44 46 4.60
44 47 2.87
44 48 4.92
44 49 3.16
44 50 3.30
44 51 5.17
44 52 8.46
44 53 4.39
44 54 2.55
44 55 6.47
44 56 7.67
44 57 6.52
44 58 1.49
44 59 6.11
44 60 7.19
44 61 6.83
44 62 4.94
44 63 8.38
44 64 8.85
44 65 1.20
44 66 8.25
44 67 2.99
44 68 3.59
44 69 0.83
44 70 4.75
44 71 0.62
44 72 0.44
44 73 5.28
44 74 5.97
44 75 5.92
44 76 1.77
44 77 1.10
44 78 9.05
44 79 1.22
44 80 8.86
44 81 8.49
44 82 3.44
44 83 8.40
44 84 0.41
44 85 3.56
44 86 4.14
44 87 8.12
44 88 5.13
44 89 1.03
44 90 7.88
44 91 3.28
44 92 0.68
44 93 0.84
44 94 9.82
44 95 8.76
44 96 9.35
44 97 3.83
44 98 4.35
44 99 0.79
45 46 0.66
45 47 2.71
45 48 2.62
45 49 8.93
45 50 8.67
45 51 3.51
45 52 7.22
45 53 5.84
45 54 5.34
45 55 7.86
45 56 8.60
45 57 1.94
45 58 1.82
45 59 7.48
45 60 4.45
45 61 4.15
45 62 8.89
45 63 5.32
45 64 0.11
45 65 2.49
45 66 9.82
45 67 2.94
45 68 8.39
45 69 5.63
45 70 8.77
45 71 6.88
45 72 3.36
45 73 2.44
45 74 7.90
45 75 7.92
45 76 2.10
45 77 4.05
45 78 9.56
45 79 6.68
45 80 7.81
45 81 9.94
45 82 4.72
45 83 8.45
45 84 1.18
45 85 6.09
45 86 0.92
45 87 5.93
45 88 6.30
45 89 9.11
45 90 3.83
45 91 9.20
45 92 4.45
45 93 1.30
45 94 0.81
45 95 8.49
45 96 9.37
45 97 9.77
45 98 0.70
45 99 2.70
46 47 0.74
46 48 2.29
46 49 9.28
46 50 5.25
46 51 8.09
46 52 2.74
46 53 5.24
46 54 9.15
46 55 7.06
46 56 7.70
46 57 3.34
46 58 9.69
46 59 4.98
46 60 0.53
46 61 5.25
46 62 1.62
46 63 6.19
46 64 6.64
46 65 9.49
46 66 4.56
46 67 7.60
46 68 0.06
46 69 6.29
46 70 7.07
46 71 3.91
46 72 7.14
46 73 1.22
46 74 8.90
46 75 7.46
46 76 8.00
46 77 0.71
46 78 9.08
46 79 2.85
46 80 4.37
46 81 2.59
46 82 1.85
46 83 2.28
46 84 7.87
46 85 4.97
46 86 1.30
46 87 0.08
46 88 0.68
46 89 5.33
46 90 7.03
46 91 3.27
46 92 4.59
46 93 2.62
46 94 8.41
46 95 8.69
46 96 8.06
46 97 1.94
46 98 7.65
46 99 3.88
47 48 5.27
47 49 0.49
47 50 4.65
47 51 0.73
47 52 8.48
47 53 7.12
47 54 6.59
47 55 6.68
47 56 7.98
47 57 9.40
47 58 0.81
47 59 9.87
47 60 3.26
47 61 6.68
47 62 8.22
47 63 6.17
47 64 2.99
47 65 0.99
47 66 8.13
47 67 3.64
47 68 0.02
47 69 4.32
47 70 2.09
47 71 1.27
47 72 1.96
47 73 7.59
47 74 0.38
47 75 6.76
47 76 6.82
47 77 9.28
47 78 9.67
47 79 0.08
47 80 8.28
47 81 3.02
47 82 5.73
47 83 4.45
47 84 3.74
47 85 0.63
47 86 5.37
47 87 7.31
47 88 8.37
47 89 8.49
47 90 1.25
47 91 4.89
47 92 1.84
47 93 9.16
47 94 5.50
47 95 0.58
47 96 9.47
47 97 7.74
47 98 3.21
47 99 9.18
48 49 5.41
48 50 8.55
48 51 4.24
48 52 7.99
48 53 4.45
48 54 8.61
48 55 0.36
48 56 6.88
48 57 7.84
48 58 6.65
48 59 5.97
48 60 0.88
48 61 4.43
48 62 4.59
48 63 8.77
48 64 7.86
48 65 0.72
48 66 1.14
48 67 3.08
48 68 2.55
48 69 4.32
48 70 7.59
48 71 3.56
48 72 5.86
48 73 8.61
48 74 9.02
48 75 4.18
48 76 1.86
48 77 8.81
48 78 3.03
48 79 2.48
48 80 4.95
48 81 3.39
48 82 2.33
48 83 0.60
48 84 9.62
48 85 5.39
48 86 8.66
48 87 8.12
48 88 1.04
48 89 4.78
48 90 3.08
48 91 6.20
48 92 9.66
48 93 0.52
48 94 3.02
48 95 1.46
48 96 3.62
48 97 7.42
48 98 8.08
48 99 5.73
49 50 7.06
49 51 7.32
49 52 4.96
49 53 4.83
49 54 9.10
49 55 4.28
49 56 8.84
49 57 1.87
49 58 5.55
49 59 9.66
49 60 3.42
49 61 0.96
49 62 3.95
49 63 6.95
49 64 9.54
49 65 6.19
49 66 6.22
49 67 9.59
49 68 7.03
49 69 6.04
49 70 6.22
49 71 2.27
49 72 0.25
49 73 6.39
49 74 0.99
49 75 4.05
49 76 5.38
49 77 9.53
49 78 0.64
49 79 7.52
49 80 7.31
49 81 9.40
49 82 7.63
49 83 1.47
49 84 7.44
49 85 6.15
49 86 9.67
49 87 6.17
49 88 3.16
49 89 2.25
49 90 1.58
49 91 9.61
49 92 8.42
49 93 3.31
49 94 7.77
49 95 9.17
49 96 2.50
49 97 6.00
49 98 4.78
49 99 9.24
50 51 3.17
50 52 8.28
50 53 8.97
50 54 7.08
50 55 5.64
50 56 8.52
50 57 6.75
50 58 8.19
50 59 8.92
50 60 4.18
50 61 9.19
50 62 6.86
50 63 0.95
50 64 2.36
50 65 3.78
50 66 6.71
50 67 8.86
50 68 0.92
50 69 8.16
50 70 4.56
50 71 4.91
50 72 7.35
50 73 4.47
50 74 3.61
50 75 3.13
50 76 8.12
50 77 8.29
50 78 0.87
50 79 4.41
50 80 9.87
50 81 1.66
50 82 0.98
50 83 1.62
50 84 6.10
50 85 7.27
50 86 5.90
50 87 8.97
50 88 7.72
50 89 6.44
50 90 3.26
50 91 5.17
50 92 4.98
50 93 8.34
50 94 2.06
50 95 4.83
50 96 0.93
50 97 1.17
50 98 1.53
50 99 6.64
51 52 0.51
51 53 7.29
51 54 7.88
51 55 5.15
51 56 5.69
51 57 4.18
51 58 7.12
51 59 4.95
51 60 7.24
51 61 0.58
51 62 9.45
51 63 5.94
51 64 2.94
51 65 3.98
51 66 3.02
51 67 1.71
51 68 5.65
51 69 3.35
51 70 8.29
51 71 4.41
51 72 3.86
51 73 1.71
51 74 1.96
51 75 8.35
51 76 2.29
51 77 3.64
51 78 6.73
51 79 4.40
51 80 8.62
51 81 0.10
51 82 1.49
51 83 2.60
51 84 6.92
51 85 2.87
51 86 1.40
51 87 9.98
51 88 2.77
51 89 6.31
51 90 2.93
51 91 1.75
51 92 7.10
51 93 1.96
51 94 4.44
51 95 9.03
51 96 8.52
51 97 2.05
51 98 6.51
51 99 1.46
52 53 3.94
52 54 3.83
52 55 8.15
52 56 4.69
52 57 8.72
52 58 1.72
52 59 0.79
52 60 0.86
52 61 2.46
52 62 2.34
52 63 5.62
52 64 9.41
52 65 7.53
52 66 1.05
52 67 1.46
52 68 6.08
52 69 8.24
52 70 0.00
52 71 2.28
52 72 9.58
52 73 7.28
52 74 2.68
52 75 4.11
52 76 2.27
52 77 4.84
52 78 7.36
52 79 7.32
52 80 6.59
52 81 4.41
52 82 9.40
52 83 9.99
52 84 8.74
52 85 9.26
52 86 3.90
52 87 9.90
52 88 7.02
52 89 6.16
52 90 6.87
52 91 5.39
52 92 7.98
52 93 6.89
52 94 7.31
52 95 5.48
52 96 7.29
52 97 7.93
52 98 5.70
52 99 1.69
53 54 0.92
53 55 3.17
53 56 6.38
53 57 5.13
53 58 1.87
53 59 4.02
53 60 6.94
53 61 9.83
53 62 0.99
53 63 8.09
53 64 5.40
53 65 4.59
53 66 8.14
53 67 2.42
53 68 6.99
53 69 9.18
53 70 2.72
53 71 1.32
53 72 4.86
53 73 6.59
53 74 1.29
53 75 0.23
53 76 9.40
53 77 6.94
53 78 1.00
53 79 7.54
53 80 2.60
53 81 9.32
53 82 8.24
53 83 4.96
53 84 5.61
53 85 2.97
53 86 1.84
53 87 9.22
53 88 3.09
53 89 3.95
53 90 5.32
53 91 1.44
53 92 1.92
53 93 9.98
53 94 9.67
53 95 6.54
53 96 0.47
53 97 6.59
53 98 9.33
53 99 2.03
54 55 0.28
54 56 8.52
54 57 1.13
54 58 6.18
54 59 2.94
54 60 7.55
54 61 4.04
54 62 1.13
54 63 9.62
54 64 3.25
54 65 4.68
54 66 6.65
54 67 3.71
54 68 5.75
54 69 3.50
54 70 4.65
54 71 8.51
54 72 6.95
54 73 4.34
54 74 2.73
54 75 1.57
54 76 1.55
54 77 6.16
54 78 4.29
54 79 1.33
54 80 9.63
54 81 0.27
54 82 8.04
54 83 7.88
54 84 8.65
54 85 6.49
54 86 2.41
54 87 3.17
54 88 8.65
54 89 6.11
54 90 4.24
54 91 6.45
54 92 5.44
54 93 9.15
54 94 8.68
54 95 0.72
54 96 0.09
54 97 8.55
54 98 2.95
54 99 0.00
55 56 1.51
55 57 1.12
55 58 2.91
55 59 2.54
55 60 0.05
55 61 0.23
55 62 3.51
55 63 5.21
55 64 6.18
55 65 9.69
55 66 5.96
55 67 3.90
55 68 6.65
55 69 9.01
55 70 2.16
55 71 1.80
55 72 1.60
55 73 6.50
55 74 4.35
55 75 5.57
55 76 7.04
55 77 9.93
55 78 2.70
55 79 0.10
55 80 7.37
55 81 6.17
55 82 2.70
55 83 1.55
55 84 2.26
55 85 3.53
55 86 9.20
55 87 9.88
55 88 3.29
55 89 6.78
55 90 4.39
55 91 9.88
55 92 9.53
55 93 7.19
55 94 5.47
55 95 4.64
55 96 9.91
55 97 4.09
55 98 2.43
55 99 5.85
56 57 2.09
56 58 1.07
56 59 1.45
56 60 5.64
56 61 0.63
56 62 9.34
56 63 5.49
56 64 8.10
56 65 9.27
56 66 3.49
56 67 3.78
56 68 0.18
56 69 5.14
56 70 1.45
56 71 6.65
56 72 1.51
56 73 3.05
56 74 1.08
56 75 3.34
56 76 5.02
56 77 9.33
56 78 9.84
56 79 3.86
56 80 3.03
56 81 0.98
56 82 7.79
56 83 8.67
56 84 7.05
56 85 4.04
56 86 5.45
56 87 9.33
56 88 6.76
56 89 2.82
56 90 8.32
56 91 5.50
56 92 1.26
56 93 1.40
56 94 8.67
56 95 8.50
56 96 4.01
56 97 2.63
56 98 5.68
56 99 1.21
57 58 4.74
57 59 3.85
57 60 9.29
57 61 4.11
57 62 3.17
57 63 7.79
57 64 6.89
57 65 4.62
57 66 4.27
57 67 5.58
57 68 8.27
57 69 7.93
57 70 2.04
57 71 4.36
57 72 2.10
57 73 4.70
57 74 9.72
57 75 3.37
57 76 0.11
57 77 9.59
57 78 0.68
57 79 9.79
57 80 8.63
57 81 9.46
57 82 9.35
57 83 3.70
57 84 4.56
57 85 5.29
57 86 9.18
57 87 1.00
57 88 7.77
57 89 4.98
57 90 0.77
57 91 2.04
57 92 2.02
57 93 8.31
57 94 7.46
57 95 0.09
57 96 3.74
57 97 1.14
57 98 2.52
57 99 1.14
58 59 9.26
58 60 3.02
58 61 0.39
58 62 7.79
58 63 9.50
58 64 2.57
58 65 4.61
58 66 7.33
58 67 0.96
58 68 6.23
58 69 5.68
58 70 1.37
58 71 6.99
58 72 1.29
58 73 5.37
58 74 4.85
58 75 7.58
58 76 2.18
58 77 3.89
58 78 0.08
58 79 7.16
58 80 1.23
58 81 2.52
58 82 3.05
58 83 0.02
58 84 0.60
58 85 0.54
58 86 4.64
58 87 0.77
58 88 9.64
58 89 0.07
58 90 9.04
58 91 7.66
58 92 2.29
58 93 0.48
58 94 9.28
58 95 0.71
58 96 8.01
58 97 2.46
58 98 3.37
58 99 3.71
59 60 5.18
59 61 5.58
59 62 5.75
59 63 3.99
59 64 6.83
59 65 8.60
59 66 9.21
59 67 0.90
59 68 8.50
59 69 1.23
59 70 7.30
59 71 7.73
59 72 7.90
59 73 6.76
59 74 2.54
59 75 4.55
59 76 6.65
59 77 8.39
59 78 7.07
59 79 2.67
59 80 3.79
59 81 9.04
59 82 2.39
59 83 4.94
59 84 3.13
59 85 9.84
59 86 9.31
59 87 6.00
59 88 7.19
59 89 2.14
59 90 2.09
59 91 1.01
59 92 3.96
59 93 3.37
59 94 6.91
59 95 7.29
59 96 1.03
59 97 5.97
59 98 2.36
59 99 0.79
60 61 5.68
60 62 2.79
60 63 6.69
60 64 1.64
60 65 9.92
60 66 2.39
60 67 4.55
60 68 5.84
60 69 6.64
60 70 9.06
60 71 8.15
60 72 0.09
60 73 1.83
60 74 5.99
60 75 9.94
60 76 4.93
60 77 0.07
60 78 3.33
60 79 4.57
60 80 5.23
60 81 5.41
60 82 7.44
60 83 6.39
60 84 6.74
60 85 5.59
60 86 5.37
60 87 3.81
60 88 6.02
60 89 3.37
60 90 1.98
60 91 3.87
60 92 0.14
60 93 4.03
60 94 9.03
60 95 6.83
60 96 5.14
60 97 1.97
60 98 8.73
60 99 9.69
61 62 5.49
61 63 3.82
61 64 5.68
61 65 0.78
61 66 9.73
61 67 7.02
61 68 2.15
61 69 6.87
61 70 7.74
61 71 1.80
61 72 3.63
61 73 7.80
61 74 8.67
61 75 8.73
61 76 4.26
61 77 4.18
61 78 1.83
61 79 1.73
61 80 0.34
61 81 0.70
61 82 9.66
61 83 5.27
61 84 9.16
61 85 5.75
61 86 0.85
61 87 8.63
61 88 4.69
61 89 6.67
61 90 5.11
61 91 7.52
61 92 3.36
61 93 9.39
61 94 7.35
61 95 6.85
61 96 0.19
61 97 7.85
61 98 1.17
61 99 8.89
62 63 5.11
62 64 9.39
62 65 8.00
62 66 1.29
62 67 3.46
62 68 1.22
62 69 6.96
62 70 4.07
62 71 7.05
62 72 2.41
62 73 7.13
62 74 7.14
62 75 7.89
62 76 0.38
62 77 6.45
62 78 3.81
62 79 8.33
62 80 6.15
62 81 2.60
62 82 0.11
62 83 3.63
62 84 1.04
62 85 5.89
62 86 8.71
62 87 9.99
62 88 6.42
62 89 0.47
62 90 5.49
62 91 0.04
62 92 7.29
62 93 5.97
62 94 5.65
62 95 1.98
62 96 5.57
62 97 9.96
62 98 2.16
62 99 5.55
63 64 0.44
63 65 0.79
63 66 1.29
63 67 6.08
63 68 9.39
63 69 1.30
63 70 6.23
63 71 1.13
63 72 6.10
63 73 4.52
63 74 9.56
63 75 0.45
63 76 7.58
63 77 0.33
63 78 6.20
63 79 1.39
63 80 9.40
63 81 2.21
63 82 7.27
63 83 1.92
63 84 1.56
63 85 9.55
63 86 3.11
63 87 9.42
63 88 0.74
63 89 8.49
63 90 7.12
63 91 8.63
63 92 2.44
63 93 3.25
63 94 1.38
63 95 2.06
63 96 1.61
63 97 3.07
63 98 8.92
63 99 4.37
64 65 2.57
64 66 7.92
64 67 5.43
64 68 1.31
64 69 2.62
64 70 5.79
64 71 1.03
64 72 2.74
64 73 0.67
64 74 5.22
64 75 4.88
64 76 3.46
64 77 1.96
64 78 8.89
64 79 6.05
64 80 0.70
64 81 7.10
64 82 5.83
64 83 9.47
64 84 6.36
64 85 8.99
64 86 1.58
64 87 3.32
64 88 8.91
64 89 4.53
64 90 3.96
64 91 3.12
64 92 2.88
64 93 8.68
64 94 0.28
64 95 7.41
64 96 3.21
64 97 7.86
64 98 4.53
64 99 8.35
65 66 1.75
65 67 2.34
65 68 2.32
65 69 9.61
65 70 2.95
65 71 3.91
65 72 5.93
65 73 2.56
65 74 3.26
65 75 0.69
65 76 9.14
65 77 8.46
65 78 7.88
65 79 6.90
65 80 6.16
65 81 4.96
65 82 6.59
65 83 5.31
65 84 6.80
65 85 9.26
65 86 2.82
65 87 0.75
65 88 5.74
65 89 8.43
65 90 8.27
65 91 5.67
65 92 8.12
65 93 3.95
65 94 4.42
65 95 6.37
65 96 2.89
65 97 5.55
65 98 4.86
65 99 9.63
66 67 3.49
66 68 8.58
66 69 9.86
66 70 4.89
66 71 2.92
66 72 0.02
66 73 1.78
66 74 0.16
66 75 8.85
66 76 0.53
66 77 6.97
66 78 2.18
66 79 6.30
66 80 0.46
66 81 1.88
66 82 7.77
66 83 6.22
66 84 7.78
66 85 0.12
66 86 4.14
66 87 7.28
66 88 7.38
66 89 2.26
66 90 8.61
66 91 2.56
66 92 0.07
66 93 0.09
66 94 1.01
66 95 5.93
66 96 2.78
66 97 0.46
66 98 0.87
66 99 4.98
67 68 1.47
67 69 4.49
67 70 1.94
67 71 3.34
67 72 5.05
67 73 3.17
67 74 4.52
67 75 1.48
67 76 1.51
67 77 0.03
67 78 0.29
67 79 3.37
67 80 1.66
67 81 8.94
67 82 8.16
67 83 0.11
67 84 6.60
67 85 7.84
67 86 7.79
67 87 3.37
67 88 2.51
67 89 9.66
67 90 5.36
67 91 5.16
67 92 8.75
67 93 8.88
67 94 1.03
67 95 6.30
67 96 8.08
67 97 9.51
67 98 6.64
67 99 4.12
68 69 9.94
68 70 5.10
68 71 3.92
68 72 1.14
68 73 0.61
68 74 7.57
68 75 3.92
68 76 3.99
68 77 9.72
68 78 6.36
68 79 2.65
68 80 1.73
68 81 2.62
68 82 8.76
68 83 2.18
68 84 4.04
68 85 7.72
68 86 8.07
68 87 8.90
68 88 5.91
68 89 2.51
68 90 9.65
68 91 9.51
68 92 9.21
68 93 10.00
68 94 0.18
68 95 9.58
68 96 7.90
68 97 4.17
68 98 7.77
68 99 9.49
69 70 0.58
69 71 7.18
69 72 7.36
69 73 1.11
69 74 5.23
69 75 1.93
69 76 5.50
69 77 6.75
69 78 0.28
69 79 4.69
69 80 1.38
69 81 1.87
69 82 9.99
69 83 5.50
69 84 4.56
69 85 4.08
69 86 0.19
69 87 4.94
69 88 8.37
69 89 4.49
69 90 8.50
69 91 1.07
69 92 3.28
69 93 1.87
69 94 8.86
69 95 7.35
69 96 4.24
69 97 7.09
69 98 4.32
69 99 8.71
70 71 1.32
70 72 1.16
70 73 3.22
70 74 2.48
70 75 1.52
70 76 7.86
70 77 1.17
70 78 0.12
70 79 9.29
70 80 8.54
70 81 5.68
70 82 2.05
70 83 4.79
70 84 2.35
70 85 1.49
70 86 4.50
70 87 4.13
70 88 5.52
70 89 1.67
70 90 5.21
70 91 0.61
70 92 0.79
70 93 6.83
70 94 2.04
70 95 1.37
70 96 8.05
70 97 7.98
70 98 4.61
70 99 4.07
71 72 2.08
71 73 1.13
71 74 8.52
71 75 0.05
71 76 1.09
71 77 4.45
71 78 6.21
71 79 1.47
71 80 4.77
71 81 1.88
71 82 0.50
71 83 4.40
71 84 1.78
71 85 3.56
71 86 0.88
71 87 2.54
71 88 4.83
71 89 7.15
71 90 8.94
71 91 8.21
71 92 0.93
71 93 2.70
71 94 9.14
71 95 9.12
71 96 8.93
71 97 6.83
71 98 8.26
71 99 9.63
72 73 7.59
72 74 9.21
72 75 7.62
72 76 6.98
72 77 2.27
72 78 5.13
72 79 2.36
72 80 0.95
72 81 6.04
72 82 7.31
72 83 3.95
72 84 9.57
72 85 3.28
72 86 3.42
72 87 0.18
72 88 3.71
72 89 2.87
72 90 0.82
72 91 0.42
72 92 6.26
72 93 1.43
72 94 8.49
72 95 1.22
72 96 4.03
72 97 5.98
72 98 5.77
72 99 3.48
73 74 7.41
73 75 6.92
73 76 4.70
73 77 1.37
73 78 2.62
73 79 5.98
73 80 9.44
73 81 4.24
73 82 5.36
73 83 6.38
73 84 5.63
73 85 2.49
73 86 6.65
73 87 5.11
73 88 3.12
73 89 1.40
73 90 0.94
73 91 5.91
73 92 2.55
73 93 5.92
73 94 6.32
73 95 3.50
73 96 3.89
73 97 7.26
73 98 6.26
73 99 6.04
74 75 5.63
74 76 8.89
74 77 4.64
74 78 7.22
74 79 6.07
74 80 3.00
74 81 6.51
74 82 6.08
74 83 3.28
74 84 1.29
74 85 5.40
74 86 7.56
74 87 9.85
74 88 6.07
74 89 3.92
74 90 9.08
74 91 0.21
74 92 1.29
74 93 7.40
74 94 2.55
74 95 0.29
74 96 7.24
74 97 2.85
74 98 8.37
74 99 1.89
75 76 3.79
75 77 8.63
75 78 4.19
75 79 6.82
75 80 8.62
75 81 3.43
75 82 6.00
75 83 9.59
75 84 8.45
75 85 1.69
75 86 6.46
75 87 2.20
75 88 8.70
75 89 6.39
75 90 2.84
75 91 1.48
75 92 8.37
75 93 4.43
75 94 6.21
75 95 6.64
75 96 6.28
75 97 5.22
75 98 5.31
75 99 9.52
76 77 4.47
76 78 9.35
76 79 2.68
76 80 1.43
76 81 6.20
76 82 10.00
76 83 8.32
76 84 1.54
76 85 4.27
76 86 4.84
76 87 0.29
76 88 8.55
76 89 0.42
76 90 1.26
76 91 4.24
76 92 5.68
76 93 3.07
76 94 3.05
76 95 7.55
76 96 6.03
76 97 6.95
76 98 4.17
76 99 7.44
77 78 3.17
77 79 2.77
77 80 9.43
77 81 5.79
77 82 5.78
77 83 7.04
77 84 2.24
77 85 3.84
77 86 8.00
77 87 1.77
77 88 4.57
77 89 7.56
77 90 1.74
77 91 3.55
77 92 0.06
77 93 0.04
77 94 2.93
77 95 2.54
77 96 5.52
77 97 6.97
77 98 4.30
77 99 8.38
78 79 5.73
78 80 5.22
78 81 6.28
78 82 9.81
78 83 9.31
78 84 8.60
78 85 9.59
78 86 5.07
78 87 2.90
78 88 1.19
78 89 4.12
78 90 7.45
78 91 0.06
78 92 2.49
78 93 2.66
78 94 2.12
78 95 5.50
78 96 4.75
78 97 9.32
78 98 9.12
78 99 8.17
79 80 0.26
79 81 1.41
79 82 4.11
79 83 1.04
79 84 4.46
79 85 3.62
79 86 8.30
79 87 2.09
79 88 9.51
79 89 8.95
79 90 1.96
79 91 0.02
79 92 0.48
79 93 5.54
79 94 1.65
79 95 0.01
79 96 6.85
79 97 3.33
79 98 1.41
79 99 8.01
80 81 0.90
80 82 8.37
80 83 1.53
80 84 6.27
80 85 5.53
80 86 8.71
80 87 3.55
80 88 8.17
80 89 8.16
80 90 5.32
80 91 0.04
80 92 7.15
80 93 7.05
80 94 4.04
80 95 0.93
80 96 3.80
80 97 1.36
80 98 8.26
80 99 8.89
81 82 8.79
81 83 0.61
81 84 2.58
81 85 3.01
81 86 8.74
81 87 6.66
81 88 4.58
81 89 9.58
81 90 8.65
81 91 2.81
81 92 1.65
81 93 5.39
81 94 1.23
81 95 4.51
81 96 9.39
81 97 4.43
81 98 9.49
81 99 3.26
82 83 1.74
82 84 0.06
82 85 6.55
82 86 3.55
82 87 0.10
82 88 7.57
82 89 4.08
82 90 6.78
82 91 8.29
82 92 0.52
82 93 8.58
82 94 3.19
82 95 9.63
82 96 8.49
82 97 5.10
82 98 0.52
82 99 4.56
83 84 0.99
83 85 8.06
83 86 8.58
83 87 5.17
83 88 1.37
83 89 0.94
83 90 6.00
83 91 3.77
83 92 2.60
83 93 6.22
83 94 9.39
83 95 4.72
83 96 1.93
83 97 5.60
83 98 9.66
83 99 2.61
84 85 1.65
84 86 5.64
84 87 5.71
84 88 5.62
84 89 1.00
84 90 6.23
84 91 2.27
84 92 1.03
84 93 9.75
84 94 1.51
84 95 6.70
84 96 2.50
84 97 2.78
84 98 0.16
84 99 5.67
85 86 8.38
85 87 4.73
85 88 4.67
85 89 3.23
85 90 0.08
85 91 7.20
85 92 8.14
85 93 8.30
85 94 7.38
85 95 0.68
85 96 7.34
85 97 7.04
85 98 6.14
85 99 1.75
86 87 5.94
86 88 8.30
86 89 0.13
86 90 8.76
86 91 5.49
86 92 5.66
86 93 8.56
86 94 7.97
86 95 8.49
86 96 9.21
86 97 4.25
86 98 3.63
86 99 6.84
87 88 0.43
87 89 6.98
87 90 0.68
87 91 1.66
87 92 3.74
87 93 2.12
87 94 9.38
87 95 6.78
87 96 7.63
87 97 0.42
87 98 0.97
87 99 0.69
88 89 5.05
88 90 7.37
88 91 8.80
88 92 5.62
88 93 4.54
88 94 8.32
88 95 2.04
88 96 8.96
88 97 7.37
88 98 8.12
88 99 1.08
89 90 7.49
89 91 7.03
89 92 0.96
89 93 9.10
89 94 5.11
89 95 8.01
89 96 5.07
89 97 0.49
89 98 5.66
89 99 9.53
90 91 6.54
90 92 0.08
90 93 7.87
90 94 8.74
90 95 8.08
90 96 5.08
90 97 1.77
90 98 8.76
90 99 9.72
91 92 6.90
91 93 2.35
91 94 6.55
91 95 9.04
91 96 8.68
91 97 0.23
91 98 9.09
91 99 4.90
92 93 1.82
92 94 4.04
92 95 0.80
92 96 1.26
92 97 7.66
92 98 3.94
92 99 7.81
93 94 2.14
93 95 3.12
93 96 3.85
93 97 8.68
93 98 3.04
93 99 3.85
94 95 9.49
94 96 1.14
94 97 2.45
94 98 3.15
94 99 6.89
95 96 1.64
95 97 9.25
95 98 7.57
95 99 1.82
96 97 8.80
96 98 1.98
96 99 9.87
97 98 1.46
97 99 8.01
98 99 4.80
