100 10
0 1 9.76
0 2 1.40
0 3 1.45
0 4 2.13
0 5 6.70
0 6 9.56
0 7 5.17
0 8 4.03
0 9 6.55
0 10 5.18
0 11 1.19
0 12 0.49
0 13 5.90
0 14 4.88
0 15 9.63
0 16 4.61
0 17 8.29
0 18 4.83
0 19 1.00
0 20 4.30
0 21 1.37
0 22 2.81
0 23 4.59
0 24 1.07
0 25 0.11
0 26 5.36
0 27 5.56
0 28 5.71
0 29 9.80
0 30 2.46
0 31 5.63
0 32 3.95
0 33 8.59
0 34 3.37
0 35 3.70
0 36 7.61
0 37 7.58
0 38 7.51
0 39 9.22
0 40 4.20
0 41 9.75
0 42 2.32
0 43 3.22
0 44 6.54
0 45 9.27
0 46 4.21
0 47 3.45
0 48 2.29
0 49 4.40
0 50 3.21
0 51 1.71
0 52 7.25
0 53 4.33
0 54 1.61
0 55 9.07
0 56 0.96
0 57 2.04
0 58 2.33
0 59 2.16
0 60 0.30
0 61 8.16
0 62 6.79
0 63 2.19
0 64 0.89
0 65 1.89
0 66 0.34
0 67 8.80
0 68 9.51
0 69 6.27
0 70 0.10
0 71 7.03
0 72 6.05
0 73 0.51
0 74 9.56
0 75 8.04
0 76 6.67
0 77 3.31
0 78 3.01
0 79 1.69
0 80 4.32
0 81 9.58
0 82 4.84
0 83 8.46
0 84 6.16
0 85 0.22
0 86 1.03
0 87 0.36
0 88 6.56
0 89 1.17
0 90 6.58
0 91 4.06
0 92 9.37
0 93 2.60
0 94 2.79
0 95 6.84
0 96 0.40
0 97 5.97
0 98 3.20
0 99 6.80
1 2 9.49
1 3 1.67
1 4 9.88
1 5 4.10
1 6 8.91
1 7 9.04
1 8 2.98
1 9 4.38
1 10 1.55
1 11 7.13
1 12 8.38
1 13 9.47
1 14 2.81
1 15 8.50
1 16 10.00
1 17 3.46
1 18 7.78
1 19 7.38
1 20 1.87
1 21 5.45
1 22 9.97
1 23 4.09
1 24 2.82
1 25 1.96
1 26 2.88
1 27 9.77
1 28 5.08
1 29 7.21
1 30 0.63
1 31 1.99
1 32 8.57
1 33 6.49
1 34 0.96
1 35 4.32
1 36 2.57
1 37 6.91
1 38 1.06
1 39 4.87
1 40 0.92
1 41 1.61
1 42 2.97
1 43 9.75
1 44 2.37
1 45 4.98
1 46 0.76
1 47 1.71
1 48 2.23
1 49 1.87
1 50 9.17
1 51 4.68
1 52 4.27
1 53 6.88
1 54 4.39
1 55 3.34
1 56 2.50
1 57 9.74
1 58 8.11
1 59 9.40
1 60 6.23
1 61 7.11
1 62 2.44
1 63 2.59
1 64 5.52
1 65 9.01
1 66 4.27
1 67 7.01
1 68 3.14
1 69 7.87
1 70 1.87
1 71 1.00
1 72 2.86
1 73 0.40
1 74 8.41
1 75 6.86
1 76 9.37
1 77 9.96
1 78 6.11
1 79 1.13
1 80 8.36
1 81 5.35
1 82 2.92
1 83 0.15
1 84 8.72
1 85 7.67
1 86 2.82
1 87 9.94
1 88 4.42
1 89 3.57
1 90 1.26
1 91 6.92
1 92 8.65
1 93 9.63
1 94 8.55
1 95 8.63
1 96 0.43
1 97 6.67
1 98 6.29
1 99 6.38
2 3 9.25
2 4 7.22
2 5 6.64
2 6 2.91
2 7 8.43
2 8 3.21
2 9 4.55
2 10 6.31
2 11 3.56
2 12 7.66
2 13 9.70
2 14 3.44
2 15 3.34
2 16 9.35
2 17 0.58
2 18 1.37
2 19 1.52
2 20 8.16
2 21 4.29
2 22 6.00
2 23 2.99
2 24 9.32
2 25 4.19
2 26 4.60
2 27 1.84
2 28 1.91
2 29 7.04
2 30 8.21
2 31 2.48
2 32 3.01
2 33 8.01
2 34 9.45
2 35 9.13
2 36 8.14
2 37 9.06
2 38 0.03
2 39 3.29
2 40 9.51
2 41 4.08
2 42 8.14
2 43 2.82
2 44 7.70
2 45 1.88
2 46 9.98
2 47 0.01
2 48 8.61
2 49 0.64
2 50 3.15
2 51 6.11
2 52 9.83
2 53 6.91
2 54 9.99
2 55 1.01
2 56 8.96
2 57 3.02
2 58 8.61
2 59 3.16
2 60 9.29
2 61 8.03
2 62 7.04
2 63 4.12
2 64 6.54
2 65 4.23
2 66 9.12
2 67 3.12
2 68 0.77
2 69 7.66
2 70 9.86
2 71 6.60
2 72 6.86
2 73 3.78
2 74 6.44
2 75 8.96
2 76 6.65
2 77 6.07
2 78 0.26
2 79 5.81
2 80 2.97
2 81 7.51
2 82 3.48
2 83 3.29
2 84 7.77
2 85 3.30
2 86 4.68
2 87 1.07
2 88 3.93
2 89 0.96
2 90 6.01
2 91 8.23
2 92 0.01
2 93 5.11
2 94 3.73
2 95 1.83
2 96 0.26
2 97 8.40
2 98 1.05
2 99 4.67
3 4 7.96
3 5 7.38
3 6 6.35
3 7 7.24
3 8 7.77
3 9 0.85
3 10 9.66
3 11 5.02
3 12 9.12
3 13 5.33
3 14 2.16
3 15 0.70
3 16 4.07
3 17 9.25
3 18 0.10
3 19 4.58
3 20 0.21
3 21 0.74
3 22 4.36
3 23 1.30
3 24 9.45
3 25 5.05
3 26 9.12
3 27 7.17
3 28 5.39
3 29 8.92
3 30 9.36
3 31 5.44
3 32 3.60
3 33 0.34
3 34 1.82
3 35 2.79
3 36 8.47
3 37 5.87
3 38 7.57
3 39 3.29
3 40 0.54
3 41 5.57
3 42 5.83
3 43 2.46
3 44 9.09
3 45 0.01
3 46 8.02
3 47 4.82
3 48 5.50
3 49 1.27
3 50 0.07
3 51 5.53
3 52 1.06
3 53 0.51
3 54 3.99
3 55 6.63
3 56 3.60
3 57 8.19
3 58 4.76
3 59 4.25
3 60 4.26
3 61 9.19
3 62 8.60
3 63 2.77
3 64 0.37
3 65 4.34
3 66 6.18
3 67 8.67
3 68 2.01
3 69 9.39
3 70 1.06
3 71 8.07
3 72 2.60
3 73 6.84
3 74 7.67
3 75 0.75
3 76 4.14
3 77 5.92
3 78 5.29
3 79 6.33
3 80 9.31
3 81 9.95
3 82 6.98
3 83 7.46
3 84 3.90
3 85 4.10
3 86 4.93
3 87 8.32
3 88 5.13
3 89 7.77
3 90 0.79
3 91 4.81
3 92 6.50
3 93 5.16
3 94 1.34
3 95 1.05
3 96 8.62
3 97 7.50
3 98 7.49
3 99 7.98
4 5 2.76
4 6 5.79
4 7 8.76
4 8 3.51
4 9 1.31
4 10 0.20
4 11 8.25
4 12 6.10
4 13 7.29
4 14 0.12
4 15 9.53
4 16 3.61
4 17 6.88
4 18 4.33
4 19 4.48
4 20 4.32
4 21 3.03
4 22 1.33
4 23 5.82
4 24 4.15
4 25 9.59
4 26 3.04
4 27 9.79
4 28 1.24
4 29 5.96
4 30 6.36
4 31 5.60
4 32 7.18
4 33 4.60
4 34 6.75
4 35 2.41
4 36 3.73
4 37 4.80
4 38 4.00
4 39 9.04
4 40 7.18
4 41 3.84
4 42 6.28
4 43 1.67
4 44 7.03
4 45 5.09
4 46 3.10
4 47 4.89
4 48 2.37
4 49 8.02
4 50 6.19
4 51 7.93
4 52 9.28
4 53 4.11
4 54 8.82
4 55 6.08
4 56 0.22
4 57 3.07
4 58 6.10
4 59 9.98
4 60 6.25
4 61 6.96
4 62 7.92
4 63 5.64
4 64 6.67
4 65 8.12
4 66 9.38
4 67 2.46
4 68 2.56
4 69 3.06
4 70 0.33
4 71 4.49
4 72 6.80
4 73 1.74
4 74 4.56
4 75 0.17
4 76 5.04
4 77 2.89
4 78 6.50
4 79 2.83
4 80 9.48
4 81 1.63
4 82 6.49
4 83 1.02
4 84 7.88
4 85 3.69
4 86 8.18
4 87 1.17
4 88 7.00
4 89 8.63
4 90 7.33
4 91 3.71
4 92 2.64
4 93 6.54
4 94 4.12
4 95 9.98
4 96 1.86
4 97 0.79
4 98 7.05
4 99 3.13
5 6 5.24
5 7 2.77
5 8 9.66
5 9 4.17
5 10 3.97
5 11 7.28
5 12 3.25
5 13 8.06
5 14 9.56
5 15 8.25
5 16 7.91
5 17 4.62
5 18 8.34
5 19 6.67
5 20 8.94
5 21 3.44
5 22 8.71
5 23 6.76
5 24 6.73
5 25 3.48
5 26 3.45
5 27 7.06
5 28 9.75
5 29 4.83
5 30 3.03
5 31 4.68
5 32 5.04
5 33 7.31
5 34 3.58
5 35 7.74
5 36 5.93
5 37 9.41
5 38 5.43
5 39 0.93
5 40 5.79
5 41 6.90
5 42 1.30
5 43 8.83
5 44 2.87
5 45 4.59
5 46 1.60
5 47 3.00
5 48 4.82
5 49 0.63
5 50 6.07
5 51 5.52
5 52 6.17
5 53 2.74
5 54 1.78
5 55 1.79
5 56 8.01
5 57 9.30
5 58 1.78
5 59 9.72
5 60 9.60
5 61 7.29
5 62 7.26
5 63 6.91
5 64 0.31
5 65 9.92
5 66 1.52
5 67 3.61
5 68 0.07
5 69 5.34
5 70 2.61
5 71 4.34
5 72 6.58
5 73 5.64
5 74 7.78
5 75 2.29
5 76 9.22
5 77 0.22
5 78 8.33
5 79 7.04
5 80 1.92
5 81 8.04
5 82 5.06
5 83 5.59
5 84 2.75
5 85 9.83
5 86 8.02
5 87 2.62
5 88 0.81
5 89 9.85
5 90 4.51
5 91 4.71
5 92 4.27
5 93 7.46
5 94 2.60
5 95 4.57
5 96 0.93
5 97 3.35
5 98 7.57
5 99 5.08
6 7 4.57
6 8 3.62
6 9 7.49
6 10 8.35
6 11 4.46
6 12 9.39
6 13 8.74
6 14 7.75
6 15 0.13
6 16 8.79
6 17 3.17
6 18 3.02
6 19 9.91
6 20 3.88
6 21 1.79
6 22 3.31
6 23 7.68
6 24 3.16
6 25 3.96
6 26 6.31
6 27 1.59
6 28 5.80
6 29 5.61
6 30 5.65
6 31 0.69
6 32 0.34
6 33 1.96
6 34 5.13
6 35 8.48
6 36 3.22
6 37 0.68
6 38 9.42
6 39 6.05
6 40 9.69
6 41 0.94
6 42 2.46
6 43 7.19
6 44 8.15
6 45 7.35
6 46 1.22
6 47 3.26
6 48 4.50
6 49 2.49
6 50 0.42
6 51 7.39
6 52 4.57
6 53 1.14
6 54 2.18
6 55 8.19
6 56 8.78
6 57 9.16
6 58 6.40
6 59 7.11
6 60 0.24
6 61 3.01
6 62 0.35
6 63 6.09
6 64 8.16
6 65 8.71
6 66 6.13
6 67 3.59
6 68 0.06
6 69 9.77
6 70 0.31
6 71 9.15
6 72 3.99
6 73 2.29
6 74 8.25
6 75 8.71
6 76 8.33
6 77 1.56
6 78 8.16
6 79 8.84
6 80 3.51
6 81 0.66
6 82 2.23
6 83 3.53
6 84 6.62
6 85 8.22
6 86 5.14
6 87 6.26
6 88 2.44
6 89 4.47
6 90 0.71
6 91 9.73
6 92 1.89
6 93 3.62
6 94 3.93
6 95 2.57
6 96 7.10
6 97 4.47
6 98 2.80
6 99 7.38
7 8 1.69
7 9 7.76
7 10 6.36
7 11 5.21
7 12 4.56
7 13 0.62
7 14 2.34
7 15 4.90
7 16 8.67
7 17 4.87
7 18 3.20
7 19 9.41
7 20 3.56
7 21 6.08
7 22 6.22
7 23 0.44
7 24 7.88
7 25 7.74
7 26 3.58
7 27 9.45
7 28 4.05
7 29 3.84
7 30 2.99
7 31 6.12
7 32 7.08
7 33 1.86
7 34 9.31
7 35 4.60
7 36 0.77
7 37 6.14
7 38 5.14
7 39 0.71
7 40 8.04
7 41 1.92
7 42 6.95
7 43 6.73
7 44 9.70
7 45 3.39
7 46 9.21
7 47 0.99
7 48 3.72
7 49 1.35
7 50 6.08
7 51 5.45
7 52 7.58
7 53 4.65
7 54 3.90
7 55 7.76
7 56 5.36
7 57 1.02
7 58 4.09
7 59 5.17
7 60 5.19
7 61 8.17
7 62 0.09
7 63 8.60
7 64 1.48
7 65 5.41
7 66 5.42
7 67 7.11
7 68 6.12
7 69 8.65
7 70 2.54
7 71 4.93
7 72 7.15
7 73 6.12
7 74 3.29
7 75 7.28
7 76 6.10
7 77 8.65
7 78 0.17
7 79 2.71
7 80 3.33
7 81 1.28
7 82 0.96
7 83 4.36
7 84 7.66
7 85 6.52
7 86 6.61
7 87 9.13
7 88 2.16
7 89 8.63
7 90 5.55
7 91 3.77
7 92 9.74
7 93 5.04
7 94 4.79
7 95 4.60
7 96 9.61
7 97 5.96
7 98 6.08
7 99 4.83
8 9 6.97
8 10 7.26
8 11 9.03
8 12 1.05
8 13 6.31
8 14 0.75
8 15 4.67
8 16 6.70
8 17 2.27
8 18 4.01
8 19 6.38
8 20 1.75
8 21 4.33
8 22 4.23
8 23 9.83
8 24 0.26
8 25 4.72
8 26 0.29
8 27 0.39
8 28 5.57
8 29 0.00
8 30 8.61
8 31 8.66
8 32 9.21
8 33 8.89
8 34 6.33
8 35 3.78
8 36 7.43
8 37 0.56
8 38 0.71
8 39 4.01
8 40 3.10
8 41 8.45
8 42 2.96
8 43 6.68
8 44 3.86
8 45 9.37
8 46 7.13
8 47 6.32
8 48 2.70
8 49 6.08
8 50 5.23
8 51 3.40
8 52 0.74
8 53 8.21
8 54 1.56
8 55 6.08
8 56 2.56
8 57 4.32
8 58 0.64
8 59 1.92
8 60 0.26
8 61 6.83
8 62 8.22
8 63 5.12
8 64 4.65
8 65 2.47
8 66 3.48
8 67 4.49
8 68 3.14
8 69 5.73
8 70 9.39
8 71 4.53
8 72 8.49
8 73 5.44
8 74 0.64
8 75 8.39
8 76 8.72
8 77 2.85
8 78 9.08
8 79 8.49
8 80 1.76
8 81 7.44
8 82 1.76
8 83 5.22
8 84 3.47
8 85 5.40
8 86 3.08
8 87 6.12
8 88 2.99
8 89 7.10
8 90 6.83
8 91 2.14
8 92 2.22
8 93 4.66
8 94 7.73
8 95 8.57
8 96 3.25
8 97 5.25
8 98 1.99
8 99 4.44
9 10 6.36
9 11 9.83
9 12 4.40
9 13 7.06
9 14 4.50
9 15 0.18
9 16 4.20
9 17 2.26
9 18 9.06
9 19 1.93
9 20 9.97
9 21 7.49
9 22 6.66
9 23 1.55
9 24 6.53
9 25 1.10
9 26 6.81
9 27 8.20
9 28 0.73
9 29 2.41
9 30 9.54
9 31 9.33
9 32 0.08
9 33 5.64
9 34 6.67
9 35 1.24
9 36 1.34
9 37 8.13
9 38 6.31
9 39 4.47
9 40 2.01
9 41 4.56
9 42 0.19
9 43 6.50
9 44 3.02
9 45 8.42
9 46 7.13
9 47 7.96
9 48 6.59
9 49 5.81
9 50 4.78
9 51 4.65
9 52 5.27
9 53 5.55
9 54 6.87
9 55 5.90
9 56 5.65
9 57 3.35
9 58 7.31
9 59 8.03
9 60 8.86
9 61 0.80
9 62 3.53
9 63 2.09
9 64 8.93
9 65 9.88
9 66 3.91
9 67 0.17
9 68 8.47
9 69 4.38
9 70 7.01
9 71 2.94
9 72 8.74
9 73 5.46
9 74 7.79
9 75 2.11
9 76 0.35
9 77 3.34
9 78 5.79
9 79 4.59
9 80 0.55
9 81 7.45
9 82 2.11
9 83 4.94
9 84 1.56
9 85 9.71
9 86 8.00
9 87 3.91
9 88 5.13
9 89 8.48
9 90 9.21
9 91 2.46
9 92 0.35
9 93 5.77
9 94 1.22
9 95 2.59
9 96 3.56
9 97 8.81
9 98 2.84
9 99 0.89
10 11 2.23
10 12 9.30
10 13 4.46
10 14 3.86
10 15 7.12
10 16 9.73
10 17 2.47
10 18 1.63
10 19 0.54
10 20 5.40
10 21 5.84
10 22 6.99
10 23 4.35
10 24 2.30
10 25 7.03
10 26 4.88
10 27 7.53
10 28 7.40
10 29 0.29
10 30 8.58
10 31 0.95
10 32 1.26
10 33 1.42
10 34 0.89
10 35 2.49
10 36 4.02
10 37 3.76
10 38 7.20
10 39 9.87
10 40 6.11
10 41 5.54
10 42 7.54
10 43 3.34
10 44 5.39
10 45 8.14
10 46 3.80
10 47 6.95
10 48 1.45
10 49 4.42
10 50 7.18
10 51 9.25
10 52 3.29
10 53 2.78
10 54 9.83
10 55 8.95
10 56 6.44
10 57 0.22
10 58 3.29
10 59 1.40
10 60 8.73
10 61 4.06
10 62 9.07
10 63 7.47
10 64 8.58
10 65 3.51
10 66 9.38
10 67 3.44
10 68 2.62
10 69 1.23
10 70 5.72
10 71 0.36
10 72 2.20
10 73 6.19
10 74 5.21
10 75 2.15
10 76 7.30
10 77 3.00
10 78 9.50
10 79 7.62
10 80 5.95
10 81 4.55
10 82 0.48
10 83 7.42
10 84 9.03
10 85 5.96
10 86 8.75
10 87 9.68
10 88 1.83
10 89 5.23
10 90 8.06
10 91 5.43
10 92 5.27
10 93 7.06
10 94 7.64
10 95 8.58
10 96 0.93
10 97 8.24
10 98 3.93
10 99 0.60
11 12 9.49
11 13 0.52
11 14 0.19
11 15 4.65
11 16 4.98
11 17 8.79
11 18 7.44
11 19 7.19
11 20 9.94
11 21 8.68
11 22 4.85
11 23 1.45
11 24 5.14
11 25 5.39
11 26 6.50
11 27 5.37
11 28 4.65
11 29 9.92
11 30 8.35
11 31 4.09
11 32 4.63
11 33 3.71
11 34 9.36
11 35 5.67
11 36 5.30
11 37 4.36
11 38 2.78
11 39 6.61
11 40 9.30
11 41 3.42
11 42 5.44
11 43 3.79
11 44 6.76
11 45 6.34
11 46 1.72
11 47 3.63
11 48 2.37
11 49 9.11
11 50 8.85
11 51 4.53
11 52 3.33
11 53 8.88
11 54 5.36
11 55 7.65
11 56 5.67
11 57 8.52
11 58 8.81
11 59 5.60
11 60 6.63
11 61 3.23
11 62 4.75
11 63 4.39
11 64 3.36
11 65 8.91
11 66 3.24
11 67 9.22
11 68 2.28
11 69 6.20
11 70 3.22
11 71 6.20
11 72 6.11
11 73 6.23
11 74 1.78
11 75 7.50
11 76 2.81
11 77 2.01
11 78 5.82
11 79 2.99
11 80 5.57
11 81 5.14
11 82 9.09
11 83 5.52
11 84 4.58
11 85 0.65
11 86 2.68
11 87 5.10
11 88 3.06
11 89 4.61
11 90 8.34
11 91 0.14
11 92 6.28
11 93 4.54
11 94 3.37
11 95 7.65
11 96 8.31
11 97 1.13
11 98 6.49
11 99 5.05
12 13 1.13
12 14 3.30
12 15 7.76
12 16 2.52
12 17 7.18
12 18 0.58
12 19 8.16
12 20 4.14
12 21 3.81
12 22 7.55
12 23 2.16
12 24 0.33
12 25 1.47
12 26 3.03
12 27 0.66
12 28 6.30
12 29 2.42
12 30 5.12
12 31 4.19
12 32 6.85
12 33 4.17
12 34 4.51
12 35 0.03
12 36 3.63
12 37 3.42
12 38 0.28
12 39 0.17
12 40 1.53
12 41 5.05
12 42 3.51
12 43 0.67
12 44 2.97
12 45 8.39
12 46 4.61
12 47 4.44
12 48 8.13
12 49 0.90
12 50 1.88
12 51 3.97
12 52 2.85
12 53 3.01
12 54 9.90
12 55 6.65
12 56 7.23
12 57 1.78
12 58 9.49
12 59 9.76
12 60 3.51
12 61 1.55
12 62 0.95
12 63 5.71
12 64 3.56
12 65 3.14
12 66 9.86
12 67 7.39
12 68 4.35
12 69 5.20
12 70 7.26
12 71 9.07
12 72 8.61
12 73 4.63
12 74 6.78
12 75 5.97
12 76 5.01
12 77 9.63
12 78 5.78
12 79 4.62
12 80 2.26
12 81 3.88
12 82 4.78
12 83 9.80
12 84 8.29
12 85 7.05
12 86 3.66
12 87 9.02
12 88 1.67
12 89 0.73
12 90 5.32
12 91 5.44
12 92 3.21
12 93 2.32
12 94 1.07
12 95 2.60
12 96 3.69
12 97 0.36
12 98 3.03
12 99 6.16
13 14 4.23
13 15 6.67
13 16 0.68
13 17 1.34
13 18 4.64
13 19 5.80
13 20 6.44
13 21 1.48
13 22 0.31
13 23 5.07
13 24 9.19
13 25 8.27
13 26 7.77
13 27 0.03
13 28 9.35
13 29 5.51
13 30 5.20
13 31 2.09
13 32 8.41
13 33 7.38
13 34 0.46
13 35 2.16
13 36 1.56
13 37 0.76
13 38 8.31
13 39 1.72
13 40 2.13
13 41 7.23
13 42 3.84
13 43 0.64
13 44 4.68
13 45 5.06
13 46 4.33
13 47 9.47
13 48 2.88
13 49 7.59
13 50 7.94
13 51 1.39
13 52 0.08
13 53 1.43
13 54 2.21
13 55 8.29
13 56 9.89
13 57 0.31
13 58 5.77
13 59 0.57
13 60 0.94
13 61 3.08
13 62 8.14
13 63 9.62
13 64 4.57
13 65 9.30
13 66 6.50
13 67 7.17
13 68 0.28
13 69 6.64
13 70 4.12
13 71 7.23
13 72 4.02
13 73 8.32
13 74 0.93
13 75 3.78
13 76 8.94
13 77 2.62
13 78 8.71
13 79 1.24
13 80 8.03
13 81 0.81
13 82 2.40
13 83 4.82
13 84 8.31
13 85 9.50
13 86 8.21
13 87 5.74
13 88 5.13
13 89 0.30
13 90 1.48
13 91 1.75
13 92 3.04
13 93 3.08
13 94 4.77
13 95 3.68
13 96 1.92
13 97 7.26
13 98 2.21
13 99 9.41
14 15 5.67
14 16 9.10
14 17 7.82
14 18 1.16
14 19 3.69
14 20 1.76
14 21 4.19
14 22 0.46
14 23 1.40
14 24 3.52
14 25 0.37
14 26 0.25
14 27 3.84
14 28 6.07
14 29 3.54
14 30 1.84
14 31 9.81
14 32 9.05
14 33 6.67
14 34 7.54
14 35 3.28
14 36 6.77
14 37 1.05
14 38 4.82
14 39 0.37
14 40 0.55
14 41 7.39
14 42 8.85
14 43 1.19
14 44 0.76
14 45 7.08
14 46 1.01
14 47 8.82
14 48 2.72
14 49 9.25
14 50 3.48
14 51 7.72
14 52 9.89
14 53 7.07
14 54 8.27
14 55 8.31
14 56 0.43
14 57 4.21
14 58 8.79
14 59 1.75
14 60 2.39
14 61 7.91
14 62 2.01
14 63 4.53
14 64 7.40
14 65 7.30
14 66 8.25
14 67 4.88
14 68 6.14
14 69 2.24
14 70 0.66
14 71 9.20
14 72 4.33
14 73 3.68
14 74 0.02
14 75 4.23
14 76 8.07
14 77 3.92
14 78 7.15
14 79 0.30
14 80 4.91
14 81 0.46
14 82 3.28
14 83 5.49
14 84 9.87
14 85 9.51
14 86 7.39
14 87 8.86
14 88 2.35
14 89 6.07
14 90 7.52
14 91 5.74
14 92 9.89
14 93 1.05
14 94 9.29
14 95 3.91
14 96 6.03
14 97 8.15
14 98 1.19
14 99 4.37
15 16 8.44
15 17 6.75
15 18 0.05
15 19 7.99
15 20 2.18
15 21 2.29
15 22 5.64
15 23 4.61
15 24 3.34
15 25 8.02
15 26 0.75
15 27 7.82
15 28 4.96
15 29 0.47
15 30 3.55
15 31 3.36
15 32 4.00
15 33 5.50
15 34 6.23
15 35 8.39
15 36 6.99
15 37 4.05
15 38 1.63
15 39 5.79
15 40 9.87
15 41 2.28
15 42 2.81
15 43 7.46
15 44 8.73
15 45 6.58
15 46 2.04
15 47 8.80
15 48 3.23
15 49 4.99
15 50 5.94
15 51 0.03
15 52 6.67
15 53 5.15
15 54 6.64
15 55 4.65
15 56 9.49
15 57 4.23
15 58 0.29
15 59 7.58
15 60 7.92
15 61 4.17
15 62 2.11
15 63 9.43
15 64 6.13
15 65 1.52
15 66 1.40
15 67 4.22
15 68 9.06
15 69 7.34
15 70 9.68
15 71 2.67
15 72 3.00
15 73 1.89
15 74 5.93
15 75 1.42
15 76 1.72
15 77 1.26
15 78 8.45
15 79 2.53
15 80 9.86
15 81 3.11
15 82 2.90
15 83 0.85
15 84 2.52
15 85 9.79
15 86 3.08
15 87 8.68
15 88 5.32
15 89 1.95
15 90 2.79
15 91 6.53
15 92 8.74
15 93 7.37
15 94 6.31
15 95 7.08
15 96 4.18
15 97 1.68
15 98 6.00
15 99 3.65
16 17 7.08
16 18 0.06
16 19 1.68
16 20 7.88
16 21 3.18
16 22 4.14
16 23 6.00
16 24 3.94
16 25 0.15
16 26 7.59
16 27 8.02
16 28 7.82
16 29 5.46
16 30 4.55
16 31 3.70
16 32 0.71
16 33 6.91
16 34 4.91
16 35 6.17
16 36 1.78
16 37 0.63
16 38 0.80
16 39 4.28
16 40 6.45
16 41 2.32
16 42 3.10
16 43 5.81
16 44 7.61
16 45 9.59
16 46 2.38
16 47 7.16
16 48 4.62
16 49 1.82
16 50 8.90
16 51 2.32
16 52 4.36
16 53 1.67
16 54 0.64
16 55 5.55
16 56 6.05
16 57 7.80
16 58 1.41
16 59 3.61
16 60 5.29
16 61 3.58
16 62 2.75
16 63 3.28
16 64 5.97
16 65 9.54
16 66 9.41
16 67 1.23
16 68 2.96
16 69 8.47
16 70 8.72
16 71 0.79
16 72 6.89
16 73 0.14
16 74 3.40
16 75 4.65
16 76 9.30
16 77 0.77
16 78 1.10
16 79 5.52
16 80 7.10
16 81 3.88
16 82 2.34
16 83 7.02
16 84 1.17
16 85 1.18
16 86 7.36
16 87 7.49
16 88 2.05
16 89 9.84
16 90 0.70
16 91 6.37
16 92 4.91
16 93 0.47
16 94 0.13
16 95 7.25
16 96 5.41
16 97 5.80
16 98 5.74
16 99 4.80
17 18 0.96
17 19 0.46
17 20 7.12
17 21 4.92
17 22 9.39
17 23 5.39
17 24 0.16
17 25 9.55
17 26 2.16
17 27 4.83
17 28 3.27
17 29 6.30
17 30 8.95
17 31 1.82
17 32 5.61
17 33 3.64
17 34 7.88
17 35 9.87
17 36 8.94
17 37 1.25
17 38 5.53
17 39 1.71
17 40 2.54
17 41 8.71
17 42 4.24
17 43 8.43
17 44 0.28
17 45 8.30
17 46 5.79
17 47 3.60
17 48 0.77
17 49 6.01
17 50 7.72
17 51 7.43
17 52 2.46
17 53 1.58
17 54 3.55
17 55 8.62
17 56 3.88
17 57 9.18
17 58 7.09
17 59 9.34
17 60 7.56
17 61 4.37
17 62 4.12
17 63 3.00
17 64 9.26
17 65 7.51
17 66 0.96
17 67 6.51
17 68 8.73
17 69 9.83
17 70 7.42
17 71 6.87
17 72 2.28
17 73 8.60
17 74 1.36
17 75 4.28
17 76 7.29
17 77 9.70
17 78 6.65
17 79 5.23
17 80 8.96
17 81 9.03
17 82 7.27
17 83 5.45
17 84 9.99
17 85 1.69
17 86 9.95
17 87 2.14
17 88 3.94
17 89 4.36
17 90 6.73
17 91 5.16
17 92 1.39
17 93 2.35
17 94 8.23
17 95 6.44
17 96 4.20
17 97 9.86
17 98 3.33
17 99 6.78
18 19 9.98
18 20 9.64
18 21 8.75
18 22 4.48
18 23 4.39
18 24 6.35
18 25 7.39
18 26 1.36
18 27 8.73
18 28 2.27
18 29 3.40
18 30 7.90
18 31 9.23
18 32 5.29
18 33 2.62
18 34 6.72
18 35 8.33
18 36 0.55
18 37 9.87
18 38 7.30
18 39 7.24
18 40 3.33
18 41 4.30
18 42 7.63
18 43 8.76
18 44 6.96
18 45 8.13
18 46 6.41
18 47 6.51
18 48 6.45
18 49 8.01
18 50 2.13
18 51 4.80
18 52 4.49
18 53 1.32
18 54 3.81
18 55 8.89
18 56 6.03
18 57 6.23
18 58 4.60
18 59 3.39
18 60 5.88
18 61 3.08
18 62 4.92
18 63 3.32
18 64 5.00
18 65 6.96
18 66 0.48
18 67 5.33
18 68 4.17
18 69 5.74
18 70 2.81
18 71 9.98
18 72 6.91
18 73 8.37
18 74 7.83
18 75 1.02
18 76 1.77
18 77 1.46
18 78 3.94
18 79 9.10
18 80 8.75
18 81 9.09
18 82 3.31
18 83 3.60
18 84 5.58
18 85 0.76
18 86 1.81
18 87 9.18
18 88 3.68
18 89 0.03
18 90 7.95
18 91 5.44
18 92 8.63
18 93 4.91
18 94 8.52
18 95 4.64
18 96 7.00
18 97 4.98
18 98 2.07
18 99 5.12
19 20 9.49
19 21 0.64
19 22 6.58
19 23 2.17
19 24 9.87
19 25 6.77
19 26 0.73
19 27 2.83
19 28 4.43
19 29 4.97
19 30 3.78
19 31 7.57
19 32 3.17
19 33 4.00
19 34 9.47
19 35 6.04
19 36 5.94
19 37 9.59
19 38 5.18
19 39 7.05
19 40 2.41
19 41 1.92
19 42 4.38
19 43 5.49
19 44 6.17
19 45 7.36
19 46 6.13
19 47 4.30
19 48 4.97
19 49 0.10
19 50 8.79
19 51 2.53
19 52 6.80
19 53 1.98
19 54 5.27
19 55 7.41
19 56 8.42
19 57 1.22
19 58 6.59
19 59 2.71
19 60 3.93
19 61 9.71
19 62 2.22
19 63 2.87
19 64 7.09
19 65 0.40
19 66 9.48
19 67 8.96
19 68 5.05
19 69 2.68
19 70 0.90
19 71 4.56
19 72 2.65
19 73 4.29
19 74 7.77
19 75 5.00
19 76 5.24
19 77 3.36
19 78 8.13
19 79 1.17
19 80 4.29
19 81 6.76
19 82 3.97
19 83 2.20
19 84 8.69
19 85 2.68
19 86 7.81
19 87 0.50
19 88 5.99
19 89 8.21
19 90 4.15
19 91 6.81
19 92 6.12
19 93 6.91
19 94 4.84
19 95 6.64
19 96 6.92
19 97 0.47
19 98 4.82
19 99 9.11
20 21 8.16
20 22 4.68
20 23 8.93
20 24 2.94
20 25 9.68
20 26 9.34
20 27 2.58
20 28 7.73
20 29 8.26
20 30 4.10
20 31 4.51
20 32 7.43
20 33 3.23
20 34 1.88
20 35 4.30
20 36 0.52
20 37 3.98
20 38 8.73
20 39 7.35
20 40 6.69
20 41 0.00
20 42 0.01
20 43 2.26
20 44 6.43
20 45 0.73
20 46 7.38
20 47 8.92
20 48 6.70
20 49 4.88
20 50 5.12
20 51 3.92
20 52 2.76
20 53 1.83
20 54 6.30
20 55 2.02
20 56 6.80
20 57 5.56
20 58 4.33
20 59 9.59
20 60 4.40
20 61 0.30
20 62 1.49
20 63 0.27
20 64 8.75
20 65 9.29
20 66 5.65
20 67 9.77
20 68 9.99
20 69 2.59
20 70 5.06
20 71 7.71
20 72 2.62
20 73 9.58
20 74 1.51
20 75 1.85
20 76 8.61
20 77 9.09
20 78 3.66
20 79 0.17
20 80 0.46
20 81 6.50
20 82 1.84
20 83 6.91
20 84 1.93
20 85 8.91
20 86 3.17
20 87 3.91
20 88 3.09
20 89 2.77
20 90 9.69
20 91 6.52
20 92 4.45
20 93 2.86
20 94 1.54
20 95 4.60
20 96 1.87
20 97 1.42
20 98 1.56
20 99 1.00
21 22 6.72
21 23 4.61
21 24 3.17
21 25 3.22
21 26 7.17
21 27 3.10
21 28 1.61
21 29 7.06
21 30 2.42
21 31 1.12
21 32 8.15
21 33 3.17
21 34 0.91
21 35 4.90
21 36 6.49
21 37 5.38
21 38 2.74
21 39 9.28
21 40 1.24
21 41 4.35
21 42 4.43
21 43 2.49
21 44 4.54
21 45 8.57
21 46 9.49
21 47 7.94
21 48 7.02
21 49 8.67
21 50 2.86
21 51 1.55
21 52 7.21
21 53 9.60
21 54 2.86
21 55 6.69
21 56 6.37
21 57 8.71
21 58 8.16
21 59 7.14
21 60 4.27
21 61 6.44
21 62 9.24
21 63 9.99
21 64 7.20
21 65 8.97
21 66 5.94
21 67 9.34
21 68 8.12
21 69 6.23
21 70 1.61
21 71 0.10
21 72 6.76
21 73 4.76
21 74 5.25
21 75 7.60
21 76 3.11
21 77 5.26
21 78 4.70
21 79 4.04
21 80 0.98
21 81 1.21
21 82 0.31
21 83 5.07
21 84 0.32
21 85 0.15
21 86 7.95
21 87 7.24
21 88 7.73
21 89 1.05
21 90 5.27
21 91 4.80
21 92 0.79
21 93 9.24
21 94 7.84
21 95 6.57
21 96 5.48
21 97 7.49
21 98 7.66
21 99 5.15
22 23 2.67
22 24 8.83
22 25 7.70
22 26 7.35
22 27 5.42
22 28 0.61
22 29 4.61
22 30 3.23
22 31 9.72
22 32 6.74
22 33 8.20
22 34 1.20
22 35 9.45
22 36 6.95
22 37 6.33
22 38 4.94
22 39 7.95
22 40 6.04
22 41 5.84
22 42 2.65
22 43 2.75
22 44 6.57
22 45 5.95
22 46 6.00
22 47 9.10
22 48 5.93
22 49 6.78
22 50 3.93
22 51 7.76
22 52 5.74
22 53 6.14
22 54 6.36
22 55 2.67
22 56 2.39
22 57 4.88
22 58 5.52
22 59 6.40
22 60 9.54
22 61 2.04
22 62 0.72
22 63 2.47
22 64 2.58
22 65 4.89
22 66 0.45
22 67 1.69
22 68 0.77
22 69 3.10
22 70 6.82
22 71 8.17
22 72 5.97
22 73 2.33
22 74 0.73
22 75 2.24
22 76 0.27
22 77 3.28
22 78 8.07
22 79 7.21
22 80 7.39
22 81 0.49
22 82 8.00
22 83 7.63
22 84 0.75
22 85 3.05
22 86 5.29
22 87 7.66
22 88 7.56
22 89 5.75
22 90 6.32
22 91 2.32
22 92 3.37
22 93 9.29
22 94 7.09
22 95 8.32
22 96 7.06
22 97 5.08
22 98 9.38
22 99 5.91
23 24 9.01
23 25 9.71
23 26 1.79
23 27 6.92
23 28 1.73
23 29 7.26
23 30 9.57
23 31 3.53
23 32 7.97
23 33 8.26
23 34 0.59
23 35 2.19
23 36 9.83
23 37 3.37
23 38 8.59
23 39 7.27
23 40 7.91
23 41 7.40
23 42 2.57
23 43 9.84
23 44 2.72
23 45 5.95
23 46 7.83
23 47 0.52
23 48 8.65
23 49 2.12
23 50 4.97
23 51 1.26
23 52 2.96
23 53 0.59
23 54 5.42
23 55 2.59
23 56 1.23
23 57 4.22
23 58 9.52
23 59 2.06
23 60 6.23
23 61 4.76
23 62 6.99
23 63 7.80
23 64 5.90
23 65 9.84
23 66 7.79
23 67 3.04
23 68 5.53
23 69 3.53
23 70 9.48
23 71 6.04
23 72 4.23
23 73 9.73
23 74 9.72
23 75 6.01
23 76 4.73
23 77 1.01
23 78 8.83
23 79 9.48
23 80 0.18
23 81 2.34
23 82 3.75
23 83 2.06
23 84 8.99
23 85 0.11
23 86 9.19
23 87 2.12
23 88 2.99
23 89 4.96
23 90 3.20
23 91 2.99
23 92 9.20
23 93 8.57
23 94 3.40
23 95 3.63
23 96 9.40
23 97 7.86
23 98 7.72
23 99 1.84
24 25 3.70
24 26 0.12
24 27 7.54
24 28 8.73
24 29 1.13
24 30 1.00
24 31 6.50
24 32 8.03
24 33 8.27
24 34 6.42
24 35 0.76
24 36 0.20
24 37 9.39
24 38 9.92
24 39 6.01
24 40 4.78
24 41 3.02
24 42 5.67
24 43 3.90
24 44 5.31
24 45 4.91
24 46 5.11
24 47 2.97
24 48 4.05
24 49 4.90
24 50 4.27
24 51 0.14
24 52 7.24
24 53 7.01
24 54 2.94
24 55 7.82
24 56 4.97
24 57 2.99
24 58 0.59
24 59 8.99
24 60 2.86
24 61 9.29
24 62 6.95
24 63 7.27
24 64 6.39
24 65 5.55
24 66 6.16
24 67 0.26
24 68 7.40
24 69 3.32
24 70 4.19
24 71 5.69
24 72 8.72
24 73 6.18
24 74 0.44
24 75 1.24
24 76 8.89
24 77 3.97
24 78 6.28
24 79 5.14
24 80 5.44
24 81 9.77
24 82 0.77
24 83 0.00
24 84 1.46
24 85 8.78
24 86 2.48
24 87 2.08
24 88 2.79
24 89 3.39
24 90 2.74
24 91 3.97
24 92 8.22
24 93 4.32
24 94 8.31
24 95 6.12
24 96 2.89
24 97 9.33
24 98 2.84
24 99 4.33
25 26 4.54
25 27 4.54
25 28 6.54
25 29 4.31
25 30 2.30
25 31 2.04
25 32 8.35
25 33 9.00
25 34 9.42
25 35 6.13
25 36 3.52
25 37 5.13
25 38 7.55
25 39 7.54
25 40 6.48
25 41 0.48
25 42 1.87
25 43 1.70
25 44 5.27
25 45 8.84
25 46 3.23
25 47 0.54
25 48 4.92
25 49 7.09
25 50 0.29
25 51 1.85
25 52 3.56
25 53 8.88
25 54 6.52
25 55 7.53
25 56 6.51
25 57 4.42
25 58 4.13
25 59 2.61
25 60 1.16
25 61 6.54
25 62 5.62
25 63 3.88
25 64 4.76
25 65 7.54
25 66 8.72
25 67 9.07
25 68 8.67
25 69 2.26
25 70 2.80
25 71 8.57
25 72 2.55
25 73 9.41
25 74 3.04
25 75 3.58
25 76 4.65
25 77 1.41
25 78 6.07
25 79 7.03
25 80 0.37
25 81 3.31
25 82 9.68
25 83 7.26
25 84 6.32
25 85 6.40
25 86 6.39
25 87 6.19
25 88 1.42
25 89 6.65
25 90 5.91
25 91 1.27
25 92 1.43
25 93 0.85
25 94 5.90
25 95 6.62
25 96 5.15
25 97 1.04
25 98 3.12
25 99 3.86
26 27 1.28
26 28 2.00
26 29 0.21
26 30 0.20
26 31 5.47
26 32 1.32
26 33 0.44
26 34 6.66
26 35 3.91
26 36 8.28
26 37 7.03
26 38 5.07
26 39 5.16
26 40 4.11
26 41 9.60
26 42 4.38
26 43 6.89
26 44 3.10
26 45 3.31
26 46 0.38
26 47 3.17
26 48 2.80
26 49 2.09
26 50 4.16
26 51 4.14
26 52 1.30
26 53 1.04
26 54 2.19
26 55 2.36
26 56 5.39
26 57 1.35
26 58 3.67
26 59 1.69
26 60 6.51
26 61 7.41
26 62 7.87
26 63 1.78
26 64 9.22
26 65 6.64
26 66 6.81
26 67 5.22
26 68 7.49
26 69 2.62
26 70 3.15
26 71 3.21
26 72 8.75
26 73 8.01
26 74 6.22
26 75 4.80
26 76 7.52
26 77 7.13
26 78 6.97
26 79 0.96
26 80 7.47
26 81 0.92
26 82 1.58
26 83 0.83
26 84 9.70
26 85 9.51
26 86 6.21
26 87 2.55
26 88 4.81
26 89 0.47
26 90 4.33
26 91 4.22
26 92 5.08
26 93 3.05
26 94 9.92
26 95 2.34
26 96 1.69
26 97 4.84
26 98 6.62
26 99 8.99
27 28 2.23
27 29 6.94
27 30 1.75
27 31 7.05
27 32 1.81
27 33 0.81
27 34 9.36
27 35 6.61
27 36 1.14
27 37 2.30
27 38 6.65
27 39 3.93
27 40 3.67
27 41 5.56
27 42 8.16
27 43 2.68
27 44 5.74
27 45 0.15
27 46 5.33
27 47 4.41
27 48 6.33
27 49 8.71
27 50 7.21
27 51 3.32
27 52 7.63
27 53 1.05
27 54 8.11
27 55 6.23
27 56 5.29
27 57 3.50
27 58 3.92
27 59 1.78
27 60 0.54
27 61 7.70
27 62 4.42
27 63 2.78
27 64 7.16
27 65 9.72
27 66 2.99
27 67 5.63
27 68 8.01
27 69 3.75
27 70 4.10
27 71 8.37
27 72 2.32
27 73 6.00
27 74 8.15
27 75 1.19
27 76 2.81
27 77 8.70
27 78 6.78
27 79 2.93
27 80 7.62
27 81 2.55
27 82 0.82
27 83 7.81
27 84 8.41
27 85 7.63
27 86 3.01
27 87 0.52
27 88 9.68
27 89 0.39
27 90 5.60
27 91 2.74
27 92 8.96
27 93 8.45
27 94 1.96
27 95 4.28
27 96 1.62
27 97 6.28
27 98 5.03
27 99 0.13
28 29 0.22
28 30 0.70
28 31 2.02
28 32 9.27
28 33 0.60
28 34 1.06
28 35 7.80
28 36 5.35
28 37 9.44
28 38 4.41
28 39 8.57
28 40 3.78
28 41 8.26
28 42 4.01
28 43 4.09
28 44 5.08
28 45 8.33
28 46 9.13
28 47 0.32
28 48 5.23
28 49 7.29
28 50 1.75
28 51 9.71
28 52 7.09
28 53 3.85
28 54 5.42
28 55 3.98
28 56 6.18
28 57 6.64
28 58 6.31
28 59 3.06
28 60 9.55
28 61 5.24
28 62 8.84
28 63 5.75
28 64 9.92
28 65 5.83
28 66 0.01
28 67 4.34
28 68 3.09
28 69 5.46
28 70 0.34
28 71 9.87
28 72 2.04
28 73 0.51
28 74 9.33
28 75 7.05
28 76 1.03
28 77 4.43
28 78 8.49
28 79 7.96
28 80 7.44
28 81 8.27
28 82 2.65
28 83 5.88
28 84 0.10
28 85 9.17
28 86 1.25
28 87 5.89
28 88 0.46
28 89 7.19
28 90 7.31
28 91 1.35
28 92 1.83
28 93 7.21
28 94 1.23
28 95 0.32
28 96 9.36
28 97 5.57
28 98 2.03
28 99 4.94
29 30 9.35
29 31 6.52
29 32 4.24
29 33 6.16
29 34 6.76
29 35 9.22
29 36 1.99
29 37 3.22
29 38 4.77
29 39 7.09
29 40 0.63
29 41 4.23
29 42 3.38
29 43 2.81
29 44 3.20
29 45 7.92
29 46 7.02
29 47 1.80
29 48 1.69
29 49 3.29
29 50 9.11
29 51 3.71
29 52 8.99
29 53 5.98
29 54 2.49
29 55 1.31
29 56 3.61
29 57 8.63
29 58 1.73
29 59 4.24
29 60 4.59
29 61 4.44
29 62 4.97
29 63 3.18
29 64 8.99
29 65 4.47
29 66 4.33
29 67 0.81
29 68 5.31
29 69 3.71
29 70 4.37
29 71 3.84
29 72 0.11
29 73 5.96
29 74 7.21
29 75 1.49
29 76 4.33
29 77 8.70
29 78 3.07
29 79 0.21
29 80 6.83
29 81 9.39
29 82 1.10
29 83 1.20
29 84 6.57
29 85 8.51
29 86 6.16
29 87 8.53
29 88 8.56
29 89 2.28
29 90 9.88
29 91 1.64
29 92 2.40
29 93 3.93
29 94 6.43
29 95 6.04
29 96 0.44
29 97 9.57
29 98 9.60
29 99 5.75
30 31 1.16
30 32 0.58
30 33 7.93
30 34 1.33
30 35 2.16
30 36 1.62
30 37 9.67
30 38 4.57
30 39 5.53
30 40 2.18
30 41 2.27
30 42 4.19
30 43 4.08
30 44 9.20
30 45 5.80
30 46 9.21
30 47 1.91
30 48 4.89
30 49 9.36
30 50 0.54
30 51 2.15
30 52 3.48
30 53 5.10
30 54 1.91
30 55 3.51
30 56 9.16
30 57 7.74
30 58 6.46
30 59 2.74
30 60 8.60
30 61 2.29
30 62 6.44
30 63 5.98
30 64 7.11
30 65 6.00
30 66 4.59
30 67 2.98
30 68 3.90
30 69 9.94
30 70 2.88
30 71 0.40
30 72 2.44
30 73 5.97
30 74 0.45
30 75 1.83
30 76 5.12
30 77 9.48
30 78 1.70
30 79 4.31
30 80 2.02
30 81 6.44
30 82 1.21
30 83 3.18
30 84 9.23
30 85 3.32
30 86 4.79
30 87 0.45
30 88 2.96
30 89 8.11
30 90 8.83
30 91 5.70
30 92 4.85
30 93 4.16
30 94 4.00
30 95 3.84
30 96 3.49
30 97 3.13
30 98 5.27
30 99 1.37
31 32 2.62
31 33 6.70
31 34 6.78
31 35 9.04
31 36 9.68
31 37 2.77
31 38 9.93
31 39 3.91
31 40 8.49
31 41 1.73
31 42 2.67
31 43 3.58
31 44 1.43
31 45 8.73
31 46 5.41
31 47 8.90
31 48 1.08
31 49 2.99
31 50 6.74
31 51 2.41
31 52 1.35
31 53 5.39
31 54 2.59
31 55 7.49
31 56 0.53
31 57 2.38
31 58 7.71
31 59 0.85
31 60 4.00
31 61 7.51
31 62 2.77
31 63 5.67
31 64 3.64
31 65 2.02
31 66 0.33
31 67 7.78
31 68 5.62
31 69 3.71
31 70 5.20
31 71 9.79
31 72 8.10
31 73 2.54
31 74 0.84
31 75 2.01
31 76 1.48
31 77 2.89
31 78 6.67
31 79 8.26
31 80 0.88
31 81 4.19
31 82 7.99
31 83 0.40
31 84 8.58
31 85 5.37
31 86 9.61
31 87 1.97
31 88 5.69
31 89 7.69
31 90 6.39
31 91 2.55
31 92 2.15
31 93 2.56
31 94 0.23
31 95 7.53
31 96 4.00
31 97 0.41
31 98 3.17
31 99 5.97
32 33 4.16
32 34 8.18
32 35 6.23
32 36 9.62
32 37 6.75
32 38 1.37
32 39 2.34
32 40 5.67
32 41 1.10
32 42 9.12
32 43 2.90
32 44 4.91
32 45 0.60
32 46 2.23
32 47 8.83
32 48 2.71
32 49 6.62
32 50 0.56
32 51 0.26
32 52 1.68
32 53 5.22
32 54 4.51
32 55 0.66
32 56 7.36
32 57 2.20
32 58 1.80
32 59 4.92
32 60 3.62
32 61 1.42
32 62 9.04
32 63 0.00
32 64 4.39
32 65 6.41
32 66 7.12
32 67 8.00
32 68 8.17
32 69 9.78
32 70 7.60
32 71 7.62
32 72 0.78
32 73 7.82
32 74 2.68
32 75 3.58
32 76 3.15
32 77 8.47
32 78 5.92
32 79 3.74
32 80 3.64
32 81 0.45
32 82 2.11
32 83 5.88
32 84 1.57
32 85 1.40
32 86 0.75
32 87 0.84
32 88 0.31
32 89 4.84
32 90 8.37
32 91 9.23
32 92 1.21
32 93 4.62
32 94 9.45
32 95 3.03
32 96 3.90
32 97 5.78
32 98 4.05
32 99 6.11
33 34 3.18
33 35 7.93
33 36 8.48
33 37 1.40
33 38 6.40
33 39 4.69
33 40 8.90
33 41 3.59
33 42 9.62
33 43 4.22
33 44 5.80
33 45 6.44
33 46 3.20
33 47 5.16
33 48 3.46
33 49 9.15
33 50 2.31
33 51 8.95
33 52 8.31
33 53 6.35
33 54 3.84
33 55 6.30
33 56 9.62
33 57 5.29
33 58 1.28
33 59 0.06
33 60 8.63
33 61 6.62
33 62 5.92
33 63 4.75
33 64 0.15
33 65 6.47
33 66 2.14
33 67 3.75
33 68 9.20
33 69 6.05
33 70 5.10
33 71 2.90
33 72 9.05
33 73 4.76
33 74 6.24
33 75 3.75
33 76 4.06
33 77 0.34
33 78 6.55
33 79 8.43
33 80 4.72
33 81 4.06
33 82 8.49
33 83 2.02
33 84 7.12
33 85 8.25
33 86 4.63
33 87 8.54
33 88 6.57
33 89 3.53
33 90 8.76
33 91 6.33
33 92 4.13
33 93 9.58
33 94 7.85
33 95 3.87
33 96 9.64
33 97 8.12
33 98 6.98
33 99 0.19
34 35 3.48
34 36 4.10
34 37 2.65
34 38 8.31
34 39 2.32
34 40 3.57
34 41 6.75
34 42 1.70
34 43 7.52
34 44 9.31
34 45 0.80
34 46 0.93
34 47 8.40
34 48 1.14
34 49 9.29
34 50 4.15
34 51 4.11
34 52 7.56
34 53 4.73
34 54 3.34
34 55 5.98
34 56 1.68
34 57 6.69
34 58 1.94
34 59 0.53
34 60 3.56
34 61 1.44
34 62 5.99
34 63 6.26
34 64 8.89
34 65 2.19
34 66 8.43
34 67 5.96
34 68 1.07
34 69 6.46
34 70 2.70
34 71 2.03
34 72 7.79
34 73 8.64
34 74 8.78
34 75 1.49
34 76 7.79
34 77 8.60
34 78 9.12
34 79 7.54
34 80 3.15
34 81 4.74
34 82 1.42
34 83 2.90
34 84 1.76
34 85 8.46
34 86 2.06
34 87 8.76
34 88 7.84
34 89 0.03
34 90 4.76
34 91 6.72
34 92 6.24
34 93 5.82
34 94 6.81
34 95 8.13
34 96 6.84
34 97 2.29
34 98 4.15
34 99 9.92
35 36 1.26
35 37 8.92
35 38 4.00
35 39 1.68
35 40 6.03
35 41 6.24
35 42 2.36
35 43 6.51
35 44 4.34
35 45 6.57
35 46 6.94
35 47 8.64
35 48 3.33
35 49 1.83
35 50 1.61
35 51 7.80
35 52 8.44
35 53 4.70
35 54 5.48
35 55 8.73
35 56 3.44
35 57 0.21
35 58 0.39
35 59 2.84
35 60 8.01
35 61 2.12
35 62 9.31
35 63 7.98
35 64 3.20
35 65 4.93
35 66 1.26
35 67 2.16
35 68 6.46
35 69 9.31
35 70 6.60
35 71 8.49
35 72 6.02
35 73 6.26
35 74 8.56
35 75 2.58
35 76 1.89
35 77 5.20
35 78 0.44
35 79 7.95
35 80 5.08
35 81 1.41
35 82 2.09
35 83 5.07
35 84 8.26
35 85 4.01
35 86 2.80
35 87 4.88
35 88 7.68
35 89 1.30
35 90 3.49
35 91 7.85
35 92 0.13
35 93 6.24
35 94 9.57
35 95 2.07
35 96 7.11
35 97 5.77
35 98 7.19
35 99 0.23
36 37 8.23
36 38 2.85
36 39 9.80
36 40 3.59
36 41 0.94
36 42 4.15
36 43 4.41
36 44 4.79
36 45 8.92
36 46 2.94
36 47 0.01
36 48 2.83
36 49 1.15
36 50 2.35
36 51 8.51
36 52 0.55
36 53 0.74
36 54 7.20
36 55 6.19
36 56 1.70
36 57 1.10
36 58 7.51
36 59 9.52
36 60 5.33
36 61 2.31
36 62 2.03
36 63 7.20
36 64 1.34
36 65 5.08
36 66 4.45
36 67 1.43
36 68 2.96
36 69 0.38
36 70 6.94
36 71 6.70
36 72 6.06
36 73 3.83
36 74 8.23
36 75 9.54
36 76 9.53
36 77 8.86
36 78 0.55
36 79 1.30
36 80 8.38
36 81 7.22
36 82 9.08
36 83 5.79
36 84 2.62
36 85 9.98
36 86 0.36
36 87 8.43
36 88 4.64
36 89 5.13
36 90 8.33
36 91 5.10
36 92 4.64
36 93 4.27
36 94 6.86
36 95 5.08
36 96 2.58
36 97 6.22
36 98 2.49
36 99 3.53
37 38 2.43
37 39 3.91
37 40 5.65
37 41 0.09
37 42 4.21
37 43 4.10
37 44 2.43
37 45 5.45
37 46 9.71
37 47 7.32
37 48 1.49
37 49 1.71
37 50 2.45
37 51 1.73
37 52 9.35
37 53 9.09
37 54 2.89
37 55 9.30
37 56 5.34
37 57 8.30
37 58 4.15
37 59 6.29
37 60 6.61
37 61 4.41
37 62 4.70
37 63 6.94
37 64 8.10
37 65 3.85
37 66 1.12
37 67 8.07
37 68 4.01
37 69 1.97
37 70 6.52
37 71 8.68
37 72 3.76
37 73 1.82
37 74 9.05
37 75 0.22
37 76 3.17
37 77 3.04
37 78 0.80
37 79 9.75
37 80 8.79
37 81 6.17
37 82 9.42
37 83 5.61
37 84 0.40
37 85 5.14
37 86 6.85
37 87 2.07
37 88 6.72
37 89 7.46
37 90 9.94
37 91 3.61
37 92 8.67
37 93 3.49
37 94 6.37
37 95 9.40
37 96 2.73
37 97 8.10
37 98 8.57
37 99 0.66
38 39 4.73
38 40 3.34
38 41 5.42
38 42 8.37
38 43 6.88
38 44 9.28
38 45 8.94
38 46 3.06
38 47 8.75
38 48 5.91
38 49 1.92
38 50 7.78
38 51 9.77
38 52 4.23
38 53 3.86
38 54 9.33
38 55 9.10
38 56 8.21
38 57 0.76
38 58 7.87
38 59 7.37
38 60 7.65
38 61 5.74
38 62 5.76
38 63 0.34
38 64 7.33
38 65 8.07
38 66 1.56
38 67 1.43
38 68 2.76
38 69 6.65
38 70 3.66
38 71 9.19
38 72 7.92
38 73 2.09
38 74 6.21
38 75 7.08
38 76 8.92
38 77 3.39
38 78 8.52
38 79 9.30
38 80 7.87
38 81 1.16
38 82 8.92
38 83 5.37
38 84 0.39
38 85 7.45
38 86 4.20
38 87 3.23
38 88 3.56
38 89 6.91
38 90 5.64
38 91 2.09
38 92 5.57
38 93 3.74
38 94 1.20
38 95 4.69
38 96 1.14
38 97 4.25
38 98 4.30
38 99 0.71
39 40 3.54
39 41 3.61
39 42 0.88
39 43 9.47
39 44 6.81
39 45 4.50
39 46 2.49
39 47 6.31
39 48 4.68
39 49 7.04
39 50 4.12
39 51 6.03
39 52 7.64
39 53 6.85
39 54 2.82
39 55 3.66
39 56 1.10
39 57 2.09
39 58 4.22
39 59 1.95
39 60 1.13
39 61 8.30
39 62 5.78
39 63 0.73
39 64 5.36
39 65 7.30
39 66 9.68
39 67 7.16
39 68 8.44
39 69 0.40
39 70 7.75
39 71 6.02
39 72 9.26
39 73 6.06
39 74 4.18
39 75 8.16
39 76 6.03
39 77 1.72
39 78 3.82
39 79 6.09
39 80 6.08
39 81 5.75
39 82 0.45
39 83 9.26
39 84 8.14
39 85 5.48
39 86 7.95
39 87 0.60
39 88 1.24
39 89 3.33
39 90 9.71
39 91 0.28
39 92 7.56
39 93 0.53
39 94 7.71
39 95 4.65
39 96 2.46
39 97 7.43
39 98 1.75
39 99 2.06
40 41 1.54
40 42 3.99
40 43 8.73
40 44 9.53
40 45 4.92
40 46 6.91
40 47 5.06
40 48 5.10
40 49 5.60
40 50 3.05
40 51 5.65
40 52 1.60
40 53 9.63
40 54 5.49
40 55 4.76
40 56 5.35
40 57 2.73
40 58 0.23
40 59 3.36
40 60 0.57
40 61 0.43
40 62 9.69
40 63 9.85
40 64 6.01
40 65 2.37
40 66 6.37
40 67 9.36
40 68 0.03
40 69 4.93
40 70 9.50
40 71 5.53
40 72 6.07
40 73 5.58
40 74 2.48
40 75 6.21
40 76 2.51
40 77 8.90
40 78 7.31
40 79 2.08
40 80 4.63
40 81 1.92
40 82 3.64
40 83 4.10
40 84 6.54
40 85 1.01
40 86 7.58
40 87 2.52
40 88 3.65
40 89 2.72
40 90 5.25
40 91 0.97
40 92 7.78
40 93 0.83
40 94 9.91
40 95 3.34
40 96 9.17
40 97 4.86
40 98 2.67
40 99 8.96
41 42 0.01
41 43 0.64
41 44 6.95
41 45 1.92
41 46 5.97
41 47 4.14
41 48 9.82
41 49 5.12
41 50 9.54
41 51 4.10
41 52 0.52
41 53 7.31
41 54 7.19
41 55 0.43
41 56 1.66
41 57 1.81
41 58 2.67
41 59 9.78
41 60 0.32
41 61 2.96
41 62 0.29
41 63 0.36
41 64 0.12
41 65 7.92
41 66 7.21
41 67 6.85
41 68 1.99
41 69 7.19
41 70 3.49
41 71 8.58
41 72 5.23
41 73 8.39
41 74 8.33
41 75 5.82
41 76 1.65
41 77 1.38
41 78 6.60
41 79 10.00
41 80 9.05
41 81 5.34
41 82 3.99
41 83 2.08
41 84 3.33
41 85 7.78
41 86 2.44
41 87 0.69
41 88 5.01
41 89 8.20
41 90 4.11
41 91 4.77
41 92 7.08
41 93 5.35
41 94 9.83
41 95 7.55
41 96 6.63
41 97 9.47
41 98 4.93
41 99 8.10
42 43 2.86
42 44 2.78
42 45 6.71
42 46 3.28
42 47 3.57
42 48 5.39
42 49 0.83
42 50 7.93
42 51 0.76
42 52 9.69
42 53 4.21
42 54 8.04
42 55 0.00
42 56 5.08
42 57 6.84
42 58 4.25
42 59 1.65
42 60 2.21
42 61 3.38
42 62 0.16
42 63 6.87
42 64 5.49
42 65 1.51
42 66 6.46
42 67 0.14
42 68 3.11
42 69 5.15
42 70 0.23
42 71 6.26
42 72 5.04
42 73 2.44
42 74 5.78
42 75 9.42
42 76 0.06
42 77 7.64
42 78 4.72
42 79 9.36
42 80 4.69
42 81 1.77
42 82 0.75
42 83 8.88
42 84 2.40
42 85 8.83
42 86 5.31
42 87 6.00
42 88 4.18
42 89 1.62
42 90 0.22
42 91 2.81
42 92 0.59
42 93 2.26
42 94 1.83
42 95 3.94
42 96 8.66
42 97 3.19
42 98 9.85
42 99 1.98
43 44 8.47
43 45 7.97
43 46 4.27
43 47 4.23
43 48 3.95
43 49 3.55
43 50 9.22
43 51 3.23
43 52 4.70
43 53 9.65
43 54 2.18
43 55 8.04
43 56 6.20
43 57 0.58
43 58 8.76
43 59 7.20
43 60 9.29
43 61 3.39
43 62 1.04
43 63 8.07
43 64 1.42
43 65 7.50
43 66 8.31
43 67 4.64
43 68 4.24
43 69 0.90
43 70 1.92
43 71 6.00
43 72 4.89
43 73 5.19
43 74 4.28
43 75 1.55
43 76 3.35
43 77 6.13
43 78 1.65
43 79 0.42
43 80 0.47
43 81 1.88
43 82 1.64
43 83 2.05
43 84 7.71
43 85 1.22
43 86 9.31
43 87 3.62
43 88 1.10
43 89 0.14
43 90 6.63
43 91 6.17
43 92 6.60
43 93 7.85
43 94 2.49
43 95 7.00
43 96 2.46
43 97 5.75
43 98 9.22
43 99 7.47
44 45 5.51
44 46 5.99
44 47 2.10
44 48 1.99
44 49 0.55
44 50 0.65
44 51 4.47
44 52 5.93
44 53 2.99
44 54 4.55
44 55 2.75
44 56 9.38
44 57 9.93
44 58 3.42
44 59 1.48
44 60 5.65
44 61 9.88
44 62 0.72
44 63 2.68
44 64 1.80
44 65 6.58
44 66 0.95
44 67 5.38
44 68 1.23
44 69 0.27
44 70 5.35
44 71 0.21
44 72 4.81
44 73 7.35
44 74 3.46
44 75 0.22
44 76 1.23
44 77 0.93
44 78 6.09
44 79 1.17
44 80 2.38
44 81 9.23
44 82 3.76
44 83 3.03
44 84 2.46
44 85 2.01
44 86 8.08
44 87 8.70
44 88 6.75
44 89 0.73
44 90 5.08
44 91 6.37
44 92 9.89
44 93 0.67
44 94 2.96
44 95 2.53
44 96 0.08
44 97 9.58
44 98 4.61
44 99 7.97
45 46 9.50
45 47 3.62
45 48 8.55
45 49 6.06
45 50 3.98
45 51 9.11
45 52 4.92
45 53 1.14
45 54 0.75
45 55 5.65
45 56 9.66
45 57 0.27
45 58 0.08
45 59 5.43
45 60 6.52
45 61 6.19
45 62 5.24
45 63 4.21
45 64 1.83
45 65 5.20
45 66 9.85
45 67 7.62
45 68 7.94
45 69 9.00
45 70 6.24
45 71 5.03
45 72 7.67
45 73 0.36
45 74 0.86
45 75 0.25
45 76 0.19
45 77 1.29
45 78 4.64
45 79 6.78
45 80 5.12
45 81 9.12
45 82 4.37
45 83 5.19
45 84 5.73
45 85 6.27
45 86 7.62
45 87 4.18
45 88 6.86
45 89 3.25
45 90 6.75
45 91 1.13
45 92 4.31
45 93 1.97
45 94 0.49
45 95 4.90
45 96 8.02
45 97 4.76
45 98 6.00
45 99 1.32
46 47 0.78
46 48 8.32
46 49 5.13
46 50 3.03
46 51 5.86
46 52 9.26
46 53 0.67
46 54 3.25
46 55 4.38
46 56 1.11
46 57 1.19
46 58 8.43
46 59 7.13
46 60 3.36
46 61 0.65
46 62 2.29
46 63 2.04
46 64 6.27
46 65 6.01
46 66 3.55
46 67 7.17
46 68 8.36
46 69 9.78
46 70 5.90
46 71 6.79
46 72 9.31
46 73 3.71
46 74 9.44
46 75 9.51
46 76 6.45
46 77 9.98
46 78 2.95
46 79 0.65
46 80 7.83
46 81 1.88
46 82 0.45
46 83 9.96
46 84 7.04
46 85 1.83
46 86 4.70
46 87 9.81
46 88 3.95
46 89 0.75
46 90 3.15
46 91 1.57
46 92 0.54
46 93 8.77
46 94 1.25
46 95 1.44
46 96 5.83
46 97 5.73
46 98 4.95
46 99 3.53
47 48 3.61
47 49 9.19
47 50 6.41
47 51 2.21
47 52 1.73
47 53 8.79
47 54 2.03
47 55 6.86
47 56 6.96
47 57 2.98
47 58 7.91
47 59 7.45
47 60 1.17
47 61 5.43
47 62 5.92
47 63 5.54
47 64 7.01
47 65 2.83
47 66 0.03
47 67 0.81
47 68 5.80
47 69 1.55
47 70 2.24
47 71 2.62
47 72 6.65
47 73 6.01
47 74 5.41
47 75 5.34
47 76 8.29
47 77 7.15
47 78 9.32
47 79 8.07
47 80 6.31
47 81 2.02
47 82 8.21
47 83 2.18
47 84 2.86
47 85 9.94
47 86 4.08
47 87 3.68
47 88 4.48
47 89 0.12
47 90 5.50
47 91 3.72
47 92 6.31
47 93 2.01
47 94 5.34
47 95 2.35
47 96 7.30
47 97 6.76
47 98 9.52
47 99 2.45
48 49 2.07
48 50 4.57
48 51 0.46
48 52 7.24
48 53 0.29
48 54 1.58
48 55 2.61
48 56 7.40
48 57 1.53
48 58 7.08
48 59 2.44
48 60 7.22
48 61 5.39
48 62 8.44
48 63 0.40
48 64 8.68
48 65 8.27
48 66 7.79
48 67 9.06
48 68 8.09
48 69 9.55
48 70 5.03
48 71 9.74
48 72 0.41
48 73 6.06
48 74 3.79
48 75 9.45
48 76 4.97
48 77 3.59
48 78 9.44
48 79 1.67
48 80 8.01
48 81 1.46
48 82 0.17
48 83 2.98
48 84 8.92
48 85 6.80
48 86 2.88
48 87 7.89
48 88 3.54
48 89 2.32
48 90 1.99
48 91 0.18
48 92 2.06
48 93 6.29
48 94 0.06
48 95 6.53
48 96 7.49
48 97 3.37
48 98 0.74
48 99 9.24
49 50 5.23
49 51 9.38
49 52 2.35
49 53 1.35
49 54 6.16
49 55 7.14
49 56 0.94
49 57 0.79
49 58 8.71
49 59 9.70
49 60 2.10
49 61 6.51
49 62 2.88
49 63 7.78
49 64 4.70
49 65 9.79
49 66 9.71
49 67 4.54
49 68 7.81
49 69 2.56
49 70 9.00
49 71 2.21
49 72 7.99
49 73 4.30
49 74 8.30
49 75 7.92
49 76 2.60
49 77 5.20
49 78 7.08
49 79 4.45
49 80 5.04
49 81 1.73
49 82 5.22
49 83 7.06
49 84 4.31
49 85 9.60
49 86 1.76
49 87 7.74
49 88 0.02
49 89 5.23
49 90 9.81
49 91 4.92
49 92 2.48
49 93 4.20
49 94 3.93
49 95 8.13
49 96 0.30
49 97 7.82
49 98 0.66
49 99 2.47
50 51 8.69
50 52 4.33
50 53 5.88
50 54 9.76
50 55 2.56
50 56 1.60
50 57 5.71
50 58 3.11
50 59 1.91
50 60 6.84
50 61 8.33
50 62 7.41
50 63 0.63
50 64 5.80
50 65 5.76
50 66 1.20
50 67 4.19
50 68 8.62
50 69 0.43
50 70 8.99
50 71 3.21
50 72 4.41
50 73 1.32
50 74 0.81
50 75 10.00
50 76 0.55
50 77 8.50
50 78 8.25
50 79 7.26
50 80 9.04
50 81 5.82
50 82 1.30
50 83 6.39
50 84 0.13
50 85 8.10
50 86 2.27
50 87 1.89
50 88 8.47
50 89 3.67
50 90 1.82
50 91 8.89
50 92 0.92
50 93 8.94
50 94 1.49
50 95 3.32
50 96 2.21
50 97 6.52
50 98 5.96
50 99 7.25
51 52 0.09
51 53 8.40
51 54 5.24
51 55 5.17
51 56 5.70
51 57 0.10
51 58 2.29
51 59 4.63
51 60 8.74
51 61 7.00
51 62 0.18
51 63 5.23
51 64 2.94
51 65 8.85
51 66 6.52
51 67 4.70
51 68 1.89
51 69 6.31
51 70 1.26
51 71 8.88
51 72 0.90
51 73 1.82
51 74 9.43
51 75 7.84
51 76 9.51
51 77 7.86
51 78 1.21
51 79 7.42
51 80 5.53
51 81 4.97
51 82 8.27
51 83 9.35
51 84 5.23
51 85 0.03
51 86 8.69
51 87 6.52
51 88 2.86
51 89 4.14
51 90 8.50
51 91 1.38
51 92 5.26
51 93 8.96
51 94 6.79
51 95 3.13
51 96 5.56
51 97 6.54
51 98 1.20
51 99 6.65
52 53 5.30
52 54 0.81
52 55 7.79
52 56 3.11
52 57 9.32
52 58 6.58
52 59 8.44
52 60 0.70
52 61 4.05
52 62 5.19
52 63 3.38
52 64 4.65
52 65 0.14
52 66 1.08
52 67 1.33
52 68 6.03
52 69 1.64
52 70 4.97
52 71 8.27
52 72 7.67
52 73 2.96
52 74 8.47
52 75 6.05
52 76 5.57
52 77 9.08
52 78 3.45
52 79 5.11
52 80 8.35
52 81 9.76
52 82 2.06
52 83 4.26
52 84 1.95
52 85 3.59
52 86 4.93
52 87 9.38
52 88 4.78
52 89 9.09
52 90 7.76
52 91 7.69
52 92 6.31
52 93 6.15
52 94 7.27
52 95 10.00
52 96 2.87
52 97 6.10
52 98 3.15
52 99 6.46
53 54 8.99
53 55 3.93
53 56 7.01
53 57 6.70
53 58 2.64
53 59 8.12
53 60 7.24
53 61 3.35
53 62 0.69
53 63 3.08
53 64 1.41
53 65 8.71
53 66 1.53
53 67 4.51
53 68 6.84
53 69 2.33
53 70 2.39
53 71 3.64
53 72 2.20
53 73 0.66
53 74 1.73
53 75 2.44
53 76 3.41
53 77 8.07
53 78 0.99
53 79 6.27
53 80 9.02
53 81 2.18
53 82 0.65
53 83 2.08
53 84 4.75
53 85 1.90
53 86 1.74
53 87 0.33
53 88 2.85
53 89 5.31
53 90 3.35
53 91 5.84
53 92 1.46
53 93 8.13
53 94 8.18
53 95 0.27
53 96 6.41
53 97 3.93
53 98 1.94
53 99 1.81
54 55 4.96
54 56 1.08
54 57 1.63
54 58 8.43
54 59 7.77
54 60 1.52
54 61 0.88
54 62 9.35
54 63 3.09
54 64 2.59
54 65 9.51
54 66 9.11
54 67 0.28
54 68 5.91
54 69 0.42
54 70 6.95
54 71 1.53
54 72 2.42
54 73 0.20
54 74 3.99
54 75 4.74
54 76 2.90
54 77 8.42
54 78 4.79
54 79 3.13
54 80 4.55
54 81 1.80
54 82 1.80
54 83 4.09
54 84 6.12
54 85 6.76
54 86 8.97
54 87 7.75
54 88 1.53
54 89 1.56
54 90 8.45
54 91 4.38
54 92 4.92
54 93 8.01
54 94 1.78
54 95 0.20
54 96 8.63
54 97 3.12
54 98 2.11
54 99 1.95
55 56 3.35
55 57 1.16
55 58 3.69
55 59 4.68
55 60 0.20
55 61 2.42
55 62 6.41
55 63 9.38
55 64 4.80
55 65 0.98
55 66 0.28
55 67 8.34
55 68 6.88
55 69 3.42
55 70 9.21
55 71 2.89
55 72 3.63
55 73 1.55
55 74 4.03
55 75 7.66
55 76 6.10
55 77 8.65
55 78 3.79
55 79 5.97
55 80 5.78
55 81 6.51
55 82 0.01
55 83 5.43
55 84 8.19
55 85 4.00
55 86 1.13
55 87 2.53
55 88 5.27
55 89 5.57
55 90 8.17
55 91 3.14
55 92 5.13
55 93 0.20
55 94 0.48
55 95 1.74
55 96 1.02
55 97 5.33
55 98 9.96
55 99 1.87
56 57 6.69
56 58 4.18
56 59 7.99
56 60 0.38
56 61 5.13
56 62 6.16
56 63 4.97
56 64 7.12
56 65 5.33
56 66 1.20
56 67 6.57
56 68 0.56
56 69 9.90
56 70 1.24
56 71 0.20
56 72 8.30
56 73 0.35
56 74 2.59
56 75 0.55
56 76 3.50
56 77 7.64
56 78 5.38
56 79 2.60
56 80 8.90
56 81 6.24
56 82 8.71
56 83 2.95
56 84 7.56
56 85 8.24
56 86 5.08
56 87 2.93
56 88 1.01
56 89 6.95
56 90 4.43
56 91 1.04
56 92 5.54
56 93 8.59
56 94 4.96
56 95 8.35
56 96 7.94
56 97 3.61
56 98 6.07
56 99 9.62
57 58 2.17
57 59 3.51
57 60 9.10
57 61 0.43
57 62 3.77
57 63 8.30
57 64 5.07
57 65 4.16
57 66 9.51
57 67 4.70
57 68 6.18
57 69 5.04
57 70 6.44
57 71 7.43
57 72 7.40
57 73 7.10
57 74 0.16
57 75 5.63
57 76 4.29
57 77 2.07
57 78 8.06
57 79 8.93
57 80 8.31
57 81 3.80
57 82 4.15
57 83 6.53
57 84 4.72
57 85 1.56
57 86 8.31
57 87 6.52
57 88 3.13
57 89 8.51
57 90 4.57
57 91 0.42
57 92 9.45
57 93 9.51
57 94 1.57
57 95 2.98
57 96 9.72
57 97 7.22
57 98 4.51
57 99 8.95
58 59 9.96
58 60 7.38
58 61 2.90
58 62 0.45
58 63 4.52
58 64 0.31
58 65 5.62
58 66 7.46
58 67 9.88
58 68 5.17
58 69 4.42
58 70 8.04
58 71 6.22
58 72 3.22
58 73 3.12
58 74 2.33
58 75 8.74
58 76 0.25
58 77 1.03
58 78 5.28
58 79 6.70
58 80 2.16
58 81 2.73
58 82 3.60
58 83 5.82
58 84 6.65
58 85 5.81
58 86 4.91
58 87 7.17
58 88 7.21
58 89 3.67
58 90 8.51
58 91 3.73
58 92 0.91
58 93 5.73
58 94 0.84
58 95 9.96
58 96 2.39
58 97 5.57
58 98 7.85
58 99 0.23
59 60 0.38
59 61 8.81
59 62 7.50
59 63 0.82
59 64 9.57
59 65 8.83
59 66 6.13
59 67 9.46
59 68 6.91
59 69 6.71
59 70 1.47
59 71 5.21
59 72 0.24
59 73 6.88
59 74 6.71
59 75 0.39
59 76 2.80
59 77 5.69
59 78 5.18
59 79 4.15
59 80 9.68
59 81 3.68
59 82 4.97
59 83 1.77
59 84 3.92
59 85 4.30
59 86 3.65
59 87 9.67
59 88 9.23
59 89 4.47
59 90 5.85
59 91 7.09
59 92 4.87
59 93 7.43
59 94 5.27
59 95 5.95
59 96 5.57
59 97 2.65
59 98 1.74
59 99 3.53
60 61 8.68
60 62 1.28
60 63 2.42
60 64 8.74
60 65 6.47
60 66 9.58
60 67 6.18
60 68 9.43
60 69 4.83
60 70 9.76
60 71 7.24
60 72 9.82
60 73 3.39
60 74 9.59
60 75 7.42
60 76 4.95
60 77 1.50
60 78 3.62
60 79 1.69
60 80 6.32
60 81 0.79
60 82 4.69
60 83 5.50
60 84 4.35
60 85 0.67
60 86 7.45
60 87 5.00
60 88 8.03
60 89 5.66
60 90 9.37
60 91 8.06
60 92 1.97
60 93 5.82
60 94 3.67
60 95 5.62
60 96 8.50
60 97 3.44
60 98 5.00
60 99 8.90
61 62 9.52
61 63 2.96
61 64 8.57
61 65 2.30
61 66 1.64
61 67 7.83
61 68 8.29
61 69 3.64
61 70 6.18
61 71 1.92
61 72 3.08
61 73 0.13
61 74 1.53
61 75 5.78
61 76 2.38
61 77 4.37
61 78 6.47
61 79 5.10
61 80 7.89
61 81 1.14
61 82 3.57
61 83 0.86
61 84 4.14
61 85 6.25
61 86 5.32
61 87 8.99
61 88 0.96
61 89 0.49
61 90 0.14
61 91 2.69
61 92 2.38
61 93 6.03
61 94 4.30
61 95 5.19
61 96 5.99
61 97 3.17
61 98 4.57
61 99 8.63
62 63 7.77
62 64 1.61
62 65 4.05
62 66 0.38
62 67 9.80
62 68 2.17
62 69 8.99
62 70 7.29
62 71 4.73
62 72 0.97
62 73 7.78
62 74 7.03
62 75 0.55
62 76 2.05
62 77 1.95
62 78 6.59
62 79 8.05
62 80 6.93
62 81 2.10
62 82 3.16
62 83 1.91
62 84 6.05
62 85 9.29
62 86 2.03
62 87 7.63
62 88 2.24
62 89 5.26
62 90 3.22
62 91 0.59
62 92 0.70
62 93 9.13
62 94 7.29
62 95 2.78
62 96 6.63
62 97 9.80
62 98 4.95
62 99 7.23
63 64 9.29
63 65 7.81
63 66 0.95
63 67 2.15
63 68 9.85
63 69 6.29
63 70 1.66
63 71 3.64
63 72 9.34
63 73 3.65
63 74 1.55
63 75 8.95
63 76 0.76
63 77 9.62
63 78 1.75
63 79 9.28
63 80 4.37
63 81 6.69
63 82 7.41
63 83 5.61
63 84 1.98
63 85 7.89
63 86 0.58
63 87 2.12
63 88 8.34
63 89 3.84
63 90 1.98
63 91 1.24
63 92 7.88
63 93 8.56
63 94 2.40
63 95 6.57
63 96 8.52
63 97 1.31
63 98 5.31
63 99 7.64
64 65 3.93
64 66 3.85
64 67 9.56
64 68 3.59
64 69 1.17
64 70 6.08
64 71 9.85
64 72 3.18
64 73 3.27
64 74 2.95
64 75 5.55
64 76 8.07
64 77 3.40
64 78 0.18
64 79 5.18
64 80 8.26
64 81 5.68
64 82 2.01
64 83 0.19
64 84 9.66
64 85 5.87
64 86 1.58
64 87 9.96
64 88 6.60
64 89 5.39
64 90 1.07
64 91 7.53
64 92 8.08
64 93 8.15
64 94 9.70
64 95 7.42
64 96 8.33
64 97 8.51
64 98 8.25
64 99 9.16
65 66 7.52
65 67 3.07
65 68 7.52
65 69 0.68
65 70 8.51
65 71 9.63
65 72 5.60
65 73 1.08
65 74 1.35
65 75 6.30
65 76 5.69
65 77 3.16
65 78 3.48
65 79 7.37
65 80 5.74
65 81 6.91
65 82 9.26
65 83 6.46
65 84 1.72
65 85 7.86
65 86 6.73
65 87 1.16
65 88 7.43
65 89 6.84
65 90 2.70
65 91 0.53
65 92 2.89
65 93 8.36
65 94 5.98
65 95 3.07
65 96 8.19
65 97 6.34
65 98 6.70
65 99 8.24
66 67 9.99
66 68 5.39
66 69 7.84
66 70 6.59
66 71 8.48
66 72 8.48
66 73 5.63
66 74 8.93
66 75 6.97
66 76 8.51
66 77 1.18
66 78 7.35
66 79 4.29
66 80 4.83
66 81 2.84
66 82 7.04
66 83 2.52
66 84 7.35
66 85 7.10
66 86 7.72
66 87 8.97
66 88 2.18
66 89 9.53
66 90 9.10
66 91 5.55
66 92 3.97
66 93 3.00
66 94 8.97
66 95 8.93
66 96 5.81
66 97 2.62
66 98 9.90
66 99 7.74
67 68 9.61
67 69 2.11
67 70 6.59
67 71 2.10
67 72 7.34
67 73 3.52
67 74 8.67
67 75 7.27
67 76 2.36
67 77 0.61
67 78 2.35
67 79 5.16
67 80 1.68
67 81 6.44
67 82 3.19
67 83 5.37
67 84 5.17
67 85 2.31
67 86 0.82
67 87 4.44
67 88 2.90
67 89 3.12
67 90 1.48
67 91 4.50
67 92 9.18
67 93 9.40
67 94 4.37
67 95 7.00
67 96 5.28
67 97 3.42
67 98 3.92
67 99 3.20
68 69 1.64
68 70 8.23
68 71 6.30
68 72 9.31
68 73 0.24
68 74 4.63
68 75 5.33
68 76 0.95
68 77 4.88
68 78 6.89
68 79 7.55
68 80 2.14
68 81 3.31
68 82 1.55
68 83 0.27
68 84 7.50
68 85 8.88
68 86 0.68
68 87 2.18
68 88 3.28
68 89 4.22
68 90 0.17
68 91 7.74
68 92 9.19
68 93 6.17
68 94 4.81
68 95 1.93
68 96 9.11
68 97 5.20
68 98 6.30
68 99 7.07
69 70 3.20
69 71 7.29
69 72 8.61
69 73 1.14
69 74 8.56
69 75 4.30
69 76 6.53
69 77 0.56
69 78 1.85
69 79 9.94
69 80 6.63
69 81 2.37
69 82 2.78
69 83 6.32
69 84 1.55
69 85 6.42
69 86 8.21
69 87 2.32
69 88 5.92
69 89 9.95
69 90 5.59
69 91 1.37
69 92 0.28
69 93 3.01
69 94 1.94
69 95 5.89
69 96 1.24
69 97 8.12
69 98 6.00
69 99 8.46
70 71 5.16
70 72 5.96
70 73 5.21
70 74 2.36
70 75 4.05
70 76 8.32
70 77 3.43
70 78 6.60
70 79 0.08
70 80 6.79
70 81 9.37
70 82 6.72
70 83 4.12
70 84 0.59
70 85 8.16
70 86 2.40
70 87 3.55
70 88 2.61
70 89 3.97
70 90 6.75
70 91 5.56
70 92 3.15
70 93 9.33
70 94 6.08
70 95 1.77
70 96 2.95
70 97 7.96
70 98 9.99
70 99 6.36
71 72 7.47
71 73 8.14
71 74 5.02
71 75 5.59
71 76 0.36
71 77 9.07
71 78 1.92
71 79 9.12
71 80 5.41
71 81 8.56
71 82 4.66
71 83 3.49
71 84 9.25
71 85 1.59
71 86 4.92
71 87 4.24
71 88 0.24
71 89 4.96
71 90 5.10
71 91 1.76
71 92 8.43
71 93 9.48
71 94 0.69
71 95 6.09
71 96 0.19
71 97 4.84
71 98 6.99
71 99 1.25
72 73 0.76
72 74 5.96
72 75 1.15
72 76 5.72
72 77 6.05
72 78 4.34
72 79 1.42
72 80 1.62
72 81 6.08
72 82 5.32
72 83 2.46
72 84 5.99
72 85 8.83
72 86 2.62
72 87 3.24
72 88 7.01
72 89 3.07
72 90 8.59
72 91 7.94
72 92 3.35
72 93 6.86
72 94 4.94
72 95 0.09
72 96 2.52
72 97 3.08
72 98 7.39
72 99 2.28
73 74 5.34
73 75 3.50
73 76 9.63
73 77 8.58
73 78 7.92
73 79 6.75
73 80 6.91
73 81 2.14
73 82 5.52
73 83 8.53
73 84 7.49
73 85 2.82
73 86 7.31
73 87 6.84
73 88 5.49
73 89 1.87
73 90 4.85
73 91 8.06
73 92 9.16
73 93 4.11
73 94 2.71
73 95 6.25
73 96 1.90
73 97 8.28
73 98 2.57
73 99 2.38
74 75 2.79
74 76 7.56
74 77 5.29
74 78 7.87
74 79 5.02
74 80 2.79
74 81 8.19
74 82 1.77
74 83 0.16
74 84 5.14
74 85 8.36
74 86 9.45
74 87 7.05
74 88 2.02
74 89 4.80
74 90 4.73
74 91 6.16
74 92 8.51
74 93 7.24
74 94 1.37
74 95 6.07
74 96 8.42
74 97 9.64
74 98 9.69
74 99 6.57
75 76 1.00
75 77 4.86
75 78 5.61
75 79 7.85
75 80 6.71
75 81 4.92
75 82 5.66
75 83 9.05
75 84 9.84
75 85 1.24
75 86 2.17
75 87 5.93
75 88 2.32
75 89 4.64
75 90 9.15
75 91 0.79
75 92 3.37
75 93 7.63
75 94 5.87
75 95 6.14
75 96 6.26
75 97 0.45
75 98 7.50
75 99 4.70
76 77 0.43
76 78 0.05
76 79 7.45
76 80 0.00
76 81 9.76
76 82 1.80
76 83 7.74
76 84 0.75
76 85 3.67
76 86 8.97
76 87 3.43
76 88 3.96
76 89 6.93
76 90 2.22
76 91 7.57
76 92 9.59
76 93 9.65
76 94 1.61
76 95 5.08
76 96 3.23
76 97 3.59
76 98 2.89
76 99 3.84
77 78 6.48
77 79 4.41
77 80 4.93
77 81 1.88
77 82 1.03
77 83 0.17
77 84 5.28
77 85 4.67
77 86 8.55
77 87 0.52
77 88 0.58
77 89 7.57
77 90 6.49
77 91 9.77
77 92 3.00
77 93 3.27
77 94 5.17
77 95 4.81
77 96 6.34
77 97 3.06
77 98 9.42
77 99 2.39
78 79 6.03
78 80 1.42
78 81 3.06
78 82 7.08
78 83 4.32
78 84 1.37
78 85 7.38
78 86 3.59
78 87 4.39
78 88 4.06
78 89 8.47
78 90 3.83
78 91 8.83
78 92 7.66
78 93 3.84
78 94 4.11
78 95 6.93
78 96 6.31
78 97 4.59
78 98 0.65
78 99 2.67
79 80 4.01
79 81 3.63
79 82 5.62
79 83 4.27
79 84 0.13
79 85 9.59
79 86 7.85
79 87 9.20
79 88 4.35
79 89 4.74
79 90 3.74
79 91 5.97
79 92 7.78
79 93 1.73
79 94 2.74
79 95 9.93
79 96 3.15
79 97 3.95
79 98 4.52
79 99 3.16
80 81 6.98
80 82 8.97
80 83 1.24
80 84 4.88
80 85 3.68
80 86 1.83
80 87 1.67
80 88 0.83
80 89 8.38
80 90 8.87
80 91 0.66
80 92 6.05
80 93 0.48
80 94 1.26
80 95 4.30
80 96 1.99
80 97 1.96
80 98 6.82
80 99 0.66
81 82 8.90
81 83 4.19
81 84 8.84
81 85 6.71
81 86 3.00
81 87 9.71
81 88 7.16
81 89 1.32
81 90 7.55
81 91 0.38
81 92 5.69
81 93 4.22
81 94 6.00
81 95 1.06
81 96 0.86
81 97 1.38
81 98 6.20
81 99 2.92
82 83 9.70
82 84 9.25
82 85 9.50
82 86 8.99
82 87 4.14
82 88 8.35
82 89 7.05
82 90 9.92
82 91 9.34
82 92 6.81
82 93 6.77
82 94 0.30
82 95 0.90
82 96 0.57
82 97 0.31
82 98 4.63
82 99 3.42
83 84 2.78
83 85 0.60
83 86 5.30
83 87 8.64
83 88 1.16
83 89 9.78
83 90 4.51
83 91 8.33
83 92 8.04
83 93 1.70
83 94 2.01
83 95 6.62
83 96 2.49
83 97 3.71
83 98 5.06
83 99 3.08
84 85 3.50
84 86 8.12
84 87 7.04
84 88 1.79
84 89 9.99
84 90 7.56
84 91 9.45
84 92 1.08
84 93 7.69
84 94 3.09
84 95 5.81
84 96 3.01
84 97 1.75
84 98 7.18
84 99 7.83
85 86 7.92
85 87 5.08
85 88 4.16
85 89 3.25
85 90 0.71
85 91 7.49
85 92 4.34
85 93 2.91
85 94 7.92
85 95 4.92
85 96 9.90
85 97 3.37
85 98 1.66
85 99 2.08
86 87 6.24
86 88 9.38
86 89 4.05
86 90 2.24
86 91 2.15
86 92 1.23
86 93 1.26
86 94 7.35
86 95 5.08
86 96 5.54
86 97 7.68
86 98 9.58
86 99 0.07
87 88 6.70
87 89 9.23
87 90 1.28
87 91 7.87
87 92 0.49
87 93 5.28
87 94 2.69
87 95 6.78
87 96 1.74
87 97 0.17
87 98 3.91
87 99 8.78
88 89 8.34
88 90 3.90
88 91 1.98
88 92 7.69
88 93 3.53
88 94 7.72
88 95 2.02
88 96 8.61
88 97 6.02
88 98 5.87
88 99 2.30
89 90 4.71
89 91 2.55
89 92 8.23
89 93 5.43
89 94 8.99
89 95 6.04
89 96 1.38
89 97 7.52
89 98 4.68
89 99 8.48
90 91 0.34
90 92 0.96
90 93 1.61
90 94 4.54
90 95 2.81
90 96 7.36
90 97 8.58
90 98 3.44
90 99 0.23
91 92 5.93
91 93 0.52
91 94 3.65
91 95 1.04
91 96 2.91
91 97 4.59
91 98 3.08
91 99 6.53
92 93 9.25
92 94 4.45
92 95 5.82
92 96 0.89
92 97 2.92
92 98 1.87
92 99 2.29
93 94 1.69
93 95 1.06
93 96 7.74
93 97 0.21
93 98 9.25
93 99 7.81
94 95 2.46
94 96 5.02
94 97 5.66
94 98 8.69
94 99 2.67
95 96 4.30
95 97 1.88
95 98 6.66
95 99 7.95
96 97 0.18
96 98 0.73
96 99 3.00
97 98 2.97
97 99 5.33
98 99 6.97
