100 10
0 1 6.75
0 2 6.82
0 3 6.98
0 4 9.06
0 5 3.71
0 6 4.52
0 7 2.49
0 8 1.73
0 9 4.81
0 10 8.48
0 11 0.14
0 12 3.07
0 13 3.75
0 14 3.41
0 15 5.39
0 16 7.64
0 17 0.45
0 18 9.93
0 19 0.83
0 20 7.44
0 21 0.19
0 22 0.05
0 23 2.45
0 24 9.72
0 25 7.30
0 26 1.87
0 27 5.41
0 28 9.12
0 29 2.67
0 30 7.56
0 31 8.41
0 32 6.05
0 33 6.45
0 34 6.26
0 35 2.12
0 36 1.97
0 37 1.55
0 38 5.28
0 39 1.48
0 40 0.46
0 41 4.28
0 42 9.17
0 43 9.94
0 44 7.16
0 45 4.96
0 46 4.38
0 47 6.60
0 48 4.10
0 49 4.21
0 50 5.63
0 51 1.28
0 52 2.31
0 53 5.18
0 54 2.26
0 55 9.11
0 56 9.71
0 57 9.27
0 58 4.50
0 59 1.74
0 60 9.54
0 61 5.08
0 62 1.64
0 63 3.03
0 64 1.96
0 65 8.88
0 66 0.15
0 67 5.09
0 68 5.02
0 69 8.67
0 70 3.29
0 71 0.69
0 72 8.37
0 73 9.16
0 74 0.59
0 75 8.92
0 76 3.69
0 77 2.47
0 78 7.69
0 79 4.78
0 80 9.63
0 81 5.08
0 82 7.01
0 83 2.51
0 84 5.56
0 85 9.25
0 86 3.44
0 87 0.54
0 88 2.28
0 89 6.69
0 90 1.16
0 91 1.86
0 92 9.58
0 93 5.47
0 94 8.56
0 95 7.41
0 96 2.63
0 97 7.77
0 98 4.90
0 99 4.04
1 2 3.69
1 3 9.77
1 4 1.88
1 5 0.65
1 6 8.91
1 7 6.52
1 8 6.40
1 9 7.37
1 10 0.38
1 11 9.78
1 12 5.08
1 13 6.39
1 14 4.29
1 15 5.24
1 16 3.65
1 17 1.87
1 18 1.99
1 19 2.10
1 20 7.91
1 21 4.21
1 22 4.69
1 23 9.26
1 24 2.71
1 25 5.86
1 26 0.58
1 27 4.50
1 28 9.34
1 29 8.24
1 30 2.18
1 31 2.69
1 32 8.80
1 33 6.99
1 34 7.82
1 35 3.90
1 36 5.18
1 37 5.69
1 38 3.13
1 39 1.29
1 40 0.99
1 41 3.24
1 42 1.05
1 43 4.77
1 44 3.75
1 45 5.24
1 46 7.63
1 47 9.01
1 48 4.71
1 49 3.05
1 50 7.12
1 51 0.09
1 52 5.19
1 53 6.67
1 54 0.46
1 55 3.39
1 56 6.30
1 57 2.61
1 58 6.29
1 59 2.75
1 60 3.96
1 61 0.90
1 62 8.00
1 63 9.94
1 64 0.74
1 65 0.57
1 66 7.12
1 67 8.50
1 68 5.96
1 69 9.34
1 70 9.42
1 71 1.22
1 72 1.48
1 73 1.76
1 74 5.24
1 75 6.90
1 76 0.81
1 77 7.04
1 78 5.13
1 79 9.92
1 80 9.67
1 81 0.51
1 82 8.51
1 83 0.21
1 84 5.57
1 85 6.49
1 86 6.26
1 87 8.52
1 88 7.64
1 89 7.02
1 90 3.50
1 91 8.64
1 92 6.96
1 93 7.63
1 94 0.05
1 95 3.53
1 96 0.30
1 97 0.43
1 98 4.94
1 99 8.90
2 3 4.11
2 4 9.00
2 5 0.61
2 6 7.05
2 7 4.55
2 8 8.14
2 9 1.39
2 10 0.25
2 11 0.22
2 12 7.85
2 13 2.13
2 14 0.85
2 15 7.21
2 16 4.52
2 17 9.32
2 18 5.81
2 19 7.23
2 20 4.36
2 21 9.73
2 22 7.97
2 23 2.29
2 24 5.03
2 25 8.26
2 26 3.09
2 27 9.26
2 28 1.97
2 29 2.15
2 30 0.40
2 31 5.80
2 32 1.71
2 33 9.41
2 34 1.62
2 35 0.92
2 36 0.66
2 37 6.08
2 38 4.01
2 39 0.30
2 40 6.85
2 41 9.76
2 42 8.59
2 43 3.78
2 44 3.46
2 45 7.29
2 46 6.34
2 47 3.94
2 48 3.84
2 49 0.62
2 50 4.89
2 51 4.97
2 52 0.68
2 53 1.06
2 54 8.16
2 55 1.84
2 56 2.76
2 57 9.14
2 58 8.88
2 59 2.01
2 60 7.95
2 61 3.82
2 62 5.01
2 63 6.57
2 64 6.48
2 65 6.06
2 66 2.48
2 67 5.73
2 68 8.14
2 69 0.54
2 70 4.36
2 71 4.32
2 72 9.50
2 73 0.94
2 74 5.62
2 75 1.60
2 76 2.73
2 77 1.41
2 78 6.78
2 79 4.99
2 80 1.42
2 81 4.27
2 82 3.98
2 83 9.12
2 84 7.08
2 85 9.57
2 86 7.22
2 87 2.07
2 88 1.44
2 89 8.82
2 90 7.34
2 91 9.87
2 92 7.52
2 93 6.80
2 94 4.38
2 95 9.31
2 96 7.89
2 97 1.53
2 98 2.94
2 99 1.21
3 4 4.06
3 5 0.64
3 6 4.48
3 7 1.72
3 8 5.72
3 9 5.52
3 10 8.94
3 11 1.03
3 12 8.06
3 13 5.68
3 14 3.93
3 15 4.26
3 16 0.38
3 17 2.21
3 18 0.34
3 19 0.78
3 20 6.63
3 21 8.23
3 22 5.13
3 23 0.13
3 24 4.28
3 25 3.13
3 26 4.22
3 27 4.97
3 28 5.47
3 29 0.42
3 30 6.21
3 31 8.37
3 32 3.71
3 33 8.95
3 34 8.87
3 35 1.38
3 36 1.02
3 37 1.95
3 38 5.14
3 39 8.71
3 40 1.80
3 41 3.08
3 42 6.39
3 43 4.29
3 44 8.80
3 45 3.33
3 46 8.40
3 47 4.60
3 48 1.56
3 49 9.89
3 50 2.65
3 51 3.75
3 52 7.79
3 53 1.91
3 54 8.98
3 55 1.74
3 56 3.61
3 57 3.80
3 58 8.81
3 59 0.32
3 60 8.13
3 61 4.09
3 62 4.46
3 63 5.10
3 64 4.52
3 65 8.71
3 66 1.13
3 67 6.55
3 68 9.11
3 69 5.94
3 70 8.19
3 71 8.06
3 72 9.10
3 73 8.34
3 74 8.62
3 75 4.10
3 76 9.21
3 77 2.62
3 78 6.07
3 79 3.19
3 80 7.37
3 81 3.76
3 82 1.93
3 83 9.10
3 84 8.22
3 85 2.86
3 86 7.35
3 87 7.57
3 88 5.72
3 89 7.34
3 90 0.57
3 91 9.93
3 92 9.25
3 93 9.59
3 94 0.16
3 95 3.48
3 96 5.22
3 97 7.16
3 98 5.04
3 99 0.07
4 5 7.21
4 6 4.75
4 7 5.56
4 8 2.18
4 9 9.59
4 10 8.54
4 11 1.67
4 12 8.60
4 13 2.17
4 14 2.69
4 15 7.13
4 16 7.90
4 17 8.31
4 18 9.59
4 19 1.25
4 20 7.39
4 21 7.95
4 22 9.33
4 23 4.91
4 24 9.29
4 25 3.53
4 26 6.97
4 27 7.62
4 28 5.95
4 29 6.31
4 30 5.42
4 31 8.01
4 32 2.91
4 33 1.34
4 34 8.52
4 35 1.31
4 36 7.48
4 37 5.17
4 38 8.13
4 39 9.81
4 40 5.47
4 41 3.52
4 42 4.69
4 43 7.62
4 44 7.60
4 45 1.80
4 46 3.91
4 47 8.57
4 48 5.38
4 49 0.07
4 50 8.96
4 51 3.19
4 52 8.50
4 53 7.58
4 54 4.22
4 55 8.28
4 56 2.58
4 57 5.01
4 58 9.40
4 59 3.51
4 60 6.49
4 61 8.24
4 62 2.81
4 63 6.09
4 64 2.01
4 65 8.64
4 66 9.29
4 67 8.92
4 68 0.11
4 69 8.79
4 70 6.15
4 71 0.29
4 72 9.27
4 73 3.04
4 74 5.74
4 75 1.28
4 76 0.34
4 77 1.29
4 78 0.48
4 79 6.13
4 80 8.10
4 81 4.49
4 82 7.12
4 83 4.50
4 84 7.58
4 85 7.69
4 86 1.47
4 87 9.60
4 88 9.87
4 89 9.85
4 90 5.57
4 91 6.35
4 92 7.04
4 93 1.98
4 94 5.79
4 95 6.02
4 96 3.59
4 97 5.10
4 98 5.37
4 99 4.11
5 6 8.53
5 7 5.51
5 8 0.48
5 9 4.31
5 10 4.72
5 11 5.99
5 12 3.68
5 13 0.57
5 14 2.45
5 15 5.65
5 16 1.27
5 17 1.82
5 18 6.26
5 19 5.83
5 20 3.32
5 21 4.79
5 22 4.71
5 23 2.26
5 24 4.27
5 25 5.44
5 26 1.36
5 27 3.48
5 28 0.51
5 29 4.45
5 30 6.19
5 31 6.72
5 32 0.03
5 33 8.92
5 34 8.25
5 35 2.35
5 36 9.10
5 37 9.73
5 38 3.71
5 39 0.41
5 40 3.18
5 41 6.16
5 42 1.76
5 43 0.98
5 44 9.68
5 45 4.12
5 46 3.07
5 47 5.10
5 48 6.68
5 49 7.11
5 50 7.28
5 51 7.20
5 52 2.73
5 53 0.73
5 54 4.11
5 55 2.63
5 56 5.00
5 57 5.34
5 58 8.98
5 59 7.16
5 60 7.72
5 61 8.44
5 62 2.69
5 63 9.53
5 64 5.27
5 65 0.11
5 66 1.12
5 67 1.21
5 68 8.30
5 69 3.58
5 70 3.26
5 71 1.37
5 72 7.43
5 73 2.83
5 74 8.83
5 75 3.67
5 76 7.56
5 77 3.85
5 78 3.32
5 79 8.43
5 80 5.83
5 81 1.42
5 82 9.41
5 83 9.13
5 84 6.39
5 85 1.57
5 86 8.14
5 87 7.81
5 88 1.70
5 89 8.10
5 90 7.58
5 91 5.29
5 92 7.65
5 93 7.83
5 94 9.62
5 95 2.08
5 96 9.77
5 97 0.79
5 98 7.46
5 99 0.89
6 7 6.53
6 8 5.84
6 9 6.95
6 10 3.20
6 11 7.93
6 12 1.74
6 13 8.62
6 14 1.10
6 15 5.64
6 16 1.20
6 17 9.56
6 18 6.72
6 19 7.86
6 20 8.35
6 21 5.82
6 22 1.42
6 23 7.59
6 24 3.74
6 25 9.39
6 26 5.53
6 27 4.66
6 28 1.80
6 29 2.01
6 30 5.54
6 31 8.59
6 32 2.21
6 33 5.04
6 34 0.61
6 35 6.95
6 36 5.82
6 37 5.87
6 38 0.35
6 39 6.76
6 40 9.34
6 41 8.66
6 42 7.51
6 43 7.94
6 44 1.49
6 45 3.43
6 46 2.37
6 47 6.28
6 48 9.33
6 49 8.71
6 50 2.97
6 51 7.04
6 52 6.03
6 53 1.31
6 54 7.28
6 55 7.80
6 56 4.22
6 57 0.77
6 58 2.64
6 59 8.84
6 60 1.66
6 61 8.99
6 62 7.27
6 63 2.64
6 64 0.42
6 65 9.03
6 66 5.25
6 67 7.39
6 68 3.36
6 69 0.46
6 70 1.22
6 71 0.48
6 72 1.35
6 73 4.87
6 74 4.40
6 75 2.40
6 76 7.28
6 77 0.10
6 78 1.56
6 79 0.88
6 80 8.67
6 81 5.32
6 82 4.30
6 83 7.21
6 84 9.24
6 85 3.99
6 86 0.67
6 87 9.40
6 88 5.50
6 89 6.54
6 90 10.00
6 91 4.41
6 92 8.31
6 93 3.28
6 94 7.54
6 95 1.63
6 96 8.88
6 97 8.82
6 98 7.22
6 99 3.53
7 8 8.32
7 9 9.95
7 10 9.26
7 11 6.57
7 12 9.82
7 13 3.31
7 14 6.33
7 15 3.39
7 16 9.43
7 17 5.84
7 18 5.83
7 19 7.00
7 20 7.97
7 21 1.24
7 22 0.77
7 23 4.18
7 24 8.43
7 25 2.74
7 26 7.35
7 27 0.27
7 28 5.57
7 29 2.49
7 30 6.39
7 31 2.33
7 32 8.95
7 33 2.62
7 34 3.80
7 35 8.49
7 36 7.39
7 37 7.28
7 38 5.19
7 39 5.60
7 40 8.53
7 41 7.76
7 42 1.87
7 43 1.56
7 44 4.98
7 45 5.39
7 46 8.20
7 47 9.37
7 48 9.82
7 49 4.66
7 50 9.29
7 51 9.47
7 52 9.52
7 53 8.87
7 54 8.07
7 55 3.10
7 56 8.08
7 57 6.23
7 58 8.27
7 59 4.31
7 60 2.17
7 61 4.59
7 62 4.15
7 63 7.01
7 64 6.93
7 65 1.42
7 66 4.92
7 67 1.27
7 68 3.55
7 69 3.26
7 70 8.85
7 71 2.89
7 72 9.76
7 73 4.00
7 74 2.11
7 75 5.64
7 76 5.54
7 77 6.77
7 78 9.03
7 79 5.62
7 80 9.73
7 81 1.21
7 82 3.38
7 83 3.24
7 84 8.85
7 85 8.16
7 86 0.20
7 87 7.82
7 88 3.64
7 89 0.92
7 90 4.36
7 91 1.36
7 92 8.25
7 93 1.89
7 94 1.93
7 95 6.99
7 96 9.35
7 97 1.84
7 98 6.19
7 99 2.27
8 9 4.47
8 10 1.93
8 11 5.94
8 12 6.17
8 13 4.12
8 14 3.69
8 15 4.70
8 16 5.90
8 17 2.78
8 18 0.41
8 19 6.27
8 20 0.12
8 21 0.16
8 22 6.68
8 23 5.16
8 24 8.03
8 25 3.66
8 26 8.32
8 27 9.02
8 28 0.52
8 29 5.89
8 30 1.78
8 31 0.01
8 32 1.69
8 33 1.90
8 34 3.49
8 35 3.58
8 36 3.30
8 37 2.21
8 38 7.68
8 39 5.39
8 40 1.41
8 41 8.96
8 42 5.47
8 43 6.11
8 44 1.48
8 45 6.08
8 46 7.14
8 47 8.30
8 48 5.19
8 49 4.48
8 50 7.44
8 51 3.84
8 52 0.48
8 53 7.88
8 54 9.96
8 55 8.19
8 56 4.77
8 57 1.16
8 58 2.39
8 59 2.74
8 60 2.86
8 61 5.48
8 62 0.89
8 63 0.06
8 64 0.56
8 65 6.13
8 66 7.50
8 67 4.83
8 68 7.99
8 69 7.56
8 70 7.26
8 71 1.55
8 72 3.77
8 73 1.64
8 74 2.18
8 75 4.05
8 76 3.53
8 77 0.72
8 78 7.77
8 79 4.90
8 80 3.63
8 81 8.83
8 82 7.87
8 83 5.83
8 84 0.81
8 85 0.25
8 86 2.58
8 87 1.88
8 88 1.97
8 89 7.01
8 90 7.19
8 91 3.44
8 92 6.43
8 93 8.18
8 94 6.86
8 95 1.59
8 96 7.69
8 97 0.03
8 98 8.45
8 99 6.49
9 10 6.37
9 11 6.76
9 12 7.24
9 13 1.06
9 14 0.03
9 15 0.85
9 16 4.76
9 17 7.16
9 18 0.23
9 19 2.30
9 20 4.79
9 21 2.97
9 22 6.92
9 23 3.57
9 24 1.53
9 25 0.84
9 26 9.00
9 27 2.39
9 28 7.43
9 29 3.41
9 30 7.82
9 31 9.22
9 32 9.67
9 33 9.48
9 34 1.92
9 35 4.10
9 36 5.72
9 37 3.41
9 38 8.19
9 39 8.37
9 40 7.25
9 41 7.34
9 42 6.09
9 43 1.11
9 44 4.90
9 45 7.06
9 46 0.46
9 47 0.78
9 48 2.46
9 49 0.09
9 50 7.70
9 51 8.09
9 52 7.29
9 53 9.88
9 54 6.16
9 55 8.09
9 56 8.02
9 57 9.07
9 58 5.47
9 59 1.47
9 60 9.65
9 61 6.65
9 62 2.48
9 63 2.41
9 64 9.79
9 65 3.65
9 66 5.54
9 67 4.02
9 68 5.50
9 69 7.55
9 70 7.89
9 71 2.56
9 72 2.55
9 73 2.16
9 74 3.14
9 75 1.22
9 76 8.00
9 77 6.56
9 78 2.20
9 79 9.40
9 80 6.24
9 81 5.50
9 82 3.54
9 83 6.39
9 84 3.14
9 85 5.14
9 86 8.65
9 87 5.62
9 88 1.84
9 89 5.41
9 90 4.95
9 91 6.46
9 92 7.16
9 93 7.25
9 94 0.25
9 95 8.45
9 96 9.04
9 97 3.85
9 98 3.48
9 99 7.50
10 11 8.77
10 12 3.53
10 13 5.71
10 14 9.81
10 15 4.58
10 16 0.44
10 17 9.10
10 18 2.78
10 19 8.71
10 20 0.40
10 21 7.32
10 22 2.92
10 23 1.03
10 24 3.93
10 25 7.09
10 26 7.50
10 27 4.18
10 28 7.93
10 29 6.91
10 30 6.36
10 31 2.61
10 32 1.66
10 33 7.87
10 34 6.03
10 35 1.31
10 36 7.72
10 37 5.27
10 38 1.39
10 39 2.20
10 40 4.32
10 41 1.71
10 42 1.56
10 43 9.25
10 44 7.78
10 45 1.41
10 46 4.01
10 47 5.66
10 48 5.56
10 49 3.22
10 50 0.74
10 51 9.85
10 52 5.46
10 53 1.04
10 54 0.44
10 55 3.03
10 56 4.58
10 57 9.67
10 58 0.46
10 59 6.48
10 60 6.31
10 61 4.50
10 62 1.16
10 63 9.45
10 64 7.42
10 65 1.72
10 66 8.33
10 67 3.57
10 68 2.12
10 69 1.56
10 70 5.92
10 71 9.41
10 72 7.25
10 73 0.34
10 74 1.56
10 75 9.01
10 76 7.45
10 77 4.88
10 78 1.66
10 79 6.65
10 80 4.25
10 81 2.20
10 82 4.41
10 83 6.44
10 84 9.50
10 85 9.42
10 86 4.32
10 87 0.78
10 88 5.11
10 89 3.18
10 90 9.77
10 91 2.08
10 92 2.76
10 93 9.74
10 94 9.49
10 95 7.76
10 96 3.44
10 97 0.24
10 98 9.48
10 99 7.41
11 12 1.22
11 13 8.54
11 14 8.88
11 15 6.09
11 16 6.09
11 17 3.68
11 18 2.06
11 19 1.06
11 20 9.63
11 21 0.72
11 22 5.56
11 23 2.94
11 24 6.92
11 25 0.18
11 26 2.38
11 27 0.14
11 28 8.37
11 29 5.34
11 30 4.35
11 31 4.24
11 32 8.02
11 33 9.59
11 34 1.21
11 35 0.19
11 36 6.98
11 37 3.48
11 38 3.37
11 39 7.65
11 40 6.93
11 41 1.25
11 42 9.22
11 43 2.94
11 44 5.74
11 45 8.24
11 46 3.77
11 47 8.82
11 48 3.03
11 49 9.15
11 50 9.42
11 51 2.66
11 52 4.26
11 53 9.94
11 54 5.48
11 55 6.90
11 56 8.53
11 57 4.19
11 58 3.65
11 59 6.69
11 60 5.11
11 61 8.30
11 62 0.91
11 63 4.91
11 64 1.17
11 65 7.12
11 66 2.12
11 67 5.34
11 68 1.50
11 69 2.90
11 70 0.95
11 71 4.57
11 72 2.82
11 73 9.74
11 74 0.05
11 75 6.65
11 76 7.00
11 77 7.04
11 78 8.38
11 79 1.95
11 80 5.52
11 81 8.90
11 82 6.24
11 83 2.03
11 84 6.42
11 85 1.81
11 86 1.29
11 87 1.20
11 88 5.54
11 89 0.05
11 90 2.25
11 91 0.53
11 92 8.27
11 93 7.44
11 94 6.26
11 95 8.62
11 96 0.97
11 97 7.52
11 98 7.41
11 99 2.32
12 13 6.64
12 14 7.50
12 15 7.55
12 16 3.48
12 17 0.90
12 18 1.34
12 19 7.53
12 20 9.03
12 21 9.27
12 22 2.19
12 23 7.70
12 24 7.83
12 25 5.81
12 26 2.62
12 27 4.46
12 28 0.80
12 29 3.81
12 30 6.12
12 31 2.27
12 32 9.59
12 33 3.95
12 34 5.57
12 35 6.89
12 36 6.08
12 37 0.55
12 38 6.71
12 39 2.86
12 40 7.21
12 41 8.20
12 42 7.92
12 43 8.65
12 44 3.84
12 45 6.05
12 46 7.45
12 47 8.35
12 48 3.32
12 49 4.98
12 50 4.61
12 51 8.96
12 52 8.52
12 53 0.68
12 54 7.37
12 55 2.65
12 56 3.07
12 57 5.60
12 58 5.73
12 59 6.07
12 60 7.73
12 61 5.56
12 62 3.41
12 63 4.77
12 64 1.68
12 65 8.49
12 66 5.18
12 67 8.31
12 68 3.32
12 69 0.48
12 70 6.97
12 71 7.33
12 72 6.83
12 73 7.68
12 74 8.30
12 75 9.14
12 76 2.80
12 77 3.51
12 78 8.20
12 79 4.64
12 80 5.05
12 81 5.80
12 82 7.94
12 83 9.18
12 84 0.61
12 85 4.00
12 86 3.29
12 87 2.65
12 88 0.84
12 89 9.81
12 90 1.43
12 91 8.92
12 92 1.83
12 93 0.20
12 94 3.36
12 95 6.80
12 96 1.73
12 97 3.02
12 98 4.55
12 99 8.15
13 14 6.79
13 15 6.02
13 16 3.43
13 17 4.21
13 18 4.26
13 19 7.49
13 20 1.04
13 21 8.11
13 22 0.71
13 23 9.35
13 24 9.22
13 25 6.96
13 26 1.91
13 27 7.32
13 28 1.42
13 29 4.45
13 30 7.05
13 31 9.80
13 32 9.57
13 33 2.54
13 34 6.71
13 35 8.50
13 36 1.64
13 37 5.91
13 38 7.88
13 39 8.02
13 40 7.80
13 41 1.93
13 42 9.16
13 43 9.63
13 44 0.91
13 45 8.64
13 46 6.16
13 47 6.60
13 48 8.76
13 49 1.39
13 50 4.28
13 51 6.22
13 52 7.82
13 53 8.40
13 54 2.78
13 55 9.64
13 56 0.86
13 57 8.49
13 58 4.57
13 59 3.50
13 60 5.69
13 61 4.66
13 62 6.64
13 63 8.51
13 64 2.05
13 65 5.10
13 66 2.18
13 67 1.98
13 68 1.95
13 69 3.01
13 70 4.66
13 71 2.23
13 72 6.84
13 73 1.83
13 74 4.54
13 75 4.24
13 76 2.54
13 77 6.70
13 78 2.79
13 79 1.70
13 80 5.17
13 81 8.96
13 82 1.93
13 83 9.65
13 84 0.54
13 85 0.04
13 86 2.48
13 87 6.47
13 88 6.83
13 89 2.60
13 90 8.91
13 91 6.00
13 92 0.64
13 93 9.35
13 94 9.18
13 95 8.77
13 96 4.09
13 97 1.21
13 98 3.54
13 99 3.94
14 15 2.46
14 16 6.38
14 17 2.27
14 18 3.83
14 19 3.78
14 20 1.20
14 21 6.73
14 22 7.14
14 23 5.45
14 24 5.75
14 25 1.82
14 26 6.27
14 27 3.88
14 28 8.64
14 29 7.36
14 30 6.46
14 31 4.98
14 32 8.07
14 33 6.79
14 34 5.71
14 35 9.68
14 36 5.03
14 37 5.37
14 38 1.00
14 39 2.50
14 40 6.13
14 41 2.96
14 42 8.50
14 43 6.60
14 44 4.07
14 45 6.06
14 46 0.95
14 47 6.58
14 48 8.40
14 49 4.51
14 50 2.92
14 51 2.63
14 52 9.21
14 53 2.61
14 54 5.34
14 55 0.69
14 56 7.47
14 57 3.21
14 58 1.80
14 59 7.97
14 60 5.73
14 61 1.24
14 62 0.00
14 63 6.77
14 64 4.08
14 65 2.01
14 66 7.59
14 67 4.06
14 68 2.28
14 69 0.19
14 70 3.18
14 71 1.45
14 72 7.08
14 73 8.23
14 74 7.33
14 75 8.23
14 76 3.35
14 77 0.11
14 78 8.53
14 79 6.04
14 80 4.73
14 81 7.78
14 82 5.14
14 83 4.66
14 84 9.00
14 85 5.00
14 86 3.76
14 87 6.11
14 88 2.47
14 89 2.75
14 90 3.86
14 91 4.33
14 92 0.71
14 93 4.66
14 94 9.84
14 95 4.73
14 96 3.20
14 97 4.41
14 98 1.08
14 99 3.16
15 16 8.40
15 17 4.79
15 18 4.26
15 19 9.11
15 20 8.65
15 21 3.09
15 22 2.89
15 23 4.80
15 24 4.23
15 25 0.92
15 26 7.08
15 27 2.29
15 28 0.55
15 29 5.37
15 30 4.08
15 31 4.60
15 32 0.88
15 33 4.70
15 34 8.21
15 35 0.05
15 36 8.43
15 37 8.65
15 38 5.09
15 39 8.25
15 40 8.19
15 41 4.27
15 42 8.68
15 43 9.74
15 44 1.93
15 45 0.40
15 46 4.78
15 47 5.45
15 48 2.84
15 49 2.59
15 50 0.84
15 51 5.64
15 52 1.67
15 53 9.42
15 54 9.60
15 55 2.82
15 56 9.12
15 57 5.45
15 58 6.88
15 59 1.71
15 60 7.83
15 61 8.09
15 62 3.42
15 63 4.96
15 64 3.31
15 65 3.37
15 66 6.67
15 67 8.24
15 68 8.99
15 69 8.56
15 70 1.59
15 71 4.01
15 72 6.28
15 73 1.71
15 74 2.93
15 75 5.31
15 76 8.96
15 77 9.34
15 78 9.28
15 79 0.74
15 80 4.04
15 81 3.48
15 82 0.20
15 83 2.91
15 84 0.70
15 85 4.22
15 86 1.45
15 87 1.66
15 88 2.88
15 89 3.31
15 90 5.76
15 91 5.85
15 92 7.21
15 93 0.66
15 94 2.96
15 95 2.02
15 96 7.47
15 97 9.79
15 98 2.89
15 99 9.54
16 17 3.70
16 18 7.40
16 19 5.42
16 20 3.71
16 21 7.66
16 22 5.46
16 23 9.52
16 24 9.09
16 25 7.53
16 26 4.69
16 27 5.81
16 28 4.26
16 29 1.53
16 30 4.49
16 31 8.72
16 32 8.24
16 33 4.62
16 34 8.56
16 35 9.91
16 36 3.32
16 37 4.55
16 38 5.73
16 39 5.57
16 40 3.25
16 41 1.57
16 42 2.06
16 43 4.76
16 44 0.50
16 45 4.38
16 46 2.18
16 47 4.87
16 48 1.77
16 49 6.95
16 50 3.32
16 51 0.71
16 52 5.51
16 53 2.76
16 54 7.20
16 55 4.46
16 56 3.26
16 57 3.25
16 58 0.65
16 59 8.56
16 60 0.50
16 61 7.04
16 62 5.42
16 63 0.99
16 64 1.85
16 65 9.11
16 66 8.53
16 67 6.42
16 68 6.56
16 69 1.24
16 70 0.82
16 71 1.78
16 72 2.53
16 73 3.12
16 74 7.28
16 75 3.81
16 76 5.80
16 77 5.73
16 78 6.11
16 79 9.70
16 80 3.18
16 81 5.09
16 82 1.96
16 83 4.90
16 84 6.99
16 85 2.78
16 86 7.70
16 87 8.68
16 88 1.82
16 89 7.86
16 90 2.06
16 91 4.80
16 92 8.77
16 93 8.71
16 94 7.08
16 95 7.77
16 96 5.29
16 97 2.13
16 98 9.55
16 99 9.64
17 18 9.89
17 19 2.43
17 20 0.76
17 21 8.23
17 22 7.57
17 23 5.37
17 24 0.96
17 25 6.77
17 26 8.41
17 27 1.00
17 28 3.93
17 29 3.75
17 30 2.98
17 31 6.24
17 32 6.31
17 33 0.32
17 34 2.45
17 35 1.01
17 36 1.48
17 37 6.34
17 38 4.17
17 39 3.10
17 40 2.49
17 41 6.00
17 42 7.67
17 43 6.53
17 44 1.87
17 45 8.56
17 46 7.56
17 47 6.76
17 48 0.33
17 49 7.99
17 50 0.51
17 51 9.46
17 52 5.24
17 53 0.68
17 54 3.72
17 55 2.76
17 56 2.84
17 57 2.73
17 58 0.26
17 59 4.07
17 60 5.31
17 61 6.48
17 62 2.11
17 63 5.49
17 64 5.82
17 65 0.04
17 66 1.30
17 67 2.31
17 68 6.71
17 69 5.59
17 70 8.39
17 71 3.83
17 72 8.54
17 73 9.80
17 74 6.41
17 75 0.59
17 76 9.58
17 77 0.09
17 78 9.37
17 79 0.92
17 80 2.73
17 81 4.32
17 82 3.57
17 83 5.58
17 84 8.91
17 85 9.06
17 86 9.93
17 87 8.80
17 88 8.89
17 89 2.97
17 90 2.58
17 91 6.13
17 92 5.50
17 93 9.96
17 94 5.89
17 95 4.44
17 96 1.75
17 97 9.54
17 98 2.09
17 99 1.22
18 19 6.00
18 20 0.19
18 21 3.13
18 22 8.24
18 23 2.14
18 24 0.75
18 25 0.01
18 26 9.87
18 27 3.64
18 28 3.03
18 29 7.41
18 30 1.77
18 31 5.22
18 32 4.56
18 33 2.77
18 34 1.37
18 35 0.49
18 36 2.20
18 37 8.18
18 38 5.39
18 39 8.50
18 40 9.52
18 41 4.84
18 42 8.54
18 43 1.95
18 44 0.19
18 45 6.58
18 46 0.92
18 47 6.70
18 48 1.77
18 49 0.97
18 50 2.07
18 51 3.12
18 52 3.80
18 53 8.75
18 54 7.20
18 55 9.00
18 56 9.82
18 57 4.91
18 58 9.89
18 59 1.83
18 60 2.30
18 61 2.39
18 62 0.93
18 63 1.21
18 64 8.32
18 65 0.88
18 66 9.72
18 67 6.38
18 68 9.04
18 69 4.13
18 70 8.99
18 71 7.63
18 72 0.22
18 73 6.77
18 74 0.09
18 75 9.28
18 76 7.90
18 77 1.17
18 78 5.87
18 79 9.14
18 80 6.81
18 81 4.02
18 82 6.51
18 83 9.15
18 84 0.87
18 85 5.09
18 86 3.59
18 87 3.51
18 88 0.85
18 89 1.15
18 90 5.36
18 91 0.05
18 92 8.64
18 93 9.53
18 94 1.23
18 95 0.63
18 96 8.68
18 97 8.36
18 98 4.43
18 99 4.03
19 20 4.47
19 21 8.54
19 22 7.77
19 23 2.68
19 24 4.85
19 25 2.04
19 26 2.81
19 27 9.72
19 28 9.93
19 29 5.39
19 30 8.75
19 31 2.75
19 32 2.27
19 33 6.42
19 34 5.80
19 35 7.97
19 36 7.56
19 37 1.16
19 38 5.60
19 39 7.39
19 40 4.27
19 41 1.70
19 42 1.96
19 43 2.24
19 44 2.39
19 45 1.09
19 46 8.03
19 47 7.39
19 48 3.16
19 49 7.37
19 50 3.41
19 51 7.81
19 52 5.58
19 53 7.21
19 54 2.81
19 55 1.85
19 56 9.49
19 57 2.44
19 58 2.54
19 59 9.01
19 60 2.88
19 61 3.36
19 62 9.00
19 63 3.42
19 64 8.93
19 65 9.71
19 66 0.52
19 67 4.81
19 68 8.67
19 69 1.21
19 70 8.06
19 71 5.52
19 72 3.76
19 73 3.46
19 74 1.60
19 75 1.03
19 76 8.67
19 77 1.50
19 78 6.41
19 79 6.65
19 80 3.79
19 81 8.96
19 82 9.22
19 83 7.28
19 84 5.26
19 85 2.35
19 86 0.71
19 87 5.66
19 88 3.69
19 89 3.67
19 90 6.16
19 91 9.03
19 92 9.04
19 93 4.40
19 94 5.57
19 95 5.10
19 96 8.79
19 97 6.32
19 98 8.93
19 99 1.26
20 21 5.32
20 22 6.40
20 23 8.46
20 24 7.47
20 25 7.00
20 26 3.98
20 27 5.40
20 28 5.01
20 29 4.37
20 30 1.15
20 31 9.79
20 32 7.43
20 33 9.41
20 34 1.27
20 35 2.21
20 36 6.00
20 37 7.78
20 38 6.90
20 39 3.95
20 40 0.24
20 41 4.72
20 42 2.26
20 43 6.11
20 44 0.48
20 45 0.44
20 46 4.55
20 47 0.09
20 48 1.37
20 49 0.46
20 50 2.70
20 51 3.39
20 52 9.76
20 53 4.80
20 54 7.51
20 55 1.33
20 56 5.25
20 57 4.78
20 58 4.53
20 59 6.31
20 60 9.19
20 61 3.09
20 62 5.53
20 63 4.94
20 64 3.29
20 65 2.30
20 66 2.71
20 67 3.90
20 68 0.60
20 69 9.32
20 70 0.12
20 71 4.75
20 72 5.88
20 73 2.26
20 74 4.08
20 75 3.21
20 76 4.74
20 77 8.25
20 78 2.79
20 79 1.15
20 80 6.44
20 81 8.63
20 82 1.47
20 83 4.79
20 84 6.82
20 85 3.71
20 86 7.79
20 87 4.08
20 88 9.05
20 89 1.80
20 90 0.17
20 91 3.27
20 92 9.17
20 93 6.96
20 94 6.83
20 95 9.09
20 96 2.54
20 97 2.81
20 98 5.46
20 99 9.28
21 22 1.93
21 23 1.27
21 24 9.50
21 25 2.44
21 26 3.28
21 27 5.68
21 28 5.66
21 29 1.09
21 30 9.84
21 31 2.58
21 32 6.56
21 33 7.45
21 34 5.65
21 35 5.90
21 36 0.91
21 37 8.51
21 38 2.58
21 39 8.72
21 40 6.60
21 41 1.32
21 42 8.64
21 43 5.89
21 44 5.84
21 45 9.56
21 46 0.43
21 47 7.94
21 48 9.38
21 49 5.62
21 50 8.10
21 51 6.87
21 52 2.83
21 53 6.61
21 54 5.73
21 55 7.03
21 56 5.60
21 57 7.28
21 58 6.75
21 59 1.51
21 60 8.53
21 61 9.34
21 62 9.97
21 63 6.62
21 64 3.48
21 65 2.67
21 66 9.34
21 67 7.82
21 68 1.65
21 69 1.18
21 70 0.48
21 71 1.23
21 72 2.37
21 73 7.69
21 74 2.25
21 75 2.38
21 76 5.39
21 77 4.96
21 78 7.80
21 79 3.37
21 80 3.58
21 81 2.42
21 82 5.48
21 83 5.35
21 84 1.57
21 85 2.64
21 86 0.57
21 87 8.19
21 88 8.45
21 89 7.12
21 90 2.90
21 91 1.19
21 92 3.17
21 93 1.59
21 94 2.30
21 95 6.61
21 96 8.78
21 97 3.01
21 98 7.75
21 99 9.35
22 23 6.84
22 24 1.01
22 25 8.76
22 26 6.49
22 27 9.57
22 28 6.46
22 29 8.22
22 30 9.23
22 31 3.01
22 32 7.20
22 33 9.38
22 34 3.00
22 35 2.40
22 36 2.53
22 37 6.81
22 38 3.07
22 39 6.03
22 40 0.61
22 41 4.72
22 42 6.49
22 43 2.08
22 44 1.51
22 45 4.63
22 46 7.35
22 47 0.68
22 48 2.52
22 49 4.22
22 50 5.83
22 51 4.64
22 52 1.36
22 53 8.64
22 54 5.11
22 55 1.54
22 56 4.46
22 57 5.63
22 58 3.92
22 59 2.61
22 60 6.17
22 61 1.47
22 62 3.91
22 63 9.77
22 64 8.89
22 65 1.29
22 66 6.24
22 67 9.81
22 68 3.70
22 69 1.25
22 70 4.55
22 71 5.65
22 72 5.27
22 73 6.96
22 74 0.25
22 75 4.58
22 76 3.01
22 77 1.57
22 78 7.09
22 79 5.47
22 80 4.56
22 81 8.91
22 82 6.49
22 83 1.89
22 84 4.23
22 85 7.20
22 86 8.70
22 87 2.95
22 88 6.80
22 89 3.75
22 90 9.36
22 91 8.22
22 92 6.32
22 93 5.75
22 94 1.46
22 95 6.44
22 96 4.04
22 97 2.25
22 98 1.31
22 99 8.83
23 24 4.83
23 25 9.28
23 26 5.70
23 27 6.12
23 28 6.77
23 29 6.16
23 30 4.67
23 31 3.64
23 32 1.02
23 33 2.39
23 34 1.21
23 35 9.39
23 36 5.22
23 37 0.41
23 38 2.83
23 39 3.96
23 40 6.48
23 41 3.09
23 42 0.41
23 43 0.68
23 44 7.40
23 45 8.72
23 46 2.54
23 47 1.78
23 48 7.59
23 49 1.85
23 50 2.52
23 51 0.92
23 52 3.30
23 53 7.16
23 54 9.86
23 55 1.52
23 56 4.51
23 57 2.25
23 58 8.56
23 59 6.04
23 60 5.83
23 61 6.39
23 62 6.13
23 63 5.93
23 64 3.59
23 65 6.50
23 66 4.00
23 67 8.82
23 68 3.41
23 69 2.98
23 70 4.26
23 71 6.57
23 72 1.76
23 73 3.21
23 74 9.84
23 75 9.28
23 76 1.88
23 77 8.04
23 78 6.70
23 79 2.27
23 80 1.51
23 81 9.29
23 82 6.92
23 83 9.33
23 84 6.22
23 85 8.67
23 86 1.15
23 87 7.47
23 88 2.61
23 89 3.73
23 90 0.55
23 91 5.90
23 92 8.47
23 93 6.84
23 94 8.07
23 95 1.20
23 96 0.62
23 97 5.61
23 98 1.65
23 99 7.71
24 25 4.64
24 26 8.00
24 27 8.47
24 28 6.45
24 29 4.83
24 30 8.23
24 31 10.00
24 32 2.23
24 33 7.23
24 34 3.94
24 35 9.66
24 36 9.54
24 37 4.86
24 38 9.80
24 39 4.08
24 40 5.26
24 41 4.39
24 42 4.49
24 43 2.69
24 44 0.00
24 45 9.43
24 46 9.04
24 47 1.86
24 48 7.35
24 49 1.27
24 50 6.17
24 51 1.70
24 52 8.19
24 53 5.84
24 54 4.43
24 55 4.71
24 56 6.22
24 57 1.27
24 58 9.81
24 59 0.02
24 60 1.40
24 61 8.32
24 62 3.12
24 63 8.28
24 64 8.77
24 65 7.16
24 66 8.94
24 67 2.57
24 68 4.50
24 69 3.92
24 70 8.82
24 71 8.55
24 72 3.73
24 73 4.07
24 74 6.27
24 75 5.56
24 76 5.20
24 77 6.69
24 78 9.51
24 79 4.46
24 80 5.41
24 81 9.96
24 82 7.01
24 83 8.30
24 84 2.90
24 85 4.63
24 86 1.74
24 87 1.90
24 88 0.33
24 89 2.30
24 90 9.94
24 91 8.11
24 92 4.60
24 93 4.98
24 94 9.86
24 95 3.21
24 96 6.75
24 97 3.23
24 98 9.74
24 99 5.92
25 26 6.22
25 27 2.86
25 28 6.16
25 29 4.80
25 30 4.54
25 31 3.24
25 32 2.54
25 33 2.13
25 34 2.53
25 35 6.07
25 36 6.95
25 37 7.85
25 38 4.57
25 39 3.53
25 40 4.13
25 41 3.44
25 42 5.64
25 43 9.87
25 44 8.65
25 45 1.79
25 46 8.20
25 47 4.17
25 48 6.36
25 49 9.58
25 50 1.33
25 51 5.92
25 52 4.15
25 53 4.67
25 54 7.20
25 55 6.81
25 56 1.24
25 57 5.60
25 58 6.89
25 59 7.93
25 60 9.67
25 61 6.69
25 62 7.27
25 63 1.78
25 64 7.28
25 65 7.93
25 66 9.71
25 67 9.21
25 68 0.52
25 69 7.45
25 70 6.38
25 71 7.30
25 72 6.84
25 73 8.80
25 74 9.53
25 75 7.26
25 76 8.18
25 77 3.32
25 78 5.00
25 79 3.35
25 80 9.44
25 81 8.86
25 82 6.72
25 83 4.95
25 84 4.36
25 85 7.46
25 86 5.22
25 87 0.79
25 88 5.12
25 89 6.57
25 90 3.79
25 91 0.00
25 92 4.63
25 93 5.40
25 94 3.88
25 95 3.31
25 96 9.50
25 97 9.14
25 98 8.57
25 99 0.50
26 27 4.34
26 28 7.46
26 29 9.90
26 30 8.37
26 31 3.04
26 32 4.12
26 33 4.57
26 34 2.87
26 35 7.44
26 36 7.96
26 37 7.37
26 38 0.98
26 39 9.06
26 40 6.40
26 41 6.65
26 42 8.09
26 43 5.58
26 44 1.05
26 45 0.97
26 46 6.42
26 47 7.68
26 48 0.40
26 49 5.87
26 50 2.64
26 51 0.49
26 52 2.68
26 53 6.40
26 54 1.16
26 55 2.13
26 56 9.77
26 57 1.38
26 58 7.24
26 59 3.48
26 60 0.45
26 61 1.92
26 62 3.21
26 63 0.30
26 64 8.48
26 65 1.01
26 66 3.34
26 67 5.75
26 68 3.76
26 69 0.43
26 70 7.79
26 71 0.06
26 72 3.92
26 73 8.59
26 74 7.23
26 75 4.75
26 76 0.47
26 77 4.85
26 78 7.83
26 79 6.04
26 80 1.24
26 81 8.33
26 82 6.39
26 83 2.33
26 84 0.06
26 85 2.01
26 86 8.51
26 87 5.95
26 88 9.52
26 89 2.79
26 90 7.64
26 91 0.07
26 92 6.92
26 93 3.50
26 94 6.56
26 95 2.87
26 96 3.32
26 97 4.75
26 98 4.38
26 99 8.01
27 28 3.23
27 29 4.70
27 30 7.31
27 31 8.98
27 32 0.63
27 33 3.13
27 34 0.07
27 35 8.11
27 36 2.70
27 37 8.11
27 38 2.51
27 39 2.74
27 40 2.62
27 41 4.78
27 42 3.95
27 43 9.60
27 44 3.26
27 45 0.04
27 46 6.44
27 47 8.51
27 48 6.25
27 49 1.81
27 50 6.74
27 51 4.31
27 52 2.35
27 53 2.57
27 54 1.22
27 55 8.54
27 56 8.46
27 57 2.25
27 58 0.11
27 59 8.88
27 60 4.54
27 61 7.87
27 62 8.49
27 63 1.02
27 64 6.34
27 65 7.82
27 66 6.46
27 67 1.27
27 68 9.52
27 69 5.54
27 70 6.11
27 71 9.08
27 72 0.53
27 73 6.54
27 74 0.33
27 75 6.68
27 76 3.43
27 77 1.64
27 78 0.93
27 79 5.33
27 80 3.53
27 81 9.06
27 82 5.66
27 83 7.72
27 84 0.38
27 85 0.13
27 86 1.84
27 87 8.53
27 88 4.95
27 89 9.98
27 90 2.25
27 91 0.47
27 92 0.71
27 93 6.16
27 94 6.35
27 95 3.52
27 96 5.86
27 97 1.02
27 98 2.98
27 99 3.58
28 29 9.31
28 30 4.47
28 31 4.23
28 32 1.21
28 33 9.37
28 34 1.34
28 35 4.16
28 36 9.72
28 37 9.76
28 38 4.05
28 39 6.12
28 40 4.59
28 41 4.07
28 42 0.50
28 43 7.59
28 44 5.49
28 45 3.49
28 46 8.75
28 47 9.51
28 48 7.48
28 49 8.03
28 50 2.54
28 51 8.58
28 52 4.14
28 53 6.78
28 54 1.62
28 55 8.61
28 56 7.59
28 57 5.57
28 58 6.54
28 59 7.09
28 60 0.32
28 61 3.97
28 62 2.40
28 63 3.91
28 64 2.60
28 65 1.31
28 66 2.62
28 67 7.93
28 68 9.50
28 69 8.83
28 70 0.50
28 71 2.23
28 72 7.89
28 73 2.56
28 74 7.27
28 75 3.05
28 76 1.72
28 77 1.15
28 78 5.81
28 79 5.31
28 80 5.52
28 81 7.00
28 82 7.68
28 83 6.95
28 84 5.02
28 85 5.70
28 86 9.72
28 87 3.45
28 88 0.23
28 89 6.83
28 90 4.54
28 91 6.73
28 92 5.04
28 93 5.33
28 94 5.42
28 95 0.90
28 96 9.50
28 97 5.76
28 98 0.08
28 99 8.01
29 30 7.88
29 31 8.76
29 32 4.02
29 33 7.77
29 34 0.15
29 35 3.85
29 36 3.39
29 37 5.30
29 38 7.04
29 39 8.34
29 40 0.08
29 41 0.38
29 42 4.50
29 43 0.28
29 44 2.10
29 45 4.46
29 46 1.91
29 47 1.99
29 48 9.18
29 49 6.05
29 50 4.97
29 51 2.85
29 52 8.46
29 53 5.58
29 54 8.06
29 55 5.48
29 56 3.07
29 57 3.93
29 58 3.30
29 59 2.76
29 60 0.15
29 61 5.35
29 62 3.02
29 63 7.76
29 64 3.91
29 65 6.18
29 66 7.29
29 67 5.22
29 68 4.99
29 69 8.35
29 70 9.71
29 71 8.30
29 72 7.00
29 73 5.71
29 74 3.71
29 75 8.93
29 76 2.95
29 77 9.17
29 78 8.30
29 79 8.78
29 80 8.31
29 81 6.87
29 82 1.05
29 83 2.72
29 84 5.25
29 85 2.85
29 86 6.73
29 87 3.11
29 88 1.40
29 89 1.22
29 90 7.80
29 91 4.63
29 92 7.52
29 93 5.64
29 94 2.84
29 95 6.05
29 96 1.63
29 97 2.27
29 98 0.42
29 99 0.55
30 31 0.38
30 32 4.59
30 33 9.35
30 34 1.73
30 35 4.00
30 36 5.32
30 37 1.48
30 38 2.34
30 39 5.24
30 40 3.77
30 41 8.59
30 42 5.95
30 43 4.64
30 44 7.29
30 45 0.62
30 46 7.36
30 47 0.17
30 48 8.02
30 49 2.16
30 50 3.31
30 51 5.75
30 52 7.98
30 53 7.28
30 54 0.65
30 55 1.91
30 56 1.94
30 57 3.88
30 58 0.48
30 59 6.35
30 60 6.53
30 61 7.16
30 62 9.10
30 63 9.06
30 64 7.25
30 65 5.60
30 66 5.54
30 67 8.02
30 68 1.48
30 69 1.42
30 70 0.39
30 71 3.39
30 72 6.26
30 73 8.01
30 74 5.28
30 75 8.80
30 76 2.96
30 77 9.25
30 78 2.72
30 79 2.98
30 80 6.62
30 81 3.72
30 82 4.05
30 83 8.62
30 84 5.08
30 85 8.25
30 86 1.07
30 87 2.93
30 88 5.45
30 89 3.08
30 90 2.72
30 91 1.34
30 92 2.29
30 93 8.31
30 94 5.16
30 95 9.82
30 96 7.12
30 97 9.38
30 98 7.71
30 99 9.78
31 32 9.71
31 33 3.39
31 34 8.76
31 35 3.78
31 36 5.90
31 37 8.37
31 38 3.04
31 39 4.81
31 40 5.61
31 41 8.78
31 42 1.37
31 43 1.01
31 44 0.60
31 45 7.19
31 46 6.79
31 47 0.70
31 48 0.86
31 49 1.73
31 50 7.00
31 51 7.43
31 52 0.98
31 53 8.88
31 54 2.22
31 55 1.37
31 56 0.71
31 57 8.51
31 58 3.18
31 59 0.70
31 60 6.02
31 61 0.75
31 62 8.28
31 63 0.44
31 64 5.96
31 65 5.52
31 66 8.00
31 67 6.55
31 68 4.37
31 69 5.35
31 70 5.67
31 71 2.35
31 72 7.48
31 73 6.05
31 74 1.92
31 75 7.94
31 76 8.32
31 77 6.44
31 78 1.85
31 79 9.43
31 80 6.98
31 81 8.43
31 82 8.98
31 83 2.95
31 84 7.87
31 85 8.17
31 86 5.47
31 87 4.49
31 88 0.96
31 89 8.07
31 90 1.52
31 91 5.84
31 92 4.59
31 93 8.64
31 94 4.79
31 95 1.57
31 96 9.16
31 97 8.21
31 98 7.38
31 99 7.31
32 33 4.53
32 34 3.05
32 35 2.74
32 36 7.58
32 37 1.85
32 38 1.41
32 39 8.53
32 40 6.83
32 41 8.01
32 42 7.27
32 43 1.69
32 44 1.51
32 45 6.28
32 46 7.46
32 47 5.81
32 48 7.75
32 49 7.91
32 50 0.88
32 51 8.10
32 52 6.97
32 53 7.79
32 54 4.43
32 55 3.21
32 56 9.86
32 57 3.78
32 58 7.54
32 59 2.92
32 60 7.47
32 61 3.51
32 62 6.90
32 63 6.86
32 64 2.81
32 65 0.49
32 66 4.98
32 67 0.56
32 68 5.17
32 69 9.24
32 70 2.23
32 71 0.80
32 72 6.20
32 73 5.92
32 74 6.89
32 75 9.60
32 76 6.47
32 77 2.20
32 78 6.50
32 79 4.25
32 80 6.30
32 81 2.78
32 82 1.80
32 83 6.38
32 84 1.39
32 85 4.34
32 86 2.67
32 87 6.95
32 88 1.14
32 89 5.77
32 90 2.93
32 91 0.45
32 92 6.03
32 93 9.37
32 94 3.92
32 95 8.11
32 96 2.44
32 97 7.41
32 98 5.85
32 99 9.36
33 34 2.56
33 35 7.96
33 36 0.20
33 37 7.62
33 38 3.46
33 39 8.77
33 40 3.62
33 41 6.77
33 42 2.63
33 43 9.56
33 44 1.89
33 45 3.23
33 46 8.94
33 47 3.94
33 48 9.05
33 49 3.47
33 50 7.96
33 51 7.33
33 52 6.77
33 53 4.36
33 54 8.87
33 55 2.30
33 56 3.31
33 57 8.85
33 58 8.32
33 59 9.09
33 60 1.84
33 61 1.89
33 62 9.55
33 63 3.87
33 64 8.26
33 65 8.93
33 66 6.02
33 67 5.44
33 68 8.13
33 69 6.72
33 70 6.48
33 71 9.53
33 72 8.34
33 73 3.40
33 74 4.72
33 75 4.63
33 76 1.62
33 77 2.32
33 78 9.33
33 79 7.23
33 80 9.57
33 81 3.74
33 82 3.11
33 83 7.44
33 84 6.22
33 85 1.37
33 86 0.69
33 87 3.94
33 88 5.45
33 89 3.51
33 90 4.27
33 91 3.64
33 92 4.74
33 93 7.60
33 94 2.64
33 95 6.69
33 96 6.81
33 97 7.02
33 98 9.91
33 99 9.20
34 35 5.26
34 36 6.11
34 37 7.71
34 38 8.55
34 39 0.94
34 40 4.50
34 41 1.14
34 42 1.44
34 43 8.57
34 44 5.02
34 45 5.05
34 46 2.32
34 47 1.70
34 48 5.93
34 49 2.39
34 50 5.10
34 51 5.59
34 52 3.22
34 53 7.44
34 54 8.21
34 55 9.63
34 56 7.27
34 57 8.31
34 58 2.65
34 59 3.01
34 60 4.80
34 61 5.89
34 62 0.18
34 63 9.01
34 64 3.22
34 65 2.05
34 66 6.18
34 67 6.61
34 68 5.91
34 69 3.51
34 70 2.51
34 71 4.58
34 72 9.26
34 73 8.53
34 74 3.77
34 75 8.58
34 76 8.15
34 77 6.94
34 78 3.49
34 79 8.03
34 80 0.14
34 81 6.92
34 82 7.66
34 83 6.53
34 84 5.59
34 85 3.49
34 86 5.46
34 87 7.26
34 88 2.03
34 89 5.52
34 90 6.37
34 91 6.51
34 92 5.79
34 93 1.25
34 94 2.29
34 95 5.17
34 96 2.24
34 97 6.65
34 98 9.20
34 99 8.45
35 36 9.47
35 37 1.94
35 38 4.18
35 39 2.27
35 40 8.36
35 41 6.01
35 42 6.14
35 43 6.18
35 44 2.61
35 45 5.51
35 46 2.96
35 47 8.52
35 48 3.30
35 49 1.16
35 50 2.59
35 51 8.61
35 52 1.05
35 53 5.77
35 54 4.41
35 55 5.96
35 56 8.17
35 57 4.05
35 58 8.71
35 59 2.33
35 60 7.29
35 61 2.82
35 62 3.34
35 63 6.33
35 64 4.15
35 65 5.70
35 66 6.66
35 67 6.78
35 68 2.20
35 69 7.49
35 70 5.94
35 71 4.59
35 72 7.80
35 73 9.01
35 74 5.39
35 75 7.52
35 76 4.19
35 77 7.66
35 78 1.68
35 79 0.87
35 80 7.59
35 81 2.71
35 82 1.26
35 83 5.12
35 84 3.49
35 85 9.17
35 86 7.42
35 87 3.37
35 88 6.66
35 89 7.84
35 90 9.42
35 91 6.77
35 92 3.12
35 93 7.35
35 94 9.76
35 95 7.80
35 96 7.13
35 97 2.56
35 98 6.61
35 99 5.96
36 37 8.93
36 38 9.65
36 39 3.33
36 40 4.54
36 41 7.98
36 42 7.12
36 43 0.11
36 44 5.81
36 45 0.72
36 46 8.89
36 47 6.78
36 48 6.82
36 49 7.10
36 50 9.84
36 51 4.56
36 52 3.83
36 53 4.87
36 54 5.02
36 55 0.37
36 56 6.74
36 57 3.21
36 58 8.03
36 59 5.04
36 60 6.06
36 61 5.06
36 62 3.07
36 63 5.90
36 64 0.40
36 65 8.30
36 66 0.66
36 67 4.57
36 68 9.58
36 69 7.36
36 70 1.21
36 71 7.62
36 72 4.07
36 73 9.94
36 74 1.09
36 75 9.11
36 76 4.18
36 77 1.84
36 78 2.21
36 79 7.11
36 80 4.85
36 81 0.07
36 82 3.44
36 83 1.40
36 84 3.57
36 85 4.70
36 86 6.21
36 87 5.08
36 88 4.59
36 89 4.16
36 90 8.25
36 91 7.88
36 92 4.17
36 93 2.99
36 94 1.94
36 95 7.61
36 96 5.43
36 97 6.02
36 98 8.38
36 99 5.92
37 38 9.48
37 39 9.73
37 40 1.92
37 41 4.74
37 42 8.11
37 43 9.24
37 44 8.64
37 45 2.73
37 46 6.76
37 47 2.44
37 48 5.21
37 49 1.30
37 50 5.10
37 51 0.28
37 52 5.17
37 53 9.90
37 54 7.33
37 55 2.35
37 56 9.72
37 57 6.35
37 58 8.98
37 59 8.61
37 60 6.50
37 61 9.39
37 62 2.49
37 63 8.22
37 64 1.55
37 65 4.56
37 66 5.89
37 67 0.37
37 68 9.21
37 69 6.98
37 70 4.03
37 71 5.30
37 72 0.28
37 73 5.46
37 74 3.48
37 75 7.92
37 76 9.47
37 77 6.24
37 78 0.09
37 79 5.19
37 80 6.28
37 81 0.71
37 82 5.61
37 83 1.12
37 84 1.28
37 85 0.77
37 86 8.93
37 87 9.84
37 88 4.00
37 89 8.05
37 90 0.31
37 91 3.31
37 92 7.72
37 93 6.91
37 94 7.48
37 95 3.53
37 96 3.00
37 97 0.30
37 98 2.28
37 99 2.77
38 39 3.61
38 40 7.94
38 41 7.38
38 42 9.98
38 43 9.06
38 44 1.10
38 45 8.50
38 46 6.76
38 47 0.84
38 48 5.18
38 49 5.04
38 50 7.57
38 51 5.59
38 52 7.23
38 53 0.90
38 54 3.13
38 55 8.37
38 56 9.59
38 57 4.28
38 58 3.46
38 59 4.07
38 60 3.98
38 61 6.87
38 62 7.25
38 63 1.01
38 64 5.59
38 65 0.48
38 66 7.21
38 67 1.51
38 68 1.29
38 69 9.16
38 70 4.73
38 71 5.84
38 72 0.61
38 73 9.04
38 74 5.71
38 75 2.58
38 76 6.78
38 77 3.72
38 78 2.65
38 79 2.28
38 80 8.78
38 81 6.08
38 82 2.47
38 83 2.26
38 84 7.92
38 85 8.87
38 86 5.95
38 87 1.86
38 88 3.51
38 89 6.71
38 90 5.16
38 91 4.98
38 92 4.89
38 93 6.72
38 94 1.10
38 95 8.89
38 96 0.79
38 97 4.00
38 98 2.53
38 99 4.18
39 40 7.68
39 41 1.54
39 42 3.99
39 43 9.80
39 44 8.59
39 45 4.44
39 46 2.25
39 47 9.34
39 48 9.74
39 49 1.39
39 50 2.31
39 51 6.67
39 52 7.56
39 53 0.31
39 54 3.63
39 55 7.50
39 56 3.31
39 57 7.62
39 58 3.07
39 59 7.23
39 60 7.07
39 61 3.45
39 62 4.97
39 63 2.79
39 64 3.96
39 65 9.10
39 66 9.68
39 67 6.60
39 68 4.08
39 69 3.90
39 70 4.98
39 71 2.29
39 72 9.15
39 73 2.46
39 74 4.47
39 75 6.80
39 76 4.26
39 77 2.69
39 78 6.50
39 79 3.39
39 80 0.03
39 81 6.12
39 82 2.46
39 83 2.44
39 84 7.76
39 85 0.50
39 86 3.83
39 87 5.69
39 88 5.11
39 89 1.67
39 90 1.29
39 91 7.28
39 92 5.69
39 93 4.26
39 94 7.21
39 95 7.96
39 96 5.07
39 97 3.47
39 98 4.80
39 99 9.55
40 41 1.28
40 42 3.32
40 43 1.48
40 44 7.98
40 45 8.05
40 46 0.24
40 47 3.31
40 48 7.51
40 49 1.90
40 50 6.04
40 51 6.24
40 52 8.83
40 53 3.37
40 54 0.90
40 55 8.68
40 56 3.32
40 57 7.17
40 58 9.08
40 59 1.91
40 60 9.31
40 61 2.55
40 62 9.66
40 63 1.39
40 64 2.60
40 65 7.01
40 66 3.78
40 67 7.33
40 68 7.84
40 69 2.56
40 70 9.97
40 71 1.56
40 72 3.44
40 73 5.69
40 74 8.78
40 75 1.64
40 76 1.90
40 77 3.22
40 78 3.64
40 79 1.21
40 80 4.96
40 81 0.25
40 82 4.66
40 83 3.64
40 84 2.12
40 85 7.53
40 86 8.60
40 87 3.15
40 88 7.81
40 89 7.68
40 90 2.22
40 91 2.39
40 92 5.73
40 93 0.38
40 94 0.16
40 95 4.69
40 96 6.54
40 97 2.75
40 98 8.38
40 99 5.88
41 42 2.31
41 43 6.91
41 44 8.20
41 45 6.68
41 46 2.77
41 47 0.09
41 48 0.76
41 49 0.49
41 50 6.07
41 51 8.99
41 52 4.01
41 53 3.15
41 54 7.48
41 55 9.36
41 56 10.00
41 57 8.63
41 58 7.44
41 59 0.82
41 60 9.47
41 61 0.02
41 62 0.42
41 63 7.61
41 64 4.83
41 65 6.12
41 66 2.55
41 67 7.88
41 68 5.08
41 69 6.47
41 70 9.14
41 71 2.43
41 72 2.73
41 73 9.46
41 74 1.15
41 75 0.05
41 76 2.67
41 77 1.37
41 78 3.56
41 79 8.24
41 80 0.10
41 81 6.43
41 82 7.49
41 83 8.54
41 84 5.11
41 85 4.97
41 86 3.85
41 87 0.44
41 88 8.69
41 89 3.98
41 90 5.39
41 91 6.16
41 92 4.01
41 93 0.57
41 94 9.50
41 95 7.25
41 96 3.48
41 97 6.00
41 98 6.00
41 99 3.57
42 43 5.03
42 44 7.53
42 45 0.89
42 46 6.68
42 47 7.07
42 48 0.76
42 49 5.51
42 50 4.97
42 51 8.04
42 52 1.90
42 53 9.93
42 54 1.42
42 55 3.30
42 56 9.68
42 57 6.43
42 58 5.30
42 59 7.54
42 60 0.57
42 61 4.26
42 62 6.68
42 63 0.76
42 64 7.33
42 65 8.13
42 66 8.27
42 67 5.50
42 68 4.85
42 69 4.77
42 70 9.42
42 71 2.84
42 72 9.95
42 73 6.50
42 74 3.02
42 75 9.48
42 76 3.53
42 77 6.46
42 78 5.11
42 79 7.92
42 80 1.15
42 81 9.45
42 82 9.29
42 83 7.48
42 84 7.29
42 85 3.10
42 86 0.73
42 87 2.33
42 88 7.56
42 89 4.04
42 90 3.78
42 91 8.30
42 92 4.15
42 93 7.35
42 94 2.04
42 95 0.18
42 96 0.17
42 97 2.75
42 98 4.23
42 99 1.49
43 44 8.81
43 45 2.17
43 46 4.02
43 47 3.31
43 48 5.47
43 49 3.90
43 50 3.98
43 51 1.55
43 52 1.57
43 53 4.07
43 54 0.91
43 55 8.74
43 56 7.92
43 57 8.84
43 58 1.51
43 59 8.34
43 60 0.00
43 61 3.41
43 62 9.82
43 63 0.64
43 64 0.29
43 65 5.84
43 66 6.14
43 67 1.56
43 68 5.58
43 69 3.12
43 70 7.58
43 71 2.52
43 72 2.17
43 73 9.53
43 74 9.41
43 75 5.09
43 76 4.61
43 77 5.53
43 78 1.82
43 79 9.36
43 80 0.22
43 81 1.18
43 82 2.27
43 83 4.04
43 84 3.86
43 85 7.32
43 86 4.91
43 87 9.44
43 88 0.21
43 89 5.86
43 90 6.98
43 91 1.36
43 92 9.54
43 93 0.82
43 94 2.06
43 95 8.99
43 96 1.63
43 97 2.34
43 98 0.69
43 99 5.59
44 45 3.11
44 46 9.97
44 47 3.76
44 48 9.94
44 49 2.68
44 50 2.62
44 51 5.19
44 52 3.91
44 53 7.36
44 54 7.25
44 55 7.53
44 56 7.16
44 57 4.22
44 58 8.65
44 59 9.19
44 60 3.92
44 61 2.51
44 62 4.56
44 63 1.64
44 64 0.20
44 65 5.68
44 66 1.12
44 67 3.09
44 68 7.15
44 69 5.92
44 70 0.66
44 71 9.56
44 72 9.47
44 73 9.09
44 74 9.37
44 75 0.78
44 76 2.46
44 77 4.41
44 78 9.09
44 79 0.27
44 80 1.12
44 81 7.57
44 82 0.22
44 83 2.48
44 84 6.88
44 85 3.38
44 86 2.01
44 87 3.99
44 88 3.05
44 89 9.40
44 90 6.69
44 91 6.89
44 92 4.40
44 93 4.04
44 94 9.86
44 95 4.42
44 96 0.61
44 97 7.53
44 98 7.00
44 99 1.30
45 46 3.34
45 47 6.11
45 48 0.68
45 49 6.72
45 50 2.47
45 51 0.61
45 52 7.13
45 53 5.20
45 54 3.16
45 55 4.21
45 56 5.16
45 57 2.48
45 58 3.64
45 59 2.96
45 60 2.41
45 61 2.86
45 62 4.18
45 63 7.53
45 64 3.36
45 65 8.94
45 66 3.64
45 67 1.92
45 68 3.40
45 69 7.70
45 70 3.78
45 71 8.45
45 72 0.00
45 73 7.99
45 74 2.14
45 75 9.67
45 76 9.70
45 77 4.61
45 78 5.90
45 79 0.30
45 80 9.20
45 81 5.57
45 82 0.78
45 83 8.86
45 84 9.20
45 85 0.95
45 86 5.95
45 87 8.26
45 88 5.60
45 89 2.23
45 90 1.63
45 91 2.62
45 92 5.95
45 93 7.69
45 94 5.01
45 95 4.50
45 96 8.30
45 97 4.87
45 98 3.86
45 99 1.74
46 47 9.63
46 48 3.62
46 49 4.32
46 50 2.13
46 51 9.05
46 52 2.16
46 53 4.75
46 54 6.26
46 55 8.33
46 56 0.41
46 57 9.19
46 58 6.65
46 59 2.03
46 60 5.32
46 61 6.35
46 62 6.53
46 63 2.99
46 64 1.77
46 65 2.59
46 66 4.73
46 67 5.57
46 68 3.51
46 69 9.38
46 70 7.94
46 71 7.23
46 72 2.71
46 73 5.57
46 74 5.54
46 75 2.01
46 76 9.15
46 77 5.91
46 78 4.31
46 79 5.35
46 80 3.96
46 81 5.20
46 82 0.50
46 83 5.77
46 84 3.16
46 85 0.89
46 86 1.77
46 87 6.64
46 88 1.81
46 89 8.37
46 90 8.27
46 91 6.99
46 92 9.20
46 93 6.88
46 94 9.51
46 95 9.38
46 96 1.04
46 97 4.87
46 98 1.57
46 99 6.91
47 48 1.42
47 49 3.40
47 50 2.23
47 51 7.11
47 52 8.85
47 53 2.95
47 54 3.25
47 55 1.78
47 56 5.32
47 57 0.69
47 58 1.41
47 59 5.74
47 60 0.40
47 61 9.17
47 62 6.10
47 63 9.10
47 64 0.46
47 65 7.23
47 66 6.05
47 67 4.30
47 68 9.55
47 69 1.05
47 70 4.29
47 71 0.73
47 72 1.46
47 73 2.77
47 74 4.04
47 75 1.04
47 76 1.19
47 77 4.79
47 78 7.96
47 79 0.04
47 80 7.44
47 81 3.14
47 82 9.07
47 83 4.52
47 84 6.16
47 85 4.38
47 86 4.43
47 87 6.57
47 88 5.67
47 89 5.99
47 90 6.15
47 91 3.68
47 92 5.34
47 93 2.22
47 94 8.87
47 95 2.76
47 96 0.56
47 97 6.03
47 98 9.59
47 99 0.41
48 49 8.86
48 50 2.10
48 51 1.71
48 52 1.69
48 53 1.20
48 54 2.13
48 55 3.84
48 56 0.76
48 57 0.24
48 58 6.00
48 59 6.45
48 60 1.18
48 61 4.26
48 62 8.84
48 63 3.97
48 64 7.44
48 65 1.19
48 66 5.31
48 67 4.16
48 68 8.93
48 69 8.05
48 70 1.72
48 71 9.34
48 72 0.56
48 73 9.30
48 74 2.39
48 75 5.57
48 76 5.79
48 77 1.72
48 78 2.02
48 79 0.84
48 80 6.76
48 81 2.33
48 82 3.71
48 83 8.57
48 84 4.22
48 85 9.23
48 86 7.04
48 87 0.87
48 88 6.02
48 89 9.71
48 90 2.27
48 91 4.76
48 92 0.20
48 93 4.75
48 94 8.67
48 95 4.51
48 96 9.96
48 97 4.53
48 98 5.24
48 99 2.66
49 50 3.69
49 51 3.81
49 52 9.70
49 53 5.59
49 54 0.29
49 55 4.98
49 56 2.88
49 57 1.35
49 58 8.53
49 59 0.22
49 60 4.16
49 61 1.16
49 62 0.59
49 63 8.45
49 64 6.43
49 65 6.91
49 66 4.29
49 67 6.10
49 68 9.63
49 69 8.95
49 70 8.85
49 71 7.25
49 72 0.14
49 73 5.35
49 74 6.78
49 75 1.07
49 76 0.39
49 77 4.52
49 78 7.62
49 79 7.56
49 80 4.04
49 81 8.75
49 82 0.29
49 83 3.46
49 84 5.51
49 85 5.44
49 86 7.15
49 87 4.69
49 88 7.86
49 89 0.36
49 90 9.88
49 91 0.31
49 92 3.07
49 93 3.72
49 94 6.14
49 95 0.86
49 96 5.79
49 97 6.95
49 98 4.62
49 99 1.41
50 51 1.90
50 52 3.59
50 53 5.80
50 54 5.67
50 55 3.98
50 56 1.57
50 57 1.86
50 58 8.13
50 59 7.85
50 60 1.99
50 61 4.71
50 62 3.50
50 63 9.80
50 64 2.34
50 65 5.61
50 66 3.67
50 67 1.85
50 68 7.62
50 69 6.15
50 70 2.72
50 71 8.15
50 72 5.65
50 73 1.84
50 74 9.88
50 75 2.27
50 76 6.16
50 77 2.06
50 78 5.70
50 79 1.79
50 80 5.83
50 81 3.56
50 82 9.33
50 83 9.02
50 84 3.59
50 85 7.87
50 86 2.55
50 87 0.36
50 88 8.26
50 89 4.29
50 90 7.17
50 91 2.82
50 92 5.04
50 93 0.09
50 94 8.27
50 95 5.25
50 96 2.21
50 97 1.30
50 98 5.33
50 99 3.81
51 52 8.05
51 53 9.59
51 54 2.18
51 55 0.41
51 56 4.14
51 57 9.55
51 58 5.64
51 59 5.61
51 60 7.99
51 61 6.99
51 62 9.37
51 63 7.78
51 64 9.54
51 65 1.80
51 66 6.43
51 67 0.21
51 68 3.27
51 69 7.73
51 70 8.73
51 71 3.24
51 72 4.28
51 73 0.54
51 74 2.03
51 75 4.64
51 76 8.38
51 77 4.26
51 78 8.76
51 79 2.02
51 80 1.14
51 81 1.66
51 82 0.00
51 83 3.25
51 84 0.79
51 85 5.34
51 86 7.99
51 87 9.69
51 88 8.61
51 89 3.63
51 90 9.88
51 91 1.83
51 92 2.73
51 93 2.13
51 94 5.43
51 95 8.30
51 96 8.38
51 97 1.90
51 98 8.16
51 99 5.15
52 53 5.03
52 54 4.18
52 55 8.23
52 56 9.06
52 57 1.52
52 58 9.03
52 59 8.13
52 60 8.56
52 61 4.97
52 62 1.68
52 63 0.31
52 64 9.92
52 65 3.16
52 66 8.06
52 67 4.79
52 68 6.68
52 69 9.94
52 70 5.33
52 71 7.24
52 72 2.25
52 73 9.76
52 74 2.94
52 75 8.58
52 76 1.38
52 77 0.38
52 78 6.27
52 79 4.83
52 80 5.17
52 81 9.39
52 82 6.27
52 83 3.21
52 84 9.02
52 85 2.23
52 86 6.49
52 87 5.08
52 88 5.94
52 89 3.02
52 90 0.89
52 91 0.87
52 92 4.10
52 93 1.38
52 94 7.12
52 95 6.17
52 96 1.39
52 97 8.96
52 98 7.48
52 99 7.57
53 54 2.68
53 55 1.05
53 56 0.34
53 57 0.63
53 58 6.05
53 59 6.12
53 60 1.46
53 61 6.50
53 62 8.51
53 63 7.32
53 64 1.55
53 65 3.12
53 66 3.52
53 67 3.62
53 68 0.05
53 69 5.80
53 70 4.65
53 71 4.03
53 72 1.91
53 73 2.75
53 74 4.51
53 75 4.81
53 76 1.80
53 77 7.56
53 78 9.63
53 79 1.13
53 80 7.62
53 81 0.88
53 82 2.21
53 83 4.24
53 84 3.88
53 85 1.63
53 86 3.18
53 87 9.35
53 88 3.15
53 89 8.03
53 90 1.96
53 91 7.70
53 92 6.85
53 93 7.26
53 94 7.63
53 95 5.90
53 96 5.16
53 97 0.54
53 98 8.63
53 99 5.47
54 55 0.18
54 56 1.37
54 57 1.40
54 58 9.59
54 59 3.48
54 60 4.09
54 61 7.31
54 62 2.89
54 63 8.27
54 64 2.05
54 65 8.18
54 66 1.62
54 67 9.38
54 68 7.42
54 69 1.22
54 70 4.85
54 71 4.63
54 72 2.08
54 73 9.77
54 74 1.99
54 75 8.48
54 76 0.42
54 77 9.18
54 78 2.74
54 79 7.57
54 80 2.02
54 81 1.71
54 82 1.67
54 83 6.63
54 84 4.77
54 85 2.63
54 86 4.66
54 87 7.84
54 88 9.79
54 89 4.47
54 90 5.04
54 91 3.82
54 92 7.71
54 93 7.79
54 94 2.07
54 95 5.90
54 96 6.36
54 97 2.72
54 98 4.84
54 99 1.76
55 56 0.88
55 57 1.07
55 58 5.93
55 59 5.10
55 60 3.93
55 61 4.19
55 62 9.97
55 63 5.75
55 64 7.19
55 65 8.89
55 66 3.98
55 67 3.41
55 68 0.74
55 69 5.23
55 70 0.21
55 71 1.16
55 72 9.53
55 73 4.23
55 74 4.36
55 75 6.51
55 76 5.87
55 77 0.35
55 78 9.10
55 79 6.10
55 80 0.78
55 81 0.59
55 82 1.70
55 83 1.64
55 84 6.11
55 85 2.25
55 86 4.82
55 87 3.57
55 88 6.49
55 89 1.30
55 90 7.09
55 91 4.67
55 92 1.69
55 93 9.81
55 94 3.45
55 95 1.53
55 96 7.74
55 97 1.59
55 98 7.86
55 99 6.48
56 57 7.33
56 58 5.50
56 59 6.28
56 60 8.75
56 61 7.21
56 62 4.70
56 63 5.59
56 64 7.23
56 65 3.40
56 66 3.01
56 67 6.59
56 68 7.33
56 69 3.20
56 70 0.27
56 71 3.99
56 72 5.26
56 73 4.50
56 74 9.74
56 75 3.58
56 76 1.87
56 77 0.37
56 78 1.94
56 79 8.13
56 80 1.14
56 81 8.58
56 82 3.49
56 83 1.91
56 84 0.52
56 85 1.95
56 86 2.38
56 87 8.63
56 88 0.93
56 89 9.68
56 90 1.79
56 91 2.12
56 92 7.36
56 93 2.31
56 94 7.69
56 95 9.75
56 96 0.37
56 97 4.02
56 98 0.70
56 99 6.60
57 58 1.73
57 59 2.53
57 60 2.27
57 61 0.88
57 62 5.51
57 63 8.01
57 64 5.35
57 65 3.23
57 66 8.49
57 67 4.32
57 68 7.09
57 69 9.58
57 70 3.70
57 71 4.46
57 72 0.31
57 73 5.50
57 74 9.46
57 75 1.91
57 76 3.04
57 77 8.01
57 78 3.59
57 79 3.30
57 80 6.28
57 81 4.87
57 82 1.74
57 83 8.09
57 84 1.10
57 85 2.66
57 86 4.44
57 87 6.31
57 88 6.27
57 89 9.27
57 90 6.23
57 91 8.25
57 92 3.78
57 93 0.39
57 94 5.57
57 95 0.88
57 96 9.98
57 97 8.54
57 98 8.43
57 99 2.23
58 59 9.00
58 60 2.94
58 61 0.91
58 62 0.74
58 63 2.54
58 64 2.05
58 65 3.23
58 66 2.67
58 67 8.37
58 68 1.69
58 69 6.27
58 70 7.60
58 71 0.88
58 72 3.44
58 73 8.67
58 74 4.07
58 75 7.13
58 76 4.32
58 77 4.26
58 78 1.22
58 79 8.70
58 80 9.60
58 81 0.67
58 82 2.21
58 83 8.25
58 84 0.04
58 85 3.95
58 86 4.16
58 87 4.71
58 88 8.44
58 89 7.36
58 90 1.13
58 91 5.12
58 92 2.54
58 93 3.13
58 94 7.16
58 95 2.21
58 96 0.61
58 97 4.88
58 98 5.20
58 99 5.80
59 60 5.76
59 61 2.66
59 62 6.06
59 63 8.55
59 64 2.34
59 65 6.70
59 66 0.64
59 67 9.67
59 68 3.20
59 69 7.40
59 70 8.67
59 71 4.56
59 72 0.63
59 73 3.92
59 74 5.62
59 75 0.27
59 76 3.37
59 77 0.69
59 78 0.36
59 79 2.06
59 80 9.64
59 81 2.09
59 82 9.21
59 83 4.46
59 84 9.19
59 85 9.59
59 86 9.88
59 87 6.83
59 88 7.13
59 89 5.47
59 90 7.50
59 91 9.01
59 92 8.16
59 93 4.17
59 94 1.67
59 95 1.75
59 96 4.31
59 97 9.14
59 98 9.69
59 99 3.36
60 61 3.51
60 62 8.24
60 63 2.81
60 64 7.49
60 65 9.38
60 66 5.91
60 67 9.00
60 68 5.36
60 69 2.18
60 70 0.62
60 71 7.34
60 72 6.65
60 73 1.10
60 74 2.75
60 75 4.70
60 76 0.16
60 77 4.12
60 78 7.21
60 79 5.69
60 80 5.05
60 81 1.84
60 82 1.05
60 83 4.27
60 84 6.62
60 85 3.03
60 86 3.13
60 87 0.69
60 88 8.71
60 89 5.36
60 90 2.15
60 91 0.28
60 92 3.44
60 93 2.21
60 94 2.54
60 95 1.70
60 96 5.80
60 97 4.59
60 98 8.57
60 99 2.25
61 62 8.99
61 63 8.64
61 64 0.53
61 65 0.54
61 66 9.36
61 67 9.51
61 68 0.74
61 69 9.21
61 70 7.91
61 71 7.69
61 72 5.25
61 73 3.28
61 74 2.30
61 75 2.31
61 76 2.32
61 77 5.06
61 78 6.94
61 79 1.99
61 80 5.33
61 81 1.54
61 82 5.61
61 83 5.20
61 84 2.36
61 85 9.54
61 86 7.88
61 87 6.04
61 88 4.12
61 89 8.62
61 90 0.70
61 91 3.17
61 92 6.99
61 93 2.49
61 94 4.18
61 95 5.40
61 96 7.43
61 97 2.64
61 98 9.95
61 99 7.66
62 63 9.21
62 64 6.33
62 65 6.89
62 66 9.86
62 67 3.12
62 68 4.75
62 69 9.16
62 70 6.84
62 71 1.03
62 72 1.64
62 73 1.15
62 74 4.39
62 75 9.08
62 76 2.11
62 77 6.96
62 78 2.37
62 79 3.23
62 80 9.55
62 81 1.38
62 82 5.15
62 83 2.72
62 84 4.33
62 85 9.74
62 86 2.67
62 87 8.00
62 88 3.11
62 89 2.19
62 90 5.15
62 91 3.72
62 92 4.68
62 93 0.82
62 94 3.83
62 95 8.78
62 96 9.38
62 97 7.80
62 98 7.43
62 99 3.08
63 64 5.60
63 65 6.35
63 66 1.46
63 67 8.66
63 68 9.72
63 69 8.56
63 70 2.23
63 71 2.87
63 72 3.19
63 73 8.76
63 74 9.27
63 75 3.09
63 76 8.76
63 77 8.85
63 78 1.32
63 79 6.43
63 80 2.61
63 81 1.96
63 82 7.35
63 83 6.30
63 84 0.59
63 85 2.09
63 86 6.43
63 87 2.95
63 88 1.15
63 89 3.72
63 90 9.38
63 91 5.36
63 92 1.57
63 93 0.82
63 94 4.15
63 95 7.01
63 96 9.91
63 97 5.26
63 98 9.84
63 99 9.17
64 65 3.63
64 66 2.01
64 67 8.47
64 68 9.22
64 69 2.51
64 70 2.95
64 71 0.63
64 72 2.28
64 73 8.05
64 74 6.78
64 75 1.75
64 76 4.71
64 77 0.72
64 78 9.75
64 79 8.97
64 80 8.22
64 81 9.67
64 82 8.94
64 83 8.57
64 84 8.28
64 85 1.43
64 86 4.85
64 87 5.95
64 88 6.93
64 89 0.11
64 90 2.19
64 91 1.73
64 92 1.80
64 93 4.13
64 94 9.91
64 95 7.33
64 96 6.61
64 97 1.06
64 98 1.10
64 99 5.09
65 66 5.66
65 67 0.66
65 68 7.60
65 69 5.64
65 70 2.16
65 71 8.03
65 72 6.18
65 73 8.58
65 74 0.11
65 75 1.91
65 76 3.81
65 77 7.44
65 78 5.60
65 79 4.92
65 80 0.70
65 81 7.67
65 82 2.43
65 83 0.63
65 84 3.20
65 85 6.85
65 86 4.05
65 87 9.56
65 88 0.48
65 89 0.82
65 90 6.39
65 91 0.43
65 92 5.27
65 93 4.51
65 94 1.96
65 95 5.68
65 96 9.74
65 97 0.99
65 98 4.50
65 99 6.06
66 67 1.51
66 68 1.85
66 69 7.04
66 70 4.71
66 71 5.59
66 72 1.90
66 73 9.50
66 74 2.59
66 75 2.96
66 76 3.56
66 77 8.13
66 78 9.89
66 79 0.28
66 80 0.57
66 81 3.03
66 82 2.01
66 83 1.99
66 84 2.18
66 85 5.28
66 86 0.92
66 87 0.04
66 88 6.58
66 89 0.27
66 90 2.14
66 91 0.04
66 92 2.88
66 93 7.44
66 94 5.76
66 95 7.99
66 96 9.67
66 97 7.60
66 98 3.88
66 99 8.85
67 68 5.12
67 69 0.73
67 70 4.17
67 71 0.53
67 72 3.88
67 73 4.90
67 74 4.63
67 75 9.66
67 76 5.64
67 77 3.15
67 78 3.05
67 79 3.53
67 80 2.78
67 81 7.99
67 82 6.53
67 83 6.25
67 84 7.98
67 85 5.71
67 86 2.18
67 87 8.61
67 88 10.00
67 89 4.06
67 90 9.29
67 91 4.77
67 92 9.23
67 93 2.75
67 94 4.99
67 95 5.76
67 96 9.63
67 97 3.35
67 98 4.88
67 99 5.72
68 69 3.24
68 70 1.08
68 71 5.04
68 72 2.24
68 73 7.48
68 74 8.06
68 75 6.18
68 76 2.17
68 77 1.37
68 78 5.62
68 79 5.43
68 80 4.07
68 81 9.02
68 82 9.37
68 83 0.38
68 84 9.32
68 85 7.13
68 86 9.13
68 87 1.71
68 88 7.32
68 89 6.94
68 90 2.99
68 91 7.17
68 92 3.91
68 93 1.84
68 94 1.15
68 95 0.52
68 96 5.63
68 97 1.08
68 98 0.85
68 99 8.34
69 70 9.30
69 71 9.76
69 72 8.60
69 73 9.62
69 74 0.32
69 75 5.32
69 76 2.71
69 77 8.77
69 78 3.47
69 79 4.00
69 80 2.00
69 81 1.36
69 82 3.36
69 83 7.43
69 84 1.55
69 85 0.27
69 86 1.47
69 87 0.35
69 88 7.96
69 89 0.96
69 90 9.70
69 91 2.70
69 92 1.22
69 93 5.35
69 94 8.60
69 95 3.42
69 96 6.83
69 97 9.16
69 98 5.19
69 99 7.33
70 71 7.89
70 72 5.38
70 73 5.82
70 74 2.86
70 75 3.29
70 76 6.15
70 77 5.87
70 78 2.86
70 79 4.17
70 80 6.80
70 81 4.23
70 82 3.88
70 83 7.72
70 84 9.77
70 85 7.74
70 86 3.09
70 87 9.11
70 88 7.57
70 89 3.88
70 90 2.98
70 91 6.01
70 92 4.90
70 93 7.71
70 94 6.14
70 95 4.92
70 96 9.65
70 97 0.96
70 98 7.92
70 99 10.00
71 72 7.46
71 73 5.24
71 74 8.00
71 75 7.84
71 76 8.35
71 77 8.78
71 78 7.29
71 79 1.95
71 80 8.24
71 81 7.06
71 82 2.45
71 83 0.69
71 84 9.17
71 85 6.02
71 86 8.74
71 87 7.52
71 88 8.41
71 89 8.29
71 90 4.83
71 91 0.08
71 92 2.12
71 93 1.07
71 94 8.35
71 95 6.18
71 96 9.76
71 97 1.44
71 98 0.38
71 99 4.66
72 73 1.89
72 74 0.25
72 75 3.70
72 76 3.08
72 77 9.95
72 78 3.92
72 79 5.59
72 80 3.57
72 81 1.40
72 82 5.47
72 83 3.74
72 84 6.87
72 85 2.60
72 86 2.83
72 87 2.45
72 88 2.78
72 89 3.94
72 90 6.00
72 91 0.95
72 92 5.56
72 93 3.17
72 94 7.08
72 95 7.85
72 96 1.69
72 97 2.70
72 98 8.28
72 99 4.69
73 74 1.82
73 75 3.10
73 76 4.48
73 77 8.25
73 78 1.86
73 79 2.68
73 80 6.41
73 81 1.29
73 82 4.32
73 83 4.80
73 84 2.27
73 85 4.46
73 86 4.06
73 87 8.72
73 88 3.85
73 89 9.72
73 90 0.73
73 91 0.98
73 92 7.15
73 93 4.25
73 94 1.11
73 95 3.49
73 96 3.77
73 97 6.26
73 98 1.71
73 99 5.27
74 75 9.83
74 76 8.61
74 77 8.62
74 78 4.34
74 79 9.57
74 80 9.19
74 81 5.55
74 82 8.29
74 83 2.56
74 84 0.90
74 85 0.29
74 86 0.73
74 87 2.99
74 88 1.79
74 89 3.72
74 90 5.25
74 91 3.76
74 92 5.17
74 93 1.75
74 94 3.85
74 95 7.07
74 96 5.39
74 97 2.60
74 98 6.81
74 99 1.10
75 76 0.11
75 77 1.08
75 78 7.97
75 79 2.93
75 80 6.70
75 81 3.07
75 82 0.86
75 83 8.57
75 84 7.47
75 85 8.28
75 86 0.74
75 87 6.82
75 88 0.02
75 89 2.38
75 90 2.18
75 91 7.02
75 92 3.78
75 93 9.50
75 94 6.45
75 95 6.20
75 96 4.19
75 97 9.88
75 98 9.50
75 99 6.33
76 77 7.77
76 78 2.82
76 79 1.05
76 80 5.69
76 81 5.71
76 82 9.17
76 83 8.11
76 84 2.86
76 85 3.26
76 86 2.71
76 87 2.16
76 88 0.69
76 89 0.68
76 90 1.61
76 91 7.24
76 92 3.94
76 93 7.00
76 94 1.18
76 95 6.79
76 96 3.55
76 97 6.49
76 98 3.73
76 99 2.90
77 78 2.69
77 79 7.22
77 80 5.95
77 81 0.59
77 82 4.16
77 83 2.63
77 84 8.80
77 85 1.81
77 86 4.00
77 87 6.00
77 88 4.18
77 89 0.56
77 90 0.90
77 91 8.74
77 92 5.11
77 93 4.19
77 94 0.55
77 95 2.25
77 96 3.19
77 97 9.22
77 98 0.46
77 99 1.74
78 79 7.60
78 80 3.23
78 81 1.23
78 82 5.67
78 83 0.68
78 84 4.33
78 85 2.74
78 86 7.51
78 87 4.61
78 88 7.62
78 89 1.75
78 90 8.92
78 91 0.84
78 92 5.83
78 93 3.33
78 94 5.76
78 95 7.87
78 96 0.04
78 97 7.88
78 98 7.19
78 99 6.84
79 80 2.26
79 81 5.16
79 82 0.68
79 83 1.97
79 84 4.64
79 85 7.58
79 86 1.48
79 87 0.83
79 88 8.55
79 89 6.39
79 90 3.67
79 91 5.60
79 92 5.53
79 93 3.07
79 94 3.37
79 95 8.66
79 96 9.57
79 97 4.14
79 98 1.56
79 99 2.17
80 81 9.72
80 82 4.96
80 83 4.00
80 84 4.82
80 85 8.92
80 86 5.88
80 87 6.59
80 88 8.78
80 89 9.26
80 90 7.90
80 91 3.68
80 92 5.86
80 93 7.19
80 94 4.70
80 95 2.19
80 96 8.59
80 97 7.02
80 98 2.15
80 99 8.95
81 82 7.75
81 83 5.19
81 84 0.83
81 85 9.23
81 86 4.47
81 87 6.85
81 88 6.57
81 89 1.91
81 90 2.80
81 91 7.99
81 92 1.12
81 93 3.51
81 94 7.88
81 95 2.87
81 96 8.90
81 97 7.04
81 98 3.79
81 99 7.83
82 83 6.54
82 84 8.03
82 85 9.69
82 86 3.61
82 87 6.56
82 88 2.50
82 89 7.84
82 90 3.01
82 91 8.81
82 92 0.44
82 93 7.46
82 94 7.18
82 95 2.42
82 96 4.52
82 97 7.02
82 98 1.64
82 99 8.87
83 84 0.66
83 85 0.21
83 86 8.47
83 87 0.28
83 88 9.72
83 89 9.63
83 90 1.80
83 91 0.83
83 92 5.23
83 93 8.40
83 94 5.69
83 95 6.68
83 96 6.75
83 97 5.29
83 98 7.85
83 99 2.00
84 85 1.69
84 86 7.27
84 87 1.76
84 88 9.32
84 89 3.60
84 90 4.52
84 91 3.62
84 92 3.65
84 93 0.13
84 94 3.63
84 95 3.08
84 96 0.90
84 97 3.65
84 98 4.10
84 99 4.67
85 86 3.29
85 87 0.68
85 88 2.15
85 89 2.85
85 90 4.61
85 91 3.25
85 92 7.69
85 93 6.61
85 94 4.32
85 95 0.54
85 96 8.58
85 97 6.87
85 98 7.17
85 99 8.85
86 87 9.06
86 88 2.90
86 89 7.71
86 90 9.01
86 91 5.30
86 92 0.67
86 93 0.98
86 94 3.11
86 95 6.25
86 96 2.88
86 97 1.95
86 98 8.94
86 99 5.54
87 88 8.34
87 89 6.50
87 90 6.69
87 91 9.23
87 92 9.13
87 93 9.11
87 94 1.23
87 95 6.67
87 96 3.85
87 97 0.06
87 98 6.30
87 99 6.21
88 89 3.31
88 90 5.85
88 91 0.18
88 92 3.67
88 93 6.85
88 94 9.70
88 95 8.82
88 96 5.99
88 97 3.55
88 98 3.77
88 99 9.38
89 90 3.46
89 91 9.50
89 92 7.99
89 93 1.40
89 94 2.51
89 95 6.52
89 96 1.56
89 97 3.51
89 98 1.42
89 99 9.25
90 91 8.98
90 92 9.69
90 93 5.94
90 94 0.10
90 95 3.81
90 96 5.18
90 97 6.39
90 98 9.83
90 99 5.71
91 92 9.21
91 93 0.40
91 94 5.99
91 95 0.41
91 96 2.42
91 97 0.38
91 98 2.32
91 99 1.37
92 93 4.81
92 94 9.34
92 95 4.59
92 96 4.15
92 97 0.20
92 98 8.22
92 99 7.37
93 94 8.81
93 95 8.00
93 96 8.95
93 97 7.36
93 98 0.99
93 99 8.97
94 95 8.65
94 96 2.55
94 97 8.88
94 98 2.09
94 99 3.59
95 96 8.94
95 97 2.27
95 98 3.81
95 99 3.94
96 97 7.88
96 98 8.61
96 99 5.41
97 98 6.84
97 99 2.98
98 99 1.04
