100 10
0 1 1.74
0 2 7.77
0 3 1.00
0 4 9.29
0 5 6.40
0 6 7.65
0 7 0.23
0 8 6.35
0 9 6.16
0 10 6.75
0 11 7.13
0 12 9.71
0 13 2.48
0 14 3.50
0 15 9.62
0 16 5.78
0 17 6.15
0 18 9.61
0 19 8.22
0 20 0.69
0 21 6.35
0 22 4.88
0 23 2.33
0 24 4.12
0 25 8.15
0 26 8.00
0 27 0.24
0 28 2.45
0 29 2.61
0 30 2.63
0 31 8.90
0 32 1.44
0 33 2.02
0 34 8.34
0 35 6.16
0 36 5.14
0 37 4.03
0 38 7.69
0 39 2.78
0 40 3.27
0 41 0.72
0 42 1.38
0 43 3.50
0 44 6.81
0 45 3.25
0 46 7.39
0 47 5.93
0 48 1.09
0 49 1.32
0 50 1.02
0 51 5.73
0 52 1.77
0 53 5.58
0 54 9.99
0 55 5.46
0 56 6.89
0 57 9.67
0 58 2.03
0 59 9.33
0 60 0.98
0 61 7.24
0 62 8.14
0 63 7.35
0 64 8.45
0 65 2.98
0 66 4.32
0 67 5.42
0 68 9.60
0 69 3.63
0 70 6.26
0 71 0.07
0 72 8.47
0 73 8.62
0 74 5.48
0 75 0.06
0 76 8.83
0 77 1.27
0 78 4.84
0 79 3.46
0 80 3.39
0 81 9.07
0 82 5.48
0 83 0.44
0 84 8.36
0 85 1.27
0 86 7.39
0 87 2.43
0 88 5.01
0 89 0.04
0 90 1.33
0 91 2.90
0 92 1.46
0 93 0.41
0 94 2.47
0 95 2.08
0 96 9.12
0 97 4.28
0 98 6.86
0 99 6.25
1 2 2.46
1 3 5.32
1 4 5.05
1 5 2.55
1 6 4.07
1 7 4.81
1 8 1.95
1 9 1.52
1 10 0.10
1 11 9.65
1 12 7.56
1 13 0.24
1 14 0.23
1 15 6.81
1 16 8.79
1 17 3.10
1 18 0.78
1 19 1.14
1 20 4.75
1 21 3.39
1 22 1.20
1 23 1.56
1 24 9.89
1 25 0.03
1 26 2.30
1 27 4.79
1 28 6.60
1 29 0.34
1 30 2.16
1 31 2.34
1 32 5.19
1 33 5.31
1 34 7.71
1 35 0.01
1 36 0.27
1 37 1.98
1 38 8.11
1 39 6.96
1 40 0.81
1 41 2.18
1 42 4.69
1 43 8.18
1 44 4.57
1 45 9.42
1 46 9.62
1 47 8.82
1 48 6.56
1 49 8.53
1 50 0.55
1 51 1.10
1 52 4.98
1 53 4.22
1 54 7.96
1 55 2.55
1 56 7.10
1 57 4.07
1 58 9.70
1 59 9.24
1 60 6.45
1 61 6.55
1 62 8.22
1 63 7.77
1 64 7.65
1 65 1.15
1 66 6.01
1 67 3.76
1 68 8.82
1 69 7.76
1 70 0.43
1 71 1.49
1 72 7.53
1 73 5.57
1 74 2.81
1 75 6.07
1 76 5.65
1 77 6.90
1 78 4.60
1 79 3.18
1 80 0.30
1 81 5.19
1 82 9.46
1 83 7.83
1 84 0.05
1 85 6.81
1 86 7.29
1 87 7.79
1 88 6.15
1 89 2.29
1 90 9.41
1 91 8.10
1 92 2.62
1 93 8.98
1 94 8.68
1 95 3.97
1 96 1.72
1 97 5.06
1 98 7.23
1 99 4.59
2 3 5.94
2 4 3.37
2 5 2.46
2 6 6.76
2 7 1.31
2 8 2.69
2 9 3.64
2 10 9.52
2 11 1.42
2 12 4.33
2 13 5.45
2 14 2.97
2 15 8.56
2 16 1.80
2 17 5.56
2 18 3.47
2 19 6.29
2 20 8.75
2 21 2.43
2 22 6.53
2 23 2.01
2 24 8.94
2 25 0.80
2 26 1.76
2 27 0.89
2 28 7.20
2 29 0.61
2 30 3.81
2 31 7.29
2 32 9.20
2 33 9.42
2 34 8.66
2 35 8.03
2 36 7.14
2 37 1.91
2 38 8.23
2 39 6.84
2 40 1.64
2 41 6.09
2 42 8.22
2 43 2.56
2 44 4.27
2 45 8.04
2 46 1.18
2 47 2.49
2 48 3.05
2 49 9.86
2 50 4.14
2 51 1.03
2 52 8.24
2 53 7.47
2 54 4.75
2 55 0.89
2 56 2.97
2 57 9.96
2 58 2.29
2 59 6.83
2 60 6.70
2 61 7.27
2 62 0.51
2 63 6.26
2 64 7.55
2 65 0.16
2 66 2.57
2 67 8.20
2 68 1.08
2 69 6.88
2 70 5.50
2 71 2.74
2 72 1.13
2 73 2.25
2 74 7.70
2 75 6.77
2 76 2.83
2 77 1.90
2 78 8.57
2 79 7.63
2 80 6.67
2 81 3.56
2 82 6.87
2 83 2.83
2 84 3.72
2 85 5.21
2 86 6.01
2 87 0.14
2 88 8.18
2 89 4.45
2 90 0.40
2 91 5.45
2 92 9.16
2 93 5.88
2 94 4.00
2 95 2.62
2 96 4.20
2 97 4.58
2 98 0.82
2 99 5.13
3 4 7.60
3 5 2.36
3 6 6.67
3 7 9.36
3 8 7.99
3 9 3.32
3 10 6.31
3 11 4.50
3 12 5.14
3 13 2.14
3 14 8.24
3 15 0.75
3 16 7.69
3 17 8.91
3 18 3.21
3 19 3.40
3 20 2.86
3 21 6.74
3 22 9.20
3 23 1.33
3 24 5.13
3 25 5.62
3 26 7.33
3 27 4.85
3 28 7.22
3 29 4.24
3 30 0.46
3 31 4.76
3 32 3.82
3 33 8.53
3 34 8.30
3 35 5.55
3 36 0.04
3 37 8.47
3 38 6.63
3 39 0.04
3 40 2.46
3 41 0.34
3 42 7.00
3 43 8.22
3 44 1.58
3 45 3.13
3 46 7.77
3 47 5.62
3 48 4.55
3 49 7.44
3 50 1.67
3 51 2.25
3 52 0.29
3 53 4.79
3 54 8.72
3 55 2.89
3 56 9.52
3 57 7.24
3 58 1.42
3 59 8.45
3 60 2.14
3 61 8.74
3 62 8.32
3 63 6.36
3 64 5.74
3 65 8.01
3 66 3.93
3 67 9.83
3 68 0.67
3 69 5.91
3 70 0.32
3 71 4.31
3 72 6.19
3 73 8.72
3 74 1.79
3 75 3.65
3 76 2.54
3 77 8.93
3 78 2.83
3 79 9.35
3 80 0.81
3 81 2.67
3 82 6.54
3 83 4.59
3 84 0.38
3 85 9.23
3 86 8.95
3 87 2.57
3 88 5.27
3 89 0.75
3 90 4.61
3 91 5.06
3 92 7.80
3 93 8.01
3 94 0.80
3 95 6.28
3 96 2.27
3 97 5.20
3 98 0.09
3 99 3.13
4 5 4.98
4 6 7.41
4 7 0.97
4 8 7.46
4 9 8.09
4 10 8.44
4 11 7.08
4 12 6.79
4 13 1.10
4 14 9.64
4 15 5.64
4 16 0.89
4 17 1.50
4 18 7.53
4 19 1.96
4 20 8.01
4 21 6.80
4 22 3.66
4 23 3.97
4 24 8.11
4 25 3.37
4 26 4.23
4 27 1.54
4 28 0.79
4 29 0.87
4 30 0.06
4 31 9.20
4 32 2.35
4 33 5.95
4 34 9.44
4 35 4.47
4 36 8.17
4 37 6.70
4 38 3.58
4 39 6.20
4 40 1.55
4 41 1.16
4 42 0.34
4 43 0.49
4 44 0.55
4 45 8.17
4 46 1.27
4 47 1.88
4 48 2.52
4 49 8.98
4 50 4.66
4 51 4.78
4 52 1.31
4 53 9.49
4 54 1.18
4 55 6.48
4 56 8.03
4 57 7.47
4 58 4.40
4 59 0.05
4 60 7.52
4 61 1.47
4 62 0.56
4 63 8.63
4 64 3.80
4 65 9.67
4 66 2.32
4 67 8.52
4 68 2.98
4 69 3.65
4 70 1.78
4 71 2.63
4 72 1.17
4 73 4.85
4 74 0.37
4 75 8.74
4 76 2.64
4 77 0.18
4 78 5.08
4 79 7.09
4 80 1.91
4 81 3.35
4 82 0.23
4 83 0.53
4 84 5.59
4 85 0.60
4 86 8.05
4 87 1.71
4 88 6.33
4 89 3.53
4 90 8.55
4 91 3.21
4 92 0.32
4 93 0.42
4 94 3.28
4 95 4.99
4 96 8.00
4 97 9.46
4 98 6.44
4 99 9.76
5 6 9.90
5 7 8.26
5 8 2.48
5 9 1.87
5 10 9.25
5 11 5.81
5 12 0.09
5 13 5.25
5 14 9.56
5 15 8.70
5 16 7.79
5 17 9.54
5 18 1.14
5 19 7.58
5 20 8.76
5 21 1.35
5 22 2.61
5 23 5.94
5 24 4.46
5 25 7.35
5 26 5.43
5 27 3.95
5 28 3.83
5 29 1.73
5 30 2.78
5 31 4.13
5 32 5.10
5 33 0.19
5 34 0.78
5 35 5.61
5 36 5.90
5 37 7.35
5 38 5.36
5 39 3.06
5 40 7.50
5 41 8.53
5 42 1.55
5 43 6.68
5 44 9.58
5 45 2.43
5 46 9.94
5 47 5.48
5 48 0.63
5 49 5.61
5 50 8.78
5 51 0.51
5 52 4.87
5 53 8.95
5 54 3.87
5 55 6.66
5 56 8.68
5 57 5.61
5 58 6.75
5 59 4.28
5 60 9.37
5 61 4.01
5 62 1.04
5 63 7.09
5 64 8.45
5 65 1.10
5 66 4.48
5 67 2.67
5 68 4.16
5 69 2.76
5 70 0.95
5 71 6.67
5 72 7.92
5 73 6.72
5 74 0.83
5 75 8.84
5 76 1.84
5 77 4.48
5 78 7.50
5 79 2.48
5 80 0.81
5 81 2.40
5 82 7.74
5 83 7.39
5 84 4.89
5 85 4.00
5 86 8.83
5 87 1.61
5 88 9.03
5 89 2.90
5 90 7.37
5 91 5.92
5 92 0.54
5 93 3.21
5 94 1.36
5 95 6.37
5 96 1.78
5 97 0.85
5 98 2.63
5 99 2.92
6 7 9.28
6 8 6.13
6 9 0.37
6 10 7.38
6 11 7.57
6 12 3.86
6 13 5.50
6 14 2.85
6 15 7.60
6 16 4.35
6 17 9.43
6 18 7.49
6 19 6.20
6 20 1.01
6 21 3.99
6 22 7.67
6 23 0.94
6 24 7.30
6 25 7.24
6 26 6.07
6 27 8.73
6 28 9.00
6 29 4.09
6 30 2.04
6 31 0.61
6 32 5.46
6 33 2.94
6 34 4.32
6 35 9.88
6 36 4.69
6 37 8.67
6 38 2.50
6 39 5.37
6 40 9.87
6 41 7.63
6 42 4.76
6 43 4.33
6 44 5.10
6 45 5.25
6 46 7.57
6 47 2.27
6 48 7.02
6 49 0.57
6 50 5.71
6 51 8.42
6 52 9.73
6 53 4.22
6 54 1.57
6 55 3.80
6 56 5.99
6 57 1.49
6 58 7.06
6 59 1.83
6 60 6.73
6 61 4.72
6 62 8.38
6 63 9.59
6 64 7.07
6 65 5.93
6 66 3.63
6 67 5.63
6 68 6.71
6 69 3.74
6 70 1.48
6 71 5.13
6 72 5.43
6 73 5.10
6 74 1.00
6 75 2.51
6 76 5.03
6 77 9.41
6 78 5.28
6 79 8.98
6 80 1.70
6 81 8.45
6 82 4.44
6 83 5.14
6 84 7.99
6 85 3.65
6 86 1.40
6 87 8.51
6 88 8.24
6 89 7.99
6 90 3.09
6 91 1.50
6 92 6.37
6 93 5.39
6 94 9.45
6 95 5.31
6 96 2.31
6 97 6.42
6 98 1.65
6 99 9.32
7 8 7.20
7 9 0.63
7 10 9.00
7 11 8.33
7 12 4.92
7 13 3.12
7 14 2.63
7 15 1.83
7 16 6.21
7 17 8.90
7 18 8.76
7 19 4.64
7 20 7.18
7 21 3.57
7 22 5.48
7 23 7.79
7 24 6.72
7 25 0.46
7 26 5.06
7 27 7.20
7 28 3.39
7 29 0.08
7 30 2.80
7 31 9.13
7 32 5.17
7 33 7.43
7 34 4.10
7 35 8.01
7 36 0.88
7 37 5.39
7 38 9.05
7 39 2.89
7 40 9.46
7 41 2.04
7 42 9.26
7 43 6.14
7 44 6.63
7 45 0.68
7 46 6.37
7 47 7.84
7 48 5.28
7 49 6.20
7 50 3.26
7 51 5.41
7 52 6.34
7 53 7.38
7 54 5.60
7 55 4.19
7 56 3.45
7 57 6.58
7 58 3.64
7 59 6.95
7 60 2.86
7 61 4.27
7 62 4.64
7 63 8.97
7 64 9.56
7 65 4.91
7 66 4.61
7 67 3.29
7 68 5.68
7 69 5.24
7 70 7.69
7 71 3.88
7 72 1.60
7 73 6.39
7 74 9.47
7 75 8.15
7 76 9.07
7 77 6.57
7 78 8.75
7 79 1.09
7 80 1.05
7 81 9.89
7 82 3.31
7 83 6.64
7 84 5.16
7 85 2.00
7 86 4.74
7 87 1.65
7 88 4.30
7 89 9.25
7 90 2.74
7 91 7.12
7 92 3.81
7 93 2.90
7 94 5.63
7 95 3.03
7 96 4.48
7 97 5.40
7 98 6.60
7 99 0.09
8 9 3.97
8 10 6.66
8 11 1.11
8 12 9.09
8 13 3.12
8 14 3.66
8 15 3.64
8 16 5.62
8 17 0.81
8 18 9.56
8 19 9.70
8 20 0.11
8 21 2.81
8 22 9.62
8 23 6.03
8 24 8.88
8 25 4.72
8 26 8.22
8 27 4.16
8 28 5.81
8 29 1.39
8 30 7.91
8 31 8.70
8 32 6.32
8 33 1.84
8 34 3.99
8 35 6.46
8 36 6.44
8 37 7.00
8 38 5.64
8 39 3.28
8 40 5.84
8 41 5.33
8 42 8.29
8 43 0.91
8 44 1.93
8 45 3.16
8 46 4.67
8 47 8.39
8 48 6.26
8 49 1.37
8 50 0.92
8 51 7.42
8 52 3.71
8 53 1.11
8 54 6.28
8 55 1.45
8 56 1.43
8 57 6.31
8 58 8.87
8 59 4.32
8 60 0.90
8 61 4.41
8 62 2.47
8 63 5.30
8 64 8.65
8 65 7.41
8 66 4.13
8 67 5.78
8 68 4.76
8 69 7.70
8 70 4.15
8 71 4.87
8 72 9.63
8 73 7.50
8 74 5.16
8 75 2.13
8 76 9.14
8 77 6.51
8 78 3.90
8 79 6.80
8 80 5.28
8 81 6.06
8 82 5.86
8 83 0.96
8 84 2.76
8 85 2.49
8 86 3.99
8 87 9.25
8 88 5.50
8 89 4.28
8 90 7.58
8 91 6.75
8 92 8.97
8 93 6.62
8 94 4.29
8 95 5.86
8 96 1.79
8 97 1.93
8 98 8.83
8 99 5.00
9 10 5.19
9 11 1.02
9 12 0.92
9 13 5.43
9 14 2.31
9 15 6.00
9 16 5.01
9 17 7.21
9 18 4.08
9 19 5.51
9 20 2.06
9 21 2.24
9 22 8.02
9 23 1.21
9 24 6.45
9 25 6.93
9 26 5.92
9 27 5.63
9 28 0.00
9 29 1.79
9 30 2.70
9 31 1.45
9 32 6.38
9 33 8.66
9 34 1.33
9 35 7.16
9 36 2.07
9 37 7.31
9 38 8.82
9 39 9.11
9 40 1.08
9 41 2.32
9 42 8.80
9 43 3.00
9 44 1.68
9 45 5.73
9 46 9.15
9 47 8.47
9 48 9.32
9 49 4.06
9 50 5.68
9 51 6.85
9 52 9.93
9 53 1.15
9 54 2.42
9 55 6.15
9 56 7.61
9 57 4.99
9 58 4.16
9 59 2.67
9 60 4.14
9 61 9.52
9 62 0.31
9 63 1.35
9 64 4.11
9 65 3.51
9 66 4.51
9 67 8.25
9 68 1.44
9 69 9.52
9 70 7.94
9 71 0.15
9 72 1.73
9 73 0.37
9 74 5.91
9 75 2.72
9 76 9.69
9 77 9.30
9 78 9.37
9 79 6.48
9 80 2.18
9 81 7.49
9 82 9.66
9 83 6.80
9 84 9.37
9 85 2.21
9 86 7.39
9 87 5.21
9 88 3.93
9 89 4.03
9 90 5.28
9 91 7.72
9 92 5.07
9 93 9.14
9 94 4.28
9 95 9.36
9 96 8.97
9 97 2.47
9 98 1.27
9 99 2.62
10 11 1.80
10 12 8.60
10 13 8.85
10 14 5.60
10 15 5.12
10 16 6.83
10 17 3.72
10 18 0.97
10 19 7.48
10 20 8.99
10 21 1.68
10 22 8.79
10 23 4.72
10 24 4.34
10 25 9.70
10 26 9.37
10 27 9.44
10 28 7.62
10 29 3.66
10 30 6.51
10 31 9.18
10 32 2.85
10 33 6.25
10 34 3.72
10 35 1.30
10 36 2.32
10 37 6.43
10 38 3.19
10 39 4.35
10 40 6.74
10 41 8.18
10 42 5.36
10 43 5.13
10 44 1.14
10 45 4.49
10 46 8.65
10 47 6.87
10 48 2.21
10 49 2.92
10 50 2.55
10 51 8.21
10 52 7.35
10 53 2.78
10 54 2.54
10 55 7.17
10 56 4.16
10 57 3.07
10 58 4.66
10 59 9.78
10 60 9.58
10 61 5.34
10 62 3.26
10 63 6.56
10 64 2.78
10 65 0.52
10 66 3.04
10 67 7.00
10 68 1.67
10 69 1.47
10 70 0.95
10 71 2.83
10 72 7.92
10 73 1.64
10 74 0.85
10 75 2.25
10 76 4.67
10 77 2.52
10 78 2.23
10 79 1.80
10 80 8.25
10 81 1.72
10 82 0.95
10 83 4.84
10 84 0.99
10 85 6.63
10 86 6.62
10 87 5.32
10 88 5.46
10 89 8.27
10 90 2.92
10 91 3.64
10 92 2.81
10 93 8.22
10 94 4.65
10 95 4.33
10 96 8.56
10 97 8.94
10 98 9.71
10 99 5.39
11 12 2.15
11 13 8.31
11 14 0.85
11 15 0.88
11 16 7.67
11 17 8.46
11 18 6.89
11 19 7.04
11 20 3.73
11 21 0.59
11 22 3.05
11 23 0.99
11 24 3.38
11 25 8.31
11 26 6.54
11 27 6.44
11 28 1.08
11 29 3.86
11 30 9.83
11 31 2.92
11 32 0.12
11 33 5.64
11 34 7.33
11 35 2.60
11 36 3.68
11 37 6.98
11 38 7.45
11 39 2.00
11 40 2.46
11 41 9.37
11 42 7.82
11 43 1.23
11 44 7.53
11 45 6.74
11 46 8.16
11 47 2.86
11 48 2.79
11 49 5.89
11 50 2.59
11 51 2.02
11 52 5.72
11 53 7.54
11 54 1.12
11 55 9.32
11 56 2.82
11 57 9.63
11 58 9.91
11 59 4.07
11 60 7.93
11 61 6.25
11 62 2.22
11 63 3.19
11 64 7.62
11 65 5.33
11 66 5.59
11 67 7.18
11 68 2.96
11 69 7.22
11 70 8.21
11 71 4.72
11 72 9.35
11 73 0.89
11 74 1.49
11 75 4.71
11 76 3.64
11 77 0.05
11 78 2.26
11 79 0.80
11 80 1.85
11 81 4.68
11 82 8.31
11 83 7.13
11 84 1.18
11 85 8.04
11 86 7.24
11 87 1.30
11 88 4.09
11 89 8.20
11 90 1.58
11 91 6.88
11 92 1.64
11 93 2.23
11 94 8.45
11 95 9.79
11 96 8.29
11 97 6.44
11 98 5.65
11 99 9.17
12 13 8.81
12 14 9.01
12 15 9.50
12 16 3.22
12 17 9.49
12 18 8.38
12 19 9.76
12 20 5.29
12 21 5.08
12 22 2.78
12 23 5.51
12 24 6.75
12 25 9.44
12 26 6.25
12 27 3.02
12 28 2.96
12 29 3.51
12 30 4.76
12 31 5.45
12 32 3.19
12 33 6.87
12 34 1.98
12 35 2.40
12 36 7.88
12 37 1.36
12 38 0.54
12 39 6.69
12 40 2.13
12 41 0.28
12 42 5.50
12 43 8.35
12 44 8.29
12 45 9.22
12 46 2.51
12 47 2.61
12 48 7.22
12 49 4.58
12 50 9.49
12 51 3.68
12 52 6.17
12 53 2.00
12 54 8.73
12 55 5.50
12 56 4.96
12 57 0.76
12 58 4.32
12 59 8.81
12 60 7.81
12 61 6.74
12 62 1.61
12 63 2.24
12 64 1.10
12 65 2.52
12 66 2.36
12 67 8.49
12 68 0.57
12 69 7.80
12 70 5.29
12 71 0.24
12 72 7.14
12 73 5.13
12 74 6.40
12 75 1.64
12 76 5.10
12 77 6.48
12 78 7.36
12 79 3.92
12 80 9.50
12 81 7.73
12 82 1.51
12 83 7.09
12 84 1.40
12 85 4.84
12 86 5.22
12 87 4.29
12 88 8.16
12 89 3.77
12 90 5.74
12 91 7.15
12 92 5.97
12 93 7.60
12 94 7.87
12 95 8.78
12 96 0.82
12 97 6.47
12 98 1.09
12 99 4.93
13 14 3.95
13 15 1.47
13 16 5.63
13 17 0.79
13 18 1.89
13 19 1.54
13 20 0.65
13 21 7.18
13 22 3.32
13 23 7.49
13 24 9.48
13 25 3.71
13 26 3.70
13 27 9.70
13 28 9.43
13 29 0.71
13 30 6.99
13 31 9.67
13 32 4.53
13 33 3.19
13 34 5.85
13 35 7.54
13 36 4.99
13 37 6.54
13 38 4.99
13 39 7.40
13 40 7.51
13 41 1.48
13 42 0.56
13 43 3.55
13 44 0.78
13 45 7.95
13 46 8.57
13 47 6.82
13 48 0.90
13 49 8.02
13 50 9.74
13 51 3.60
13 52 5.08
13 53 8.68
13 54 0.50
13 55 5.94
13 56 1.89
13 57 3.95
13 58 9.97
13 59 4.62
13 60 6.34
13 61 2.70
13 62 7.76
13 63 0.50
13 64 8.13
13 65 8.01
13 66 0.12
13 67 4.34
13 68 2.86
13 69 5.15
13 70 7.33
13 71 4.67
13 72 6.45
13 73 1.74
13 74 7.59
13 75 2.74
13 76 1.18
13 77 5.44
13 78 4.77
13 79 8.18
13 80 8.93
13 81 6.79
13 82 6.11
13 83 6.12
13 84 3.47
13 85 3.99
13 86 3.07
13 87 2.65
13 88 9.96
13 89 2.79
13 90 9.52
13 91 9.46
13 92 1.42
13 93 8.19
13 94 0.76
13 95 4.41
13 96 4.06
13 97 2.38
13 98 4.54
13 99 8.87
14 15 9.83
14 16 8.79
14 17 4.33
14 18 4.44
14 19 4.65
14 20 4.42
14 21 8.47
14 22 8.02
14 23 5.76
14 24 5.72
14 25 8.43
14 26 2.26
14 27 2.74
14 28 5.57
14 29 1.42
14 30 1.18
14 31 8.61
14 32 7.48
14 33 7.52
14 34 4.73
14 35 0.01
14 36 0.87
14 37 1.67
14 38 6.57
14 39 7.74
14 40 4.17
14 41 5.03
14 42 0.94
14 43 0.29
14 44 1.60
14 45 0.61
14 46 5.01
14 47 9.30
14 48 6.19
14 49 0.40
14 50 9.91
14 51 5.30
14 52 6.66
14 53 9.93
14 54 0.07
14 55 9.00
14 56 5.95
14 57 4.15
14 58 3.99
14 59 1.61
14 60 6.47
14 61 4.14
14 62 0.33
14 63 4.19
14 64 8.55
14 65 3.97
14 66 4.16
14 67 0.04
14 68 3.35
14 69 8.60
14 70 4.16
14 71 2.74
14 72 6.75
14 73 8.91
14 74 6.30
14 75 5.17
14 76 8.89
14 77 4.73
14 78 2.01
14 79 8.30
14 80 3.30
14 81 7.12
14 82 8.30
14 83 6.09
14 84 7.38
14 85 6.85
14 86 5.47
14 87 8.57
14 88 3.45
14 89 8.47
14 90 2.92
14 91 7.59
14 92 8.19
14 93 7.59
14 94 5.16
14 95 8.46
14 96 8.76
14 97 1.38
14 98 7.50
14 99 7.65
15 16 7.80
15 17 0.91
15 18 4.79
15 19 1.52
15 20 9.91
15 21 5.04
15 22 4.85
15 23 4.52
15 24 4.57
15 25 7.95
15 26 7.95
15 27 4.37
15 28 8.96
15 29 7.82
15 30 6.47
15 31 5.30
15 32 3.41
15 33 4.39
15 34 4.60
15 35 8.33
15 36 3.55
15 37 2.84
15 38 0.75
15 39 1.45
15 40 5.36
15 41 6.76
15 42 4.52
15 43 2.33
15 44 2.68
15 45 1.04
15 46 4.49
15 47 2.86
15 48 7.84
15 49 6.76
15 50 2.84
15 51 5.69
15 52 1.82
15 53 1.79
15 54 9.58
15 55 3.28
15 56 5.62
15 57 8.00
15 58 6.67
15 59 3.27
15 60 4.02
15 61 1.15
15 62 4.53
15 63 4.34
15 64 7.90
15 65 1.77
15 66 9.61
15 67 7.46
15 68 3.11
15 69 3.74
15 70 9.71
15 71 6.49
15 72 5.78
15 73 4.35
15 74 3.39
15 75 8.17
15 76 8.14
15 77 0.29
15 78 0.93
15 79 7.23
15 80 6.23
15 81 8.44
15 82 7.83
15 83 5.95
15 84 1.26
15 85 1.87
15 86 8.95
15 87 0.49
15 88 5.01
15 89 7.21
15 90 4.95
15 91 9.44
15 92 8.37
15 93 4.43
15 94 3.83
15 95 8.42
15 96 0.19
15 97 0.77
15 98 3.99
15 99 8.53
16 17 9.86
16 18 1.75
16 19 4.36
16 20 4.84
16 21 7.63
16 22 8.88
16 23 7.81
16 24 9.98
16 25 1.83
16 26 3.06
16 27 8.13
16 28 9.20
16 29 8.41
16 30 0.27
16 31 8.20
16 32 5.90
16 33 2.08
16 34 5.60
16 35 4.69
16 36 9.58
16 37 9.78
16 38 6.99
16 39 3.81
16 40 6.40
16 41 5.06
16 42 0.10
16 43 8.83
16 44 5.99
16 45 8.21
16 46 7.24
16 47 2.97
16 48 9.53
16 49 8.36
16 50 4.97
16 51 0.42
16 52 0.68
16 53 6.29
16 54 0.42
16 55 5.58
16 56 6.65
16 57 3.01
16 58 0.25
16 59 3.99
16 60 7.75
16 61 5.19
16 62 2.87
16 63 4.04
16 64 9.04
16 65 8.49
16 66 7.78
16 67 5.74
16 68 6.06
16 69 0.82
16 70 1.75
16 71 8.82
16 72 8.73
16 73 8.17
16 74 0.54
16 75 0.73
16 76 6.65
16 77 5.26
16 78 2.85
16 79 5.22
16 80 0.29
16 81 5.76
16 82 2.77
16 83 7.50
16 84 6.01
16 85 5.14
16 86 1.73
16 87 1.56
16 88 8.71
16 89 9.34
16 90 7.88
16 91 1.69
16 92 8.64
16 93 2.58
16 94 9.23
16 95 4.96
16 96 6.41
16 97 6.16
16 98 9.63
16 99 7.76
17 18 1.28
17 19 5.61
17 20 7.41
17 21 9.24
17 22 0.26
17 23 2.83
17 24 9.34
17 25 7.40
17 26 7.60
17 27 2.10
17 28 9.27
17 29 4.75
17 30 9.06
17 31 5.35
17 32 0.78
17 33 8.41
17 34 8.57
17 35 0.24
17 36 0.63
17 37 7.06
17 38 4.23
17 39 9.33
17 40 8.87
17 41 2.15
17 42 8.75
17 43 8.53
17 44 4.51
17 45 0.10
17 46 1.12
17 47 3.42
17 48 7.00
17 49 0.80
17 50 9.58
17 51 2.26
17 52 3.33
17 53 1.72
17 54 1.19
17 55 6.93
17 56 7.68
17 57 8.71
17 58 7.67
17 59 6.31
17 60 8.77
17 61 1.38
17 62 2.79
17 63 0.26
17 64 5.48
17 65 1.44
17 66 8.76
17 67 5.20
17 68 3.28
17 69 8.91
17 70 2.12
17 71 2.76
17 72 8.54
17 73 0.09
17 74 6.77
17 75 3.98
17 76 1.58
17 77 9.04
17 78 8.64
17 79 8.32
17 80 9.14
17 81 0.86
17 82 8.05
17 83 0.94
17 84 7.46
17 85 3.62
17 86 5.65
17 87 8.32
17 88 4.68
17 89 7.61
17 90 1.57
17 91 0.23
17 92 2.03
17 93 8.36
17 94 7.79
17 95 9.89
17 96 9.72
17 97 2.06
17 98 1.24
17 99 4.00
18 19 3.30
18 20 7.46
18 21 7.86
18 22 3.69
18 23 7.84
18 24 5.10
18 25 0.96
18 26 8.73
18 27 9.12
18 28 1.63
18 29 9.13
18 30 4.95
18 31 6.52
18 32 9.24
18 33 2.54
18 34 9.87
18 35 2.06
18 36 8.90
18 37 0.98
18 38 8.78
18 39 0.07
18 40 6.68
18 41 7.14
18 42 6.29
18 43 9.18
18 44 9.32
18 45 3.07
18 46 7.60
18 47 6.65
18 48 0.18
18 49 2.85
18 50 9.01
18 51 1.92
18 52 7.27
18 53 6.59
18 54 6.03
18 55 6.95
18 56 8.73
18 57 2.20
18 58 0.31
18 59 2.08
18 60 5.71
18 61 8.89
18 62 1.85
18 63 0.05
18 64 7.35
18 65 8.05
18 66 5.87
18 67 1.08
18 68 2.28
18 69 8.49
18 70 3.53
18 71 3.47
18 72 9.22
18 73 6.32
18 74 6.09
18 75 4.40
18 76 2.31
18 77 1.00
18 78 0.47
18 79 5.44
18 80 0.83
18 81 6.88
18 82 7.31
18 83 4.60
18 84 6.93
18 85 3.19
18 86 3.47
18 87 9.93
18 88 8.10
18 89 7.40
18 90 5.68
18 91 1.71
18 92 5.80
18 93 5.15
18 94 6.31
18 95 7.35
18 96 9.60
18 97 4.35
18 98 9.09
18 99 8.82
19 20 7.44
19 21 6.24
19 22 1.60
19 23 7.14
19 24 9.49
19 25 0.92
19 26 3.09
19 27 9.72
19 28 3.56
19 29 6.75
19 30 7.38
19 31 9.79
19 32 9.41
19 33 9.70
19 34 2.57
19 35 6.09
19 36 8.77
19 37 6.39
19 38 4.77
19 39 5.74
19 40 0.56
19 41 1.76
19 42 6.39
19 43 1.32
19 44 2.83
19 45 9.35
19 46 1.95
19 47 8.51
19 48 0.38
19 49 9.74
19 50 4.83
19 51 1.02
19 52 7.77
19 53 7.41
19 54 9.26
19 55 2.14
19 56 4.97
19 57 1.16
19 58 0.57
19 59 7.68
19 60 2.06
19 61 6.88
19 62 4.77
19 63 0.32
19 64 4.69
19 65 4.61
19 66 9.37
19 67 6.43
19 68 1.54
19 69 2.24
19 70 1.49
19 71 8.22
19 72 1.22
19 73 7.14
19 74 3.45
19 75 8.75
19 76 2.23
19 77 8.84
19 78 8.06
19 79 9.40
19 80 5.63
19 81 6.62
19 82 0.33
19 83 8.13
19 84 9.38
19 85 9.66
19 86 6.35
19 87 3.31
19 88 6.73
19 89 8.96
19 90 5.99
19 91 7.90
19 92 9.37
19 93 5.41
19 94 0.66
19 95 5.08
19 96 1.96
19 97 9.76
19 98 1.13
19 99 8.52
20 21 3.58
20 22 9.80
20 23 5.71
20 24 6.75
20 25 1.31
20 26 1.46
20 27 3.55
20 28 4.14
20 29 8.59
20 30 5.01
20 31 9.09
20 32 9.84
20 33 6.37
20 34 8.13
20 35 0.86
20 36 5.67
20 37 2.85
20 38 5.85
20 39 3.67
20 40 5.79
20 41 3.74
20 42 8.07
20 43 2.58
20 44 2.42
20 45 3.55
20 46 5.57
20 47 1.26
20 48 3.90
20 49 1.19
20 50 6.07
20 51 9.31
20 52 5.66
20 53 7.98
20 54 5.94
20 55 4.35
20 56 7.17
20 57 1.11
20 58 9.08
20 59 3.95
20 60 4.42
20 61 3.61
20 62 3.20
20 63 8.36
20 64 6.38
20 65 0.22
20 66 1.41
20 67 9.25
20 68 4.84
20 69 5.85
20 70 7.91
20 71 8.97
20 72 2.80
20 73 7.34
20 74 8.40
20 75 7.85
20 76 9.97
20 77 6.72
20 78 2.21
20 79 7.19
20 80 2.00
20 81 3.67
20 82 5.75
20 83 6.26
20 84 5.09
20 85 6.08
20 86 1.20
20 87 6.34
20 88 8.48
20 89 3.31
20 90 0.03
20 91 1.96
20 92 8.13
20 93 8.27
20 94 0.01
20 95 7.79
20 96 5.43
20 97 5.83
20 98 4.75
20 99 3.59
21 22 0.69
21 23 7.85
21 24 9.74
21 25 3.81
21 26 8.69
21 27 8.46
21 28 9.36
21 29 9.11
21 30 7.57
21 31 8.43
21 32 0.48
21 33 3.29
21 34 3.18
21 35 9.63
21 36 2.59
21 37 7.73
21 38 3.64
21 39 7.41
21 40 1.53
21 41 1.53
21 42 0.11
21 43 3.43
21 44 1.96
21 45 1.75
21 46 6.17
21 47 6.87
21 48 2.02
21 49 4.87
21 50 5.33
21 51 6.37
21 52 5.65
21 53 7.68
21 54 9.46
21 55 4.24
21 56 6.91
21 57 4.45
21 58 5.04
21 59 3.48
21 60 8.58
21 61 8.92
21 62 1.36
21 63 0.34
21 64 5.35
21 65 5.59
21 66 5.55
21 67 3.05
21 68 5.92
21 69 3.37
21 70 6.50
21 71 10.00
21 72 9.12
21 73 8.35
21 74 4.90
21 75 4.85
21 76 8.14
21 77 4.19
21 78 7.23
21 79 7.96
21 80 4.33
21 81 4.71
21 82 0.33
21 83 10.00
21 84 2.22
21 85 5.82
21 86 2.01
21 87 1.76
21 88 6.36
21 89 5.08
21 90 0.42
21 91 5.86
21 92 5.87
21 93 1.26
21 94 5.28
21 95 0.40
21 96 5.47
21 97 2.48
21 98 3.30
21 99 1.81
22 23 3.46
22 24 0.07
22 25 9.80
22 26 5.91
22 27 9.22
22 28 7.09
22 29 8.37
22 30 9.55
22 31 6.73
22 32 7.06
22 33 6.68
22 34 9.94
22 35 2.71
22 36 8.67
22 37 8.82
22 38 5.67
22 39 9.67
22 40 1.58
22 41 2.65
22 42 0.03
22 43 1.62
22 44 4.41
22 45 6.28
22 46 8.94
22 47 4.09
22 48 0.48
22 49 2.39
22 50 8.56
22 51 8.25
22 52 7.90
22 53 6.48
22 54 1.68
22 55 3.94
22 56 1.16
22 57 3.72
22 58 3.87
22 59 5.80
22 60 9.22
22 61 3.66
22 62 3.87
22 63 6.97
22 64 4.72
22 65 6.92
22 66 5.25
22 67 6.02
22 68 9.03
22 69 1.96
22 70 0.11
22 71 9.39
22 72 8.81
22 73 7.01
22 74 8.52
22 75 4.09
22 76 1.69
22 77 2.53
22 78 9.20
22 79 7.57
22 80 7.95
22 81 3.60
22 82 3.97
22 83 1.15
22 84 8.26
22 85 4.13
22 86 7.36
22 87 5.58
22 88 3.43
22 89 5.80
22 90 2.76
22 91 8.25
22 92 4.81
22 93 2.34
22 94 9.84
22 95 9.55
22 96 8.31
22 97 0.55
22 98 7.08
22 99 8.33
23 24 4.88
23 25 7.31
23 26 2.70
23 27 1.64
23 28 0.13
23 29 3.85
23 30 5.50
23 31 4.78
23 32 9.42
23 33 3.30
23 34 4.82
23 35 3.40
23 36 9.85
23 37 8.75
23 38 6.74
23 39 5.60
23 40 8.05
23 41 5.03
23 42 1.57
23 43 6.67
23 44 3.81
23 45 4.49
23 46 8.19
23 47 1.20
23 48 5.28
23 49 7.50
23 50 2.20
23 51 0.90
23 52 5.06
23 53 0.90
23 54 6.38
23 55 7.83
23 56 3.05
23 57 9.26
23 58 5.20
23 59 9.93
23 60 3.98
23 61 5.81
23 62 10.00
23 63 3.53
23 64 1.62
23 65 6.62
23 66 5.33
23 67 2.93
23 68 2.98
23 69 0.88
23 70 7.37
23 71 0.03
23 72 1.64
23 73 8.53
23 74 1.13
23 75 1.37
23 76 3.65
23 77 1.75
23 78 0.38
23 79 2.68
23 80 4.39
23 81 6.90
23 82 8.76
23 83 0.41
23 84 2.99
23 85 1.02
23 86 1.35
23 87 0.73
23 88 7.64
23 89 6.47
23 90 5.30
23 91 6.50
23 92 1.59
23 93 6.81
23 94 2.34
23 95 7.13
23 96 3.06
23 97 8.94
23 98 7.93
23 99 7.14
24 25 4.07
24 26 6.64
24 27 8.66
24 28 8.42
24 29 9.88
24 30 3.70
24 31 4.74
24 32 6.96
24 33 0.46
24 34 5.56
24 35 2.84
24 36 0.11
24 37 1.58
24 38 2.67
24 39 7.22
24 40 2.25
24 41 6.00
24 42 2.19
24 43 8.17
24 44 7.82
24 45 6.24
24 46 3.58
24 47 0.57
24 48 5.31
24 49 2.05
24 50 3.46
24 51 9.93
24 52 7.89
24 53 7.75
24 54 9.62
24 55 1.10
24 56 5.39
24 57 3.01
24 58 5.91
24 59 3.77
24 60 5.75
24 61 4.98
24 62 0.52
24 63 7.69
24 64 3.33
24 65 4.88
24 66 3.42
24 67 5.26
24 68 9.99
24 69 7.90
24 70 8.80
24 71 9.02
24 72 5.08
24 73 8.51
24 74 9.96
24 75 0.19
24 76 4.42
24 77 2.01
24 78 0.90
24 79 4.64
24 80 6.60
24 81 3.80
24 82 4.73
24 83 4.41
24 84 9.99
24 85 8.89
24 86 2.88
24 87 6.32
24 88 3.60
24 89 2.76
24 90 2.24
24 91 4.48
24 92 2.17
24 93 3.08
24 94 1.70
24 95 8.17
24 96 5.88
24 97 0.23
24 98 0.80
24 99 5.68
25 26 7.02
25 27 7.89
25 28 1.49
25 29 6.94
25 30 4.77
25 31 3.89
25 32 5.64
25 33 5.50
25 34 2.63
25 35 8.36
25 36 7.33
25 37 5.39
25 38 7.51
25 39 0.17
25 40 4.26
25 41 0.57
25 42 9.04
25 43 9.06
25 44 3.73
25 45 1.64
25 46 7.37
25 47 7.79
25 48 5.37
25 49 2.52
25 50 2.73
25 51 8.52
25 52 3.62
25 53 5.65
25 54 4.15
25 55 5.44
25 56 6.83
25 57 2.53
25 58 2.42
25 59 4.87
25 60 3.90
25 61 1.93
25 62 5.15
25 63 3.78
25 64 5.96
25 65 7.88
25 66 8.77
25 67 7.39
25 68 5.95
25 69 6.31
25 70 4.93
25 71 6.27
25 72 6.41
25 73 4.62
25 74 9.59
25 75 9.99
25 76 1.06
25 77 4.23
25 78 0.46
25 79 7.28
25 80 6.39
25 81 4.38
25 82 6.60
25 83 3.12
25 84 5.22
25 85 4.42
25 86 9.75
25 87 8.53
25 88 5.66
25 89 3.36
25 90 4.71
25 91 7.78
25 92 3.31
25 93 9.84
25 94 8.26
25 95 6.76
25 96 5.61
25 97 2.61
25 98 9.08
25 99 4.58
26 27 9.73
26 28 3.84
26 29 5.38
26 30 3.17
26 31 5.50
26 32 4.55
26 33 7.96
26 34 8.34
26 35 9.34
26 36 7.35
26 37 7.42
26 38 2.91
26 39 6.41
26 40 4.47
26 41 6.13
26 42 1.36
26 43 6.46
26 44 6.23
26 45 9.27
26 46 0.32
26 47 1.56
26 48 9.27
26 49 2.35
26 50 4.50
26 51 3.89
26 52 8.32
26 53 4.78
26 54 8.59
26 55 4.84
26 56 8.75
26 57 4.71
26 58 3.70
26 59 9.97
26 60 3.52
26 61 2.13
26 62 1.90
26 63 9.63
26 64 7.03
26 65 1.10
26 66 9.50
26 67 2.32
26 68 5.59
26 69 9.17
26 70 0.57
26 71 6.63
26 72 4.05
26 73 2.71
26 74 3.87
26 75 9.58
26 76 5.00
26 77 2.93
26 78 6.29
26 79 6.47
26 80 7.71
26 81 2.18
26 82 8.15
26 83 5.76
26 84 0.95
26 85 5.22
26 86 9.87
26 87 10.00
26 88 0.46
26 89 2.74
26 90 6.42
26 91 9.73
26 92 8.92
26 93 9.09
26 94 7.55
26 95 8.40
26 96 4.93
26 97 9.57
26 98 4.68
26 99 8.49
27 28 0.02
27 29 5.37
27 30 5.03
27 31 6.51
27 32 3.66
27 33 2.68
27 34 4.51
27 35 8.41
27 36 1.59
27 37 0.31
27 38 3.76
27 39 4.33
27 40 6.56
27 41 9.12
27 42 6.40
27 43 2.32
27 44 3.34
27 45 7.88
27 46 3.91
27 47 1.77
27 48 1.98
27 49 1.91
27 50 5.00
27 51 2.21
27 52 1.62
27 53 2.45
27 54 3.61
27 55 3.33
27 56 5.25
27 57 7.61
27 58 7.93
27 59 8.14
27 60 9.55
27 61 1.25
27 62 7.02
27 63 0.88
27 64 2.66
27 65 7.56
27 66 1.76
27 67 1.49
27 68 2.38
27 69 8.83
27 70 2.80
27 71 2.31
27 72 5.93
27 73 0.84
27 74 3.69
27 75 4.37
27 76 0.97
27 77 6.98
27 78 7.87
27 79 6.75
27 80 5.56
27 81 5.25
27 82 6.11
27 83 3.06
27 84 6.83
27 85 6.98
27 86 0.52
27 87 7.43
27 88 9.77
27 89 3.30
27 90 4.02
27 91 2.17
27 92 1.28
27 93 8.73
27 94 5.33
27 95 7.33
27 96 1.35
27 97 8.44
27 98 2.33
27 99 5.75
28 29 7.45
28 30 0.70
28 31 1.69
28 32 2.87
28 33 9.02
28 34 4.60
28 35 5.39
28 36 2.70
28 37 6.62
28 38 5.25
28 39 9.92
28 40 0.76
28 41 9.80
28 42 3.57
28 43 4.88
28 44 9.58
28 45 3.35
28 46 9.85
28 47 1.03
28 48 5.88
28 49 2.34
28 50 4.50
28 51 2.75
28 52 0.04
28 53 6.14
28 54 6.73
28 55 3.76
28 56 1.45
28 57 3.89
28 58 7.32
28 59 2.62
28 60 7.70
28 61 1.10
28 62 5.19
28 63 2.16
28 64 5.33
28 65 4.67
28 66 8.44
28 67 5.26
28 68 1.61
28 69 1.28
28 70 4.38
28 71 6.61
28 72 5.00
28 73 5.58
28 74 3.90
28 75 8.36
28 76 0.63
28 77 8.13
28 78 0.49
28 79 3.76
28 80 5.03
28 81 8.20
28 82 3.93
28 83 2.51
28 84 3.99
28 85 6.47
28 86 8.43
28 87 7.22
28 88 1.35
28 89 8.59
28 90 7.59
28 91 4.69
28 92 9.49
28 93 8.61
28 94 5.82
28 95 6.92
28 96 2.99
28 97 1.54
28 98 7.47
28 99 7.72
29 30 4.93
29 31 8.99
29 32 9.62
29 33 8.03
29 34 7.27
29 35 5.39
29 36 8.88
29 37 2.35
29 38 9.37
29 39 9.64
29 40 6.97
29 41 0.29
29 42 5.46
29 43 0.75
29 44 2.71
29 45 6.54
29 46 0.30
29 47 3.94
29 48 8.01
29 49 8.62
29 50 1.49
29 51 8.33
29 52 3.14
29 53 6.32
29 54 4.98
29 55 2.50
29 56 7.84
29 57 7.50
29 58 7.66
29 59 1.02
29 60 6.09
29 61 3.84
29 62 8.11
29 63 3.79
29 64 3.48
29 65 4.85
29 66 6.58
29 67 5.61
29 68 4.63
29 69 5.42
29 70 6.02
29 71 6.62
29 72 2.96
29 73 3.46
29 74 3.51
29 75 7.15
29 76 5.87
29 77 8.38
29 78 2.49
29 79 1.21
29 80 5.29
29 81 3.35
29 82 4.28
29 83 8.60
29 84 7.63
29 85 4.66
29 86 1.36
29 87 1.43
29 88 5.19
29 89 7.96
29 90 5.80
29 91 1.09
29 92 5.71
29 93 6.17
29 94 3.02
29 95 5.09
29 96 3.36
29 97 2.92
29 98 9.26
29 99 8.11
30 31 7.02
30 32 1.13
30 33 5.55
30 34 2.53
30 35 9.03
30 36 4.82
30 37 7.31
30 38 7.49
30 39 4.66
30 40 1.17
30 41 0.97
30 42 5.53
30 43 7.08
30 44 7.29
30 45 5.72
30 46 3.56
30 47 6.68
30 48 9.07
30 49 8.44
30 50 5.41
30 51 9.25
30 52 0.83
30 53 6.21
30 54 9.06
30 55 3.88
30 56 8.05
30 57 6.45
30 58 4.00
30 59 6.83
30 60 6.95
30 61 6.23
30 62 4.17
30 63 0.54
30 64 6.92
30 65 8.58
30 66 2.73
30 67 5.98
30 68 9.35
30 69 2.30
30 70 9.13
30 71 5.37
30 72 9.73
30 73 8.27
30 74 8.99
30 75 0.93
30 76 4.10
30 77 3.09
30 78 7.17
30 79 1.89
30 80 2.00
30 81 2.28
30 82 8.08
30 83 0.39
30 84 1.49
30 85 7.07
30 86 4.60
30 87 3.38
30 88 5.56
30 89 8.90
30 90 3.06
30 91 9.87
30 92 8.70
30 93 9.51
30 94 6.52
30 95 4.07
30 96 8.69
30 97 6.50
30 98 0.36
30 99 3.68
31 32 1.81
31 33 3.01
31 34 9.34
31 35 1.44
31 36 3.82
31 37 5.91
31 38 5.84
31 39 7.29
31 40 4.71
31 41 1.91
31 42 9.00
31 43 4.72
31 44 1.10
31 45 9.96
31 46 1.64
31 47 1.94
31 48 2.60
31 49 9.07
31 50 4.05
31 51 2.57
31 52 1.61
31 53 8.57
31 54 5.97
31 55 8.71
31 56 2.66
31 57 1.00
31 58 5.12
31 59 3.33
31 60 3.52
31 61 1.79
31 62 5.11
31 63 5.37
31 64 9.22
31 65 2.08
31 66 7.27
31 67 5.82
31 68 3.06
31 69 7.35
31 70 3.08
31 71 9.42
31 72 1.68
31 73 1.26
31 74 6.75
31 75 3.42
31 76 7.15
31 77 4.43
31 78 7.02
31 79 2.02
31 80 4.36
31 81 1.75
31 82 9.02
31 83 7.05
31 84 5.53
31 85 8.03
31 86 7.51
31 87 5.93
31 88 4.42
31 89 9.92
31 90 6.43
31 91 4.08
31 92 6.08
31 93 0.63
31 94 8.83
31 95 9.91
31 96 8.18
31 97 2.12
31 98 0.15
31 99 3.88
32 33 5.60
32 34 9.88
32 35 6.21
32 36 3.07
32 37 3.55
32 38 5.96
32 39 8.87
32 40 8.72
32 41 2.90
32 42 6.49
32 43 2.00
32 44 2.77
32 45 4.73
32 46 6.18
32 47 5.66
32 48 7.02
32 49 1.43
32 50 5.05
32 51 2.98
32 52 0.24
32 53 5.63
32 54 0.24
32 55 1.78
32 56 1.87
32 57 0.84
32 58 2.73
32 59 5.02
32 60 1.41
32 61 6.86
32 62 1.83
32 63 8.28
32 64 6.60
32 65 6.39
32 66 7.72
32 67 8.83
32 68 8.46
32 69 8.34
32 70 0.53
32 71 9.55
32 72 0.67
32 73 1.72
32 74 0.81
32 75 5.87
32 76 6.82
32 77 2.95
32 78 5.76
32 79 8.19
32 80 3.03
32 81 1.99
32 82 3.92
32 83 8.81
32 84 0.66
32 85 4.76
32 86 8.84
32 87 6.00
32 88 9.15
32 89 2.80
32 90 8.90
32 91 2.91
32 92 4.35
32 93 9.88
32 94 4.79
32 95 2.44
32 96 8.70
32 97 3.31
32 98 2.45
32 99 2.86
33 34 0.86
33 35 7.54
33 36 0.64
33 37 5.07
33 38 7.80
33 39 8.83
33 40 0.26
33 41 5.51
33 42 3.43
33 43 4.30
33 44 4.16
33 45 0.17
33 46 2.60
33 47 7.90
33 48 2.22
33 49 7.80
33 50 9.82
33 51 5.70
33 52 0.48
33 53 3.13
33 54 6.06
33 55 9.17
33 56 7.76
33 57 4.69
33 58 9.24
33 59 2.69
33 60 5.60
33 61 8.38
33 62 8.60
33 63 0.25
33 64 2.67
33 65 2.05
33 66 4.11
33 67 1.53
33 68 2.40
33 69 2.95
33 70 6.32
33 71 0.66
33 72 9.65
33 73 1.53
33 74 7.99
33 75 1.39
33 76 8.46
33 77 0.20
33 78 2.91
33 79 0.50
33 80 7.39
33 81 3.95
33 82 0.53
33 83 3.73
33 84 6.74
33 85 5.46
33 86 6.26
33 87 1.62
33 88 8.55
33 89 6.52
33 90 8.14
33 91 3.12
33 92 5.51
33 93 2.66
33 94 6.95
33 95 3.02
33 96 0.88
33 97 7.95
33 98 7.74
33 99 9.18
34 35 0.15
34 36 1.10
34 37 4.46
34 38 3.11
34 39 3.17
34 40 1.40
34 41 5.05
34 42 5.70
34 43 2.72
34 44 3.58
34 45 8.97
34 46 3.19
34 47 9.58
34 48 3.31
34 49 7.14
34 50 7.35
34 51 6.28
34 52 0.48
34 53 6.53
34 54 9.10
34 55 6.76
34 56 4.09
34 57 0.00
34 58 8.81
34 59 6.14
34 60 6.53
34 61 9.78
34 62 3.01
34 63 7.50
34 64 6.27
34 65 7.56
34 66 4.24
34 67 4.13
34 68 0.62
34 69 5.04
34 70 4.99
34 71 5.39
34 72 4.35
34 73 3.12
34 74 8.54
34 75 6.54
34 76 0.34
34 77 9.98
34 78 6.44
34 79 9.93
34 80 3.03
34 81 5.10
34 82 5.59
34 83 6.27
34 84 0.28
34 85 7.80
34 86 4.02
34 87 8.06
34 88 4.38
34 89 7.12
34 90 7.22
34 91 7.60
34 92 1.07
34 93 5.60
34 94 7.71
34 95 7.60
34 96 1.31
34 97 3.58
34 98 8.41
34 99 2.63
35 36 4.95
35 37 0.39
35 38 1.91
35 39 2.34
35 40 6.47
35 41 7.84
35 42 6.21
35 43 9.87
35 44 1.29
35 45 8.94
35 46 1.93
35 47 5.84
35 48 8.95
35 49 4.08
35 50 0.12
35 51 5.57
35 52 7.60
35 53 1.50
35 54 8.58
35 55 4.64
35 56 9.01
35 57 6.28
35 58 8.18
35 59 9.21
35 60 7.52
35 61 6.10
35 62 6.09
35 63 5.82
35 64 2.09
35 65 1.93
35 66 6.65
35 67 7.89
35 68 3.83
35 69 2.13
35 70 9.42
35 71 2.04
35 72 3.92
35 73 9.14
35 74 1.66
35 75 1.22
35 76 0.62
35 77 2.69
35 78 5.63
35 79 9.24
35 80 7.25
35 81 9.26
35 82 1.22
35 83 1.13
35 84 8.87
35 85 7.18
35 86 6.49
35 87 1.05
35 88 5.89
35 89 0.62
35 90 8.89
35 91 6.33
35 92 8.13
35 93 3.44
35 94 1.57
35 95 6.29
35 96 6.42
35 97 8.62
35 98 0.99
35 99 1.44
36 37 0.77
36 38 1.87
36 39 3.72
36 40 6.97
36 41 2.95
36 42 6.41
36 43 8.90
36 44 1.61
36 45 4.77
36 46 4.55
36 47 7.17
36 48 7.70
36 49 6.54
36 50 0.60
36 51 6.63
36 52 3.33
36 53 1.91
36 54 7.15
36 55 6.76
36 56 8.82
36 57 6.33
36 58 1.49
36 59 4.99
36 60 6.51
36 61 9.87
36 62 3.24
36 63 8.02
36 64 9.68
36 65 8.00
36 66 1.60
36 67 6.80
36 68 5.70
36 69 9.66
36 70 8.94
36 71 4.62
36 72 4.40
36 73 1.88
36 74 2.70
36 75 9.64
36 76 2.91
36 77 7.74
36 78 2.91
36 79 2.09
36 80 8.46
36 81 3.20
36 82 3.29
36 83 2.57
36 84 6.62
36 85 3.50
36 86 7.18
36 87 4.16
36 88 6.11
36 89 0.89
36 90 5.67
36 91 0.77
36 92 3.81
36 93 9.28
36 94 5.90
36 95 9.79
36 96 5.77
36 97 4.33
36 98 1.35
36 99 0.40
37 38 5.67
37 39 6.86
37 40 8.48
37 41 1.56
37 42 2.67
37 43 0.69
37 44 8.23
37 45 3.19
37 46 4.61
37 47 1.00
37 48 0.20
37 49 3.90
37 50 5.04
37 51 0.65
37 52 0.46
37 53 6.23
37 54 1.69
37 55 4.12
37 56 4.73
37 57 4.12
37 58 1.87
37 59 1.33
37 60 8.94
37 61 1.62
37 62 9.74
37 63 5.54
37 64 6.29
37 65 1.80
37 66 4.23
37 67 1.10
37 68 0.11
37 69 4.38
37 70 2.36
37 71 3.48
37 72 6.02
37 73 7.52
37 74 3.43
37 75 6.21
37 76 9.47
37 77 9.47
37 78 9.41
37 79 7.34
37 80 0.69
37 81 0.34
37 82 0.63
37 83 0.28
37 84 6.05
37 85 2.51
37 86 8.54
37 87 6.52
37 88 4.69
37 89 8.71
37 90 0.53
37 91 6.45
37 92 5.79
37 93 7.33
37 94 4.74
37 95 9.15
37 96 1.99
37 97 2.59
37 98 2.06
37 99 5.08
38 39 9.38
38 40 7.86
38 41 8.00
38 42 8.68
38 43 9.62
38 44 6.88
38 45 1.14
38 46 7.08
38 47 9.79
38 48 8.41
38 49 6.79
38 50 7.86
38 51 9.49
38 52 1.94
38 53 0.41
38 54 8.11
38 55 7.90
38 56 0.60
38 57 0.30
38 58 5.36
38 59 1.66
38 60 4.21
38 61 1.69
38 62 4.37
38 63 7.15
38 64 9.38
38 65 6.17
38 66 8.50
38 67 1.20
38 68 9.02
38 69 7.04
38 70 8.29
38 71 6.17
38 72 9.00
38 73 9.88
38 74 6.56
38 75 0.60
38 76 8.20
38 77 1.25
38 78 8.83
38 79 4.10
38 80 4.20
38 81 3.17
38 82 9.95
38 83 3.00
38 84 3.28
38 85 6.61
38 86 5.18
38 87 6.57
38 88 5.02
38 89 2.81
38 90 9.44
38 91 8.82
38 92 4.25
38 93 5.70
38 94 0.71
38 95 1.90
38 96 7.02
38 97 8.58
38 98 9.52
38 99 5.52
39 40 9.19
39 41 3.09
39 42 0.44
39 43 4.16
39 44 1.21
39 45 2.00
39 46 0.02
39 47 2.83
39 48 1.96
39 49 3.64
39 50 4.44
39 51 3.69
39 52 2.68
39 53 7.57
39 54 9.04
39 55 1.11
39 56 6.85
39 57 3.44
39 58 1.89
39 59 5.25
39 60 8.16
39 61 6.89
39 62 7.59
39 63 2.07
39 64 2.04
39 65 2.40
39 66 3.08
39 67 4.12
39 68 5.50
39 69 2.37
39 70 0.83
39 71 8.43
39 72 5.55
39 73 5.19
39 74 2.79
39 75 9.67
39 76 1.38
39 77 9.89
39 78 1.70
39 79 8.26
39 80 4.80
39 81 0.42
39 82 3.35
39 83 6.90
39 84 7.68
39 85 6.42
39 86 8.26
39 87 7.73
39 88 6.74
39 89 8.88
39 90 0.52
39 91 1.77
39 92 7.82
39 93 2.97
39 94 0.18
39 95 0.67
39 96 6.19
39 97 6.73
39 98 0.81
39 99 5.24
40 41 4.92
40 42 2.97
40 43 0.42
40 44 0.45
40 45 0.28
40 46 0.60
40 47 1.45
40 48 9.44
40 49 6.79
40 50 9.99
40 51 6.89
40 52 9.36
40 53 9.02
40 54 5.45
40 55 2.43
40 56 6.93
40 57 1.51
40 58 7.28
40 59 9.75
40 60 8.05
40 61 8.16
40 62 6.91
40 63 3.55
40 64 4.57
40 65 0.20
40 66 2.83
40 67 7.08
40 68 6.70
40 69 1.81
40 70 3.12
40 71 6.82
40 72 7.00
40 73 3.67
40 74 1.22
40 75 4.48
40 76 5.93
40 77 8.96
40 78 4.63
40 79 7.46
40 80 2.98
40 81 4.15
40 82 7.18
40 83 8.49
40 84 6.37
40 85 1.55
40 86 3.59
40 87 7.95
40 88 8.81
40 89 8.04
40 90 1.09
40 91 9.59
40 92 1.82
40 93 6.46
40 94 2.23
40 95 2.14
40 96 7.10
40 97 6.32
40 98 8.08
40 99 5.69
41 42 3.17
41 43 8.85
41 44 0.77
41 45 9.72
41 46 9.82
41 47 2.08
41 48 3.96
41 49 5.41
41 50 8.48
41 51 3.40
41 52 1.80
41 53 2.72
41 54 3.27
41 55 2.08
41 56 6.00
41 57 8.71
41 58 3.90
41 59 8.40
41 60 4.92
41 61 2.26
41 62 9.52
41 63 9.97
41 64 3.31
41 65 1.92
41 66 4.41
41 67 3.20
41 68 8.19
41 69 5.80
41 70 9.03
41 71 0.75
41 72 9.17
41 73 6.68
41 74 6.49
41 75 9.07
41 76 0.55
41 77 8.53
41 78 8.54
41 79 6.80
41 80 5.62
41 81 9.56
41 82 0.11
41 83 0.22
41 84 2.37
41 85 4.40
41 86 7.81
41 87 1.16
41 88 0.36
41 89 0.89
41 90 9.75
41 91 5.52
41 92 4.08
41 93 0.96
41 94 0.91
41 95 6.90
41 96 0.35
41 97 8.27
41 98 3.95
41 99 2.65
42 43 0.72
42 44 0.24
42 45 5.14
42 46 0.41
42 47 3.90
42 48 7.36
42 49 3.69
42 50 9.21
42 51 3.98
42 52 6.25
42 53 8.54
42 54 6.43
42 55 3.27
42 56 3.76
42 57 1.67
42 58 6.01
42 59 4.21
42 60 9.28
42 61 0.17
42 62 8.11
42 63 9.10
42 64 3.54
42 65 7.91
42 66 1.71
42 67 8.26
42 68 0.18
42 69 0.17
42 70 0.86
42 71 0.94
42 72 7.33
42 73 6.31
42 74 4.89
42 75 0.66
42 76 6.94
42 77 9.74
42 78 7.76
42 79 6.06
42 80 5.78
42 81 1.90
42 82 3.01
42 83 4.91
42 84 4.48
42 85 9.35
42 86 8.56
42 87 7.46
42 88 8.02
42 89 9.80
42 90 6.14
42 91 3.12
42 92 6.69
42 93 5.00
42 94 3.33
42 95 5.40
42 96 1.79
42 97 9.79
42 98 9.47
42 99 2.10
43 44 3.67
43 45 6.70
43 46 8.59
43 47 7.25
43 48 7.33
43 49 4.89
43 50 7.31
43 51 8.92
43 52 2.97
43 53 4.35
43 54 1.27
43 55 6.49
43 56 2.23
43 57 0.72
43 58 4.32
43 59 5.92
43 60 3.16
43 61 8.05
43 62 0.36
43 63 0.80
43 64 7.72
43 65 3.64
43 66 9.28
43 67 6.15
43 68 8.27
43 69 4.40
43 70 2.26
43 71 9.87
43 72 0.76
43 73 1.05
43 74 5.23
43 75 1.49
43 76 3.33
43 77 1.69
43 78 9.66
43 79 9.72
43 80 3.87
43 81 8.39
43 82 5.60
43 83 4.95
43 84 6.18
43 85 7.57
43 86 7.19
43 87 4.40
43 88 8.04
43 89 3.88
43 90 0.12
43 91 8.58
43 92 8.00
43 93 7.71
43 94 9.47
43 95 5.10
43 96 4.87
43 97 0.39
43 98 6.17
43 99 5.69
44 45 4.25
44 46 4.33
44 47 7.30
44 48 5.34
44 49 9.31
44 50 8.66
44 51 3.58
44 52 8.34
44 53 2.94
44 54 1.41
44 55 7.40
44 56 5.78
44 57 5.01
44 58 8.56
44 59 6.66
44 60 5.05
44 61 1.41
44 62 9.46
44 63 9.42
44 64 9.67
44 65 6.43
44 66 3.04
44 67 8.69
44 68 3.05
44 69 7.93
44 70 0.75
44 71 9.95
44 72 4.32
44 73 6.98
44 74 4.84
44 75 8.04
44 76 0.18
44 77 2.61
44 78 9.77
44 79 6.60
44 80 4.54
44 81 6.20
44 82 2.37
44 83 3.32
44 84 8.82
44 85 4.72
44 86 7.12
44 87 2.47
44 88 6.15
44 89 5.58
44 90 0.46
44 91 3.43
44 92 1.49
44 93 4.65
44 94 4.25
44 95 6.10
44 96 4.72
44 97 8.08
44 98 8.19
44 99 2.42
45 46 5.69
45 47 9.84
45 48 5.56
45 49 2.33
45 50 1.74
45 51 0.97
45 52 1.52
45 53 1.94
45 54 4.59
45 55 3.37
45 56 4.33
45 57 9.34
45 58 0.48
45 59 4.03
45 60 5.00
45 61 7.91
45 62 4.37
45 63 2.53
45 64 1.58
45 65 8.26
45 66 6.52
45 67 3.72
45 68 5.28
45 69 3.42
45 70 2.27
45 71 1.39
45 72 0.65
45 73 4.41
45 74 9.16
45 75 3.03
45 76 9.43
45 77 5.34
45 78 1.64
45 79 8.41
45 80 9.22
45 81 5.39
45 82 3.39
45 83 2.37
45 84 8.74
45 85 3.01
45 86 3.26
45 87 2.61
45 88 8.60
45 89 5.53
45 90 9.28
45 91 0.96
45 92 9.76
45 93 9.88
45 94 1.31
45 95 8.94
45 96 9.32
45 97 7.15
45 98 1.97
45 99 1.11
46 47 6.29
46 48 2.10
46 49 7.96
46 50 9.48
46 51 5.20
46 52 8.77
46 53 6.79
46 54 5.52
46 55 9.97
46 56 0.20
46 57 3.09
46 58 3.83
46 59 5.52
46 60 4.83
46 61 1.45
46 62 1.82
46 63 2.89
46 64 3.61
46 65 7.76
46 66 3.60
46 67 1.95
46 68 2.35
46 69 6.53
46 70 6.50
46 71 2.22
46 72 8.91
46 73 4.95
46 74 8.49
46 75 5.55
46 76 2.18
46 77 2.07
46 78 7.95
46 79 8.48
46 80 1.25
46 81 3.55
46 82 0.19
46 83 6.03
46 84 8.59
46 85 9.98
46 86 1.05
46 87 9.10
46 88 9.88
46 89 9.75
46 90 6.30
46 91 7.80
46 92 1.81
46 93 6.80
46 94 4.40
46 95 5.31
46 96 0.71
46 97 7.06
46 98 1.32
46 99 9.93
47 48 5.24
47 49 3.60
47 50 2.77
47 51 8.78
47 52 7.45
47 53 4.67
47 54 7.18
47 55 2.01
47 56 6.23
47 57 7.32
47 58 1.14
47 59 4.67
47 60 8.75
47 61 7.26
47 62 9.89
47 63 4.15
47 64 2.31
47 65 0.15
47 66 6.97
47 67 4.50
47 68 8.04
47 69 8.45
47 70 4.35
47 71 0.15
47 72 1.22
47 73 2.05
47 74 2.47
47 75 9.81
47 76 0.44
47 77 9.22
47 78 9.69
47 79 6.62
47 80 8.28
47 81 0.32
47 82 1.27
47 83 1.28
47 84 2.55
47 85 5.33
47 86 9.23
47 87 7.83
47 88 8.22
47 89 5.17
47 90 9.22
47 91 1.86
47 92 1.51
47 93 6.14
47 94 6.51
47 95 8.55
47 96 2.54
47 97 3.45
47 98 0.58
47 99 1.05
48 49 4.89
48 50 4.39
48 51 8.79
48 52 6.05
48 53 0.71
48 54 0.83
48 55 1.30
48 56 6.95
48 57 8.48
48 58 7.63
48 59 3.92
48 60 8.52
48 61 9.28
48 62 6.17
48 63 4.61
48 64 4.02
48 65 0.82
48 66 1.25
48 67 4.66
48 68 0.43
48 69 9.34
48 70 3.26
48 71 7.73
48 72 6.84
48 73 3.90
48 74 2.18
48 75 4.48
48 76 6.51
48 77 4.51
48 78 7.95
48 79 0.97
48 80 8.64
48 81 9.23
48 82 3.97
48 83 1.49
48 84 8.45
48 85 1.10
48 86 9.60
48 87 6.52
48 88 1.07
48 89 1.19
48 90 4.31
48 91 5.36
48 92 1.92
48 93 3.93
48 94 5.41
48 95 7.72
48 96 6.82
48 97 1.41
48 98 3.05
48 99 3.53
49 50 8.72
49 51 4.99
49 52 2.34
49 53 0.16
49 54 6.62
49 55 5.95
49 56 5.18
49 57 9.95
49 58 0.44
49 59 4.65
49 60 2.27
49 61 0.08
49 62 7.09
49 63 8.02
49 64 4.13
49 65 4.62
49 66 9.39
49 67 5.20
49 68 1.80
49 69 1.63
49 70 5.52
49 71 4.78
49 72 3.93
49 73 8.02
49 74 2.01
49 75 8.72
49 76 0.06
49 77 4.38
49 78 4.63
49 79 5.10
49 80 2.52
49 81 0.89
49 82 3.04
49 83 4.39
49 84 0.40
49 85 8.75
49 86 2.67
49 87 3.57
49 88 6.13
49 89 2.18
49 90 2.23
49 91 8.33
49 92 6.77
49 93 9.49
49 94 0.96
49 95 1.34
49 96 3.06
49 97 8.07
49 98 5.96
49 99 9.36
50 51 0.72
50 52 8.68
50 53 6.32
50 54 7.99
50 55 0.34
50 56 0.64
50 57 6.13
50 58 8.38
50 59 5.41
50 60 6.42
50 61 6.47
50 62 4.12
50 63 6.15
50 64 2.51
50 65 0.56
50 66 5.09
50 67 2.24
50 68 3.30
50 69 8.72
50 70 3.61
50 71 9.72
50 72 2.76
50 73 6.64
50 74 5.99
50 75 7.62
50 76 8.01
50 77 4.28
50 78 8.26
50 79 7.57
50 80 1.25
50 81 1.93
50 82 2.23
50 83 1.92
50 84 3.57
50 85 5.34
50 86 6.51
50 87 0.40
50 88 8.09
50 89 8.87
50 90 4.46
50 91 5.70
50 92 8.94
50 93 6.08
50 94 2.42
50 95 0.02
50 96 2.86
50 97 8.87
50 98 2.77
50 99 1.86
51 52 2.39
51 53 6.39
51 54 6.38
51 55 2.49
51 56 8.90
51 57 9.15
51 58 1.22
51 59 0.19
51 60 2.56
51 61 9.74
51 62 7.40
51 63 0.60
51 64 5.25
51 65 8.11
51 66 7.77
51 67 9.92
51 68 9.99
51 69 6.23
51 70 1.86
51 71 6.48
51 72 9.90
51 73 4.50
51 74 7.95
51 75 8.81
51 76 8.65
51 77 5.28
51 78 3.85
51 79 4.22
51 80 6.58
51 81 2.11
51 82 7.84
51 83 1.51
51 84 1.88
51 85 0.99
51 86 2.20
51 87 4.78
51 88 5.48
51 89 8.66
51 90 5.01
51 91 5.76
51 92 1.33
51 93 9.26
51 94 8.65
51 95 4.75
51 96 4.10
51 97 9.69
51 98 7.82
51 99 6.93
52 53 9.26
52 54 5.44
52 55 5.25
52 56 3.02
52 57 2.16
52 58 2.73
52 59 1.45
52 60 9.46
52 61 4.46
52 62 7.49
52 63 2.62
52 64 2.63
52 65 6.92
52 66 6.70
52 67 6.72
52 68 8.99
52 69 4.40
52 70 7.11
52 71 2.45
52 72 2.65
52 73 3.26
52 74 1.14
52 75 3.05
52 76 4.65
52 77 9.85
52 78 4.05
52 79 8.25
52 80 2.13
52 81 9.64
52 82 4.09
52 83 3.43
52 84 9.43
52 85 0.17
52 86 4.99
52 87 4.52
52 88 6.91
52 89 1.95
52 90 4.31
52 91 3.26
52 92 2.74
52 93 8.49
52 94 6.53
52 95 1.09
52 96 4.05
52 97 2.15
52 98 4.65
52 99 0.75
53 54 5.58
53 55 2.95
53 56 0.10
53 57 0.41
53 58 3.30
53 59 0.85
53 60 0.04
53 61 5.18
53 62 2.17
53 63 2.81
53 64 0.01
53 65 9.52
53 66 4.61
53 67 9.87
53 68 5.57
53 69 7.55
53 70 6.18
53 71 3.73
53 72 9.83
53 73 3.46
53 74 6.62
53 75 3.76
53 76 7.38
53 77 6.22
53 78 5.15
53 79 9.62
53 80 1.64
53 81 6.41
53 82 6.47
53 83 4.65
53 84 2.77
53 85 8.97
53 86 6.81
53 87 3.66
53 88 8.26
53 89 5.73
53 90 8.58
53 91 9.95
53 92 2.55
53 93 9.71
53 94 8.22
53 95 4.26
53 96 5.73
53 97 8.17
53 98 6.54
53 99 6.56
54 55 1.09
54 56 8.25
54 57 5.06
54 58 2.83
54 59 8.98
54 60 3.68
54 61 6.85
54 62 2.13
54 63 5.71
54 64 5.51
54 65 7.69
54 66 0.55
54 67 1.85
54 68 1.28
54 69 7.89
54 70 7.12
54 71 3.42
54 72 1.93
54 73 6.56
54 74 2.81
54 75 3.77
54 76 6.67
54 77 8.09
54 78 6.43
54 79 6.68
54 80 5.18
54 81 2.69
54 82 1.24
54 83 9.01
54 84 8.99
54 85 5.15
54 86 8.86
54 87 9.96
54 88 0.38
54 89 8.91
54 90 2.90
54 91 4.40
54 92 7.89
54 93 5.33
54 94 3.61
54 95 3.90
54 96 1.53
54 97 0.35
54 98 3.20
54 99 4.00
55 56 0.35
55 57 4.47
55 58 2.63
55 59 3.72
55 60 3.31
55 61 2.76
55 62 1.66
55 63 2.73
55 64 0.63
55 65 1.19
55 66 3.85
55 67 0.03
55 68 3.10
55 69 8.20
55 70 8.12
55 71 6.62
55 72 8.64
55 73 0.55
55 74 3.74
55 75 1.08
55 76 6.39
55 77 0.71
55 78 7.86
55 79 8.14
55 80 2.66
55 81 2.33
55 82 0.87
55 83 8.33
55 84 5.89
55 85 0.02
55 86 2.45
55 87 8.44
55 88 1.54
55 89 0.86
55 90 0.24
55 91 0.32
55 92 2.31
55 93 0.25
55 94 9.30
55 95 5.94
55 96 8.09
55 97 6.02
55 98 1.97
55 99 6.39
56 57 6.72
56 58 3.09
56 59 7.74
56 60 6.00
56 61 4.01
56 62 8.55
56 63 5.19
56 64 0.47
56 65 6.40
56 66 1.27
56 67 7.51
56 68 8.50
56 69 1.83
56 70 0.62
56 71 7.89
56 72 0.18
56 73 2.31
56 74 4.24
56 75 1.77
56 76 9.15
56 77 5.60
56 78 6.61
56 79 9.06
56 80 6.13
56 81 1.17
56 82 4.24
56 83 8.33
56 84 3.41
56 85 9.65
56 86 4.69
56 87 4.73
56 88 1.82
56 89 8.62
56 90 0.22
56 91 4.53
56 92 5.65
56 93 2.52
56 94 1.47
56 95 4.55
56 96 9.68
56 97 7.52
56 98 3.38
56 99 2.98
57 58 6.94
57 59 8.53
57 60 5.01
57 61 0.81
57 62 2.43
57 63 0.46
57 64 4.93
57 65 4.29
57 66 2.14
57 67 5.11
57 68 2.26
57 69 8.40
57 70 5.22
57 71 1.84
57 72 3.04
57 73 1.67
57 74 2.89
57 75 5.00
57 76 0.29
57 77 5.57
57 78 8.26
57 79 6.00
57 80 5.66
57 81 1.89
57 82 4.61
57 83 3.31
57 84 3.17
57 85 9.12
57 86 4.85
57 87 2.40
57 88 5.11
57 89 0.59
57 90 0.17
57 91 4.36
57 92 4.49
57 93 8.35
57 94 5.91
57 95 2.54
57 96 2.87
57 97 0.64
57 98 0.28
57 99 1.39
58 59 7.14
58 60 0.62
58 61 1.50
58 62 8.19
58 63 2.80
58 64 8.07
58 65 0.01
58 66 5.21
58 67 9.97
58 68 6.32
58 69 5.64
58 70 1.31
58 71 7.71
58 72 5.80
58 73 4.28
58 74 4.59
58 75 0.42
58 76 9.75
58 77 2.22
58 78 6.75
58 79 5.97
58 80 9.90
58 81 2.47
58 82 6.66
58 83 4.14
58 84 1.24
58 85 2.33
58 86 7.72
58 87 7.87
58 88 9.30
58 89 8.13
58 90 9.51
58 91 6.17
58 92 5.10
58 93 8.25
58 94 1.02
58 95 8.84
58 96 1.84
58 97 3.26
58 98 2.39
58 99 9.37
59 60 5.06
59 61 1.28
59 62 2.22
59 63 9.20
59 64 8.09
59 65 9.97
59 66 4.21
59 67 2.97
59 68 2.76
59 69 4.01
59 70 6.15
59 71 6.44
59 72 0.24
59 73 0.30
59 74 1.29
59 75 9.60
59 76 5.45
59 77 6.80
59 78 1.21
59 79 5.56
59 80 0.03
59 81 3.91
59 82 6.04
59 83 5.57
59 84 5.95
59 85 6.78
59 86 1.22
59 87 7.71
59 88 0.35
59 89 2.21
59 90 3.16
59 91 8.81
59 92 1.39
59 93 9.53
59 94 8.49
59 95 3.75
59 96 8.82
59 97 0.12
59 98 2.95
59 99 0.22
60 61 8.51
60 62 4.87
60 63 0.74
60 64 0.54
60 65 6.19
60 66 1.28
60 67 4.44
60 68 9.04
60 69 6.99
60 70 6.18
60 71 5.50
60 72 5.58
60 73 1.17
60 74 4.36
60 75 8.29
60 76 8.09
60 77 0.68
60 78 1.19
60 79 1.89
60 80 0.64
60 81 1.23
60 82 7.76
60 83 8.66
60 84 6.20
60 85 4.77
60 86 2.24
60 87 9.98
60 88 8.51
60 89 2.16
60 90 1.76
60 91 1.13
60 92 3.78
60 93 1.03
60 94 0.12
60 95 3.96
60 96 7.42
60 97 4.43
60 98 8.42
60 99 4.15
61 62 3.74
61 63 7.04
61 64 0.27
61 65 7.30
61 66 3.70
61 67 0.40
61 68 4.18
61 69 7.19
61 70 9.20
61 71 7.04
61 72 0.26
61 73 6.16
61 74 1.54
61 75 2.41
61 76 9.46
61 77 4.31
61 78 7.53
61 79 8.93
61 80 3.21
61 81 3.43
61 82 3.81
61 83 6.53
61 84 1.69
61 85 9.37
61 86 0.26
61 87 2.40
61 88 8.05
61 89 7.01
61 90 5.03
61 91 2.42
61 92 6.34
61 93 1.37
61 94 3.77
61 95 3.69
61 96 9.54
61 97 3.10
61 98 5.37
61 99 9.72
62 63 2.14
62 64 8.76
62 65 9.82
62 66 5.41
62 67 9.42
62 68 1.58
62 69 9.63
62 70 2.18
62 71 9.96
62 72 3.40
62 73 3.06
62 74 2.83
62 75 1.69
62 76 1.68
62 77 8.39
62 78 0.73
62 79 3.29
62 80 9.35
62 81 4.51
62 82 9.82
62 83 0.85
62 84 8.18
62 85 2.24
62 86 0.47
62 87 4.30
62 88 2.86
62 89 5.15
62 90 7.54
62 91 7.70
62 92 7.41
62 93 1.09
62 94 2.33
62 95 4.65
62 96 2.69
62 97 0.81
62 98 9.89
62 99 2.22
63 64 6.10
63 65 4.06
63 66 4.82
63 67 8.11
63 68 4.00
63 69 6.49
63 70 4.47
63 71 4.91
63 72 9.53
63 73 3.18
63 74 9.08
63 75 7.65
63 76 0.69
63 77 8.34
63 78 3.24
63 79 3.30
63 80 6.52
63 81 4.61
63 82 8.02
63 83 3.94
63 84 6.89
63 85 6.21
63 86 7.24
63 87 7.35
63 88 7.62
63 89 1.64
63 90 9.25
63 91 4.17
63 92 0.48
63 93 7.31
63 94 5.47
63 95 5.19
63 96 6.78
63 97 1.92
63 98 4.68
63 99 6.02
64 65 6.70
64 66 3.93
64 67 9.29
64 68 2.05
64 69 4.31
64 70 1.06
64 71 6.25
64 72 5.66
64 73 3.10
64 74 5.60
64 75 8.51
64 76 1.22
64 77 3.83
64 78 5.22
64 79 2.24
64 80 2.63
64 81 7.12
64 82 1.27
64 83 2.36
64 84 2.83
64 85 5.92
64 86 8.65
64 87 7.40
64 88 1.35
64 89 8.93
64 90 3.23
64 91 7.47
64 92 6.88
64 93 3.56
64 94 6.60
64 95 1.55
64 96 4.78
64 97 2.98
64 98 1.15
64 99 1.58
65 66 8.22
65 67 7.51
65 68 2.19
65 69 3.88
65 70 9.06
65 71 2.97
65 72 7.60
65 73 5.98
65 74 3.05
65 75 3.53
65 76 8.93
65 77 0.11
65 78 1.71
65 79 2.20
65 80 4.53
65 81 0.09
65 82 1.75
65 83 9.39
65 84 3.92
65 85 6.41
65 86 4.36
65 87 7.01
65 88 9.59
65 89 0.79
65 90 5.38
65 91 1.58
65 92 9.91
65 93 3.22
65 94 6.72
65 95 9.84
65 96 5.94
65 97 2.38
65 98 4.42
65 99 8.94
66 67 8.07
66 68 1.41
66 69 4.39
66 70 7.81
66 71 4.79
66 72 5.45
66 73 6.49
66 74 0.47
66 75 6.97
66 76 1.47
66 77 2.03
66 78 7.47
66 79 0.19
66 80 2.51
66 81 7.94
66 82 3.15
66 83 1.68
66 84 9.07
66 85 2.62
66 86 2.73
66 87 5.41
66 88 3.32
66 89 5.52
66 90 1.66
66 91 5.23
66 92 1.70
66 93 1.03
66 94 7.22
66 95 0.49
66 96 9.80
66 97 6.10
66 98 7.14
66 99 7.52
67 68 1.35
67 69 2.50
67 70 5.08
67 71 6.28
67 72 8.30
67 73 9.63
67 74 9.01
67 75 1.54
67 76 8.70
67 77 0.41
67 78 7.73
67 79 7.91
67 80 3.90
67 81 2.11
67 82 7.81
67 83 6.52
67 84 3.80
67 85 8.34
67 86 3.64
67 87 5.48
67 88 3.48
67 89 6.87
67 90 7.90
67 91 6.82
67 92 8.96
67 93 7.61
67 94 7.50
67 95 9.79
67 96 0.98
67 97 7.84
67 98 4.57
67 99 6.57
68 69 7.91
68 70 1.39
68 71 5.22
68 72 3.59
68 73 6.29
68 74 6.75
68 75 0.84
68 76 3.72
68 77 9.43
68 78 2.72
68 79 4.16
68 80 5.13
68 81 4.24
68 82 2.96
68 83 9.49
68 84 4.71
68 85 7.94
68 86 6.51
68 87 9.64
68 88 7.41
68 89 7.61
68 90 2.67
68 91 3.88
68 92 0.76
68 93 5.58
68 94 7.30
68 95 5.67
68 96 3.10
68 97 2.48
68 98 7.50
68 99 8.63
69 70 4.85
69 71 3.10
69 72 0.18
69 73 8.86
69 74 8.50
69 75 2.43
69 76 2.98
69 77 6.41
69 78 3.16
69 79 7.99
69 80 1.09
69 81 5.92
69 82 6.89
69 83 8.90
69 84 7.01
69 85 9.73
69 86 0.43
69 87 2.08
69 88 7.03
69 89 8.28
69 90 5.21
69 91 3.67
69 92 0.31
69 93 2.15
69 94 3.08
69 95 9.73
69 96 9.63
69 97 0.55
69 98 3.00
69 99 6.06
70 71 7.22
70 72 9.27
70 73 1.44
70 74 7.12
70 75 6.63
70 76 7.83
70 77 7.78
70 78 4.87
70 79 8.08
70 80 2.52
70 81 6.81
70 82 0.54
70 83 5.34
70 84 0.42
70 85 5.71
70 86 4.19
70 87 4.74
70 88 3.35
70 89 9.95
70 90 1.77
70 91 8.19
70 92 8.27
70 93 5.08
70 94 5.24
70 95 4.46
70 96 8.44
70 97 1.61
70 98 7.27
70 99 0.83
71 72 0.70
71 73 1.84
71 74 8.39
71 75 9.80
71 76 8.70
71 77 1.54
71 78 8.75
71 79 7.60
71 80 7.17
71 81 8.74
71 82 6.37
71 83 8.61
71 84 3.49
71 85 9.98
71 86 5.65
71 87 6.44
71 88 2.63
71 89 4.45
71 90 3.41
71 91 1.81
71 92 6.35
71 93 6.55
71 94 0.53
71 95 5.71
71 96 9.09
71 97 9.96
71 98 4.41
71 99 1.23
72 73 8.52
72 74 2.76
72 75 5.94
72 76 1.72
72 77 6.37
72 78 0.90
72 79 1.81
72 80 5.41
72 81 2.63
72 82 1.32
72 83 2.45
72 84 7.18
72 85 1.42
72 86 0.84
72 87 2.09
72 88 7.11
72 89 3.63
72 90 4.83
72 91 7.39
72 92 5.28
72 93 0.45
72 94 9.94
72 95 9.60
72 96 2.95
72 97 4.01
72 98 0.60
72 99 2.16
73 74 9.77
73 75 6.60
73 76 5.79
73 77 3.95
73 78 8.02
73 79 8.37
73 80 1.07
73 81 6.99
73 82 5.65
73 83 1.66
73 84 4.41
73 85 1.58
73 86 5.32
73 87 5.32
73 88 6.92
73 89 5.98
73 90 6.82
73 91 8.65
73 92 4.50
73 93 8.78
73 94 8.27
73 95 5.88
73 96 7.70
73 97 3.27
73 98 1.40
73 99 5.44
74 75 0.00
74 76 3.17
74 77 1.61
74 78 6.74
74 79 9.99
74 80 10.00
74 81 3.76
74 82 3.45
74 83 6.19
74 84 0.72
74 85 3.65
74 86 3.02
74 87 2.50
74 88 8.68
74 89 4.97
74 90 2.47
74 91 0.58
74 92 0.34
74 93 0.76
74 94 2.47
74 95 0.37
74 96 8.47
74 97 7.80
74 98 3.32
74 99 2.62
75 76 3.25
75 77 4.00
75 78 2.32
75 79 2.03
75 80 8.38
75 81 3.44
75 82 3.49
75 83 4.17
75 84 2.84
75 85 6.23
75 86 3.64
75 87 3.33
75 88 9.33
75 89 6.83
75 90 3.89
75 91 8.24
75 92 5.95
75 93 4.82
75 94 0.73
75 95 2.08
75 96 3.16
75 97 8.41
75 98 3.24
75 99 8.32
76 77 5.97
76 78 8.72
76 79 9.20
76 80 5.14
76 81 0.41
76 82 9.83
76 83 4.32
76 84 4.77
76 85 3.55
76 86 3.03
76 87 3.29
76 88 9.74
76 89 2.15
76 90 4.58
76 91 6.51
76 92 8.34
76 93 7.71
76 94 8.17
76 95 9.90
76 96 0.62
76 97 3.14
76 98 6.06
76 99 1.44
77 78 0.38
77 79 4.48
77 80 8.11
77 81 6.71
77 82 9.56
77 83 8.68
77 84 4.50
77 85 1.13
77 86 8.16
77 87 3.85
77 88 1.62
77 89 6.39
77 90 7.25
77 91 8.42
77 92 2.65
77 93 6.56
77 94 7.50
77 95 3.26
77 96 6.29
77 97 0.68
77 98 0.60
77 99 9.96
78 79 6.25
78 80 3.80
78 81 8.50
78 82 4.72
78 83 1.37
78 84 7.30
78 85 3.67
78 86 5.59
78 87 1.40
78 88 1.39
78 89 6.37
78 90 2.54
78 91 4.72
78 92 2.64
78 93 8.80
78 94 9.12
78 95 7.58
78 96 9.68
78 97 0.73
78 98 8.81
78 99 8.89
79 80 6.94
79 81 4.86
79 82 7.47
79 83 2.34
79 84 6.83
79 85 4.65
79 86 8.36
79 87 6.68
79 88 3.97
79 89 0.86
79 90 1.96
79 91 1.80
79 92 1.76
79 93 5.07
79 94 3.81
79 95 6.77
79 96 6.82
79 97 3.03
79 98 4.49
79 99 6.29
80 81 3.28
80 82 2.75
80 83 5.07
80 84 4.62
80 85 2.89
80 86 8.11
80 87 0.33
80 88 7.25
80 89 2.09
80 90 9.31
80 91 9.83
80 92 6.89
80 93 3.35
80 94 8.36
80 95 2.91
80 96 2.59
80 97 5.93
80 98 6.97
80 99 9.25
81 82 4.97
81 83 6.44
81 84 1.71
81 85 3.72
81 86 1.47
81 87 2.53
81 88 1.77
81 89 8.81
81 90 5.47
81 91 6.01
81 92 0.64
81 93 5.48
81 94 1.82
81 95 3.12
81 96 7.71
81 97 3.71
81 98 2.22
81 99 0.67
82 83 1.01
82 84 1.09
82 85 8.89
82 86 4.47
82 87 5.53
82 88 4.61
82 89 0.76
82 90 9.04
82 91 4.33
82 92 0.73
82 93 0.60
82 94 3.40
82 95 0.20
82 96 5.35
82 97 5.84
82 98 5.57
82 99 0.98
83 84 5.94
83 85 3.69
83 86 0.11
83 87 6.37
83 88 5.77
83 89 2.71
83 90 1.30
83 91 0.44
83 92 1.93
83 93 0.53
83 94 6.08
83 95 7.75
83 96 4.02
83 97 3.73
83 98 9.24
83 99 8.06
84 85 1.53
84 86 0.22
84 87 4.53
84 88 5.50
84 89 0.47
84 90 4.84
84 91 8.37
84 92 2.98
84 93 5.14
84 94 6.15
84 95 4.62
84 96 7.85
84 97 3.15
84 98 7.29
84 99 8.48
85 86 2.31
85 87 9.76
85 88 5.18
85 89 5.49
85 90 3.58
85 91 0.40
85 92 4.26
85 93 0.49
85 94 8.61
85 95 1.02
85 96 8.71
85 97 3.65
85 98 6.79
85 99 0.02
86 87 6.39
86 88 8.82
86 89 7.45
86 90 8.60
86 91 9.16
86 92 8.94
86 93 2.26
86 94 4.15
86 95 4.37
86 96 9.27
86 97 6.90
86 98 9.05
86 99 2.29
87 88 2.22
87 89 2.59
87 90 3.74
87 91 9.29
87 92 5.20
87 93 2.41
87 94 2.68
87 95 0.30
87 96 1.54
87 97 0.33
87 98 8.36
87 99 4.44
88 89 5.64
88 90 8.53
88 91 8.48
88 92 3.28
88 93 0.04
88 94 2.39
88 95 8.30
88 96 3.49
88 97 0.82
88 98 7.42
88 99 0.99
89 90 0.64
89 91 5.48
89 92 8.37
89 93 6.50
89 94 5.49
89 95 1.33
89 96 7.79
89 97 2.31
89 98 7.08
89 99 6.89
90 91 2.66
90 92 7.55
90 93 3.35
90 94 7.05
90 95 4.85
90 96 4.03
90 97 7.59
90 98 7.17
90 99 0.69
91 92 3.43
91 93 8.46
91 94 2.32
91 95 6.08
91 96 2.13
91 97 5.57
91 98 2.92
91 99 6.81
92 93 0.60
92 94 4.68
92 95 9.99
92 96 2.22
92 97 2.23
92 98 9.46
92 99 1.55
93 94 0.06
93 95 5.32
93 96 7.54
93 97 8.47
93 98 7.90
93 99 5.81
94 95 8.64
94 96 4.14
94 97 9.55
94 98 3.56
94 99 9.78
95 96 5.53
95 97 5.26
95 98 4.05
95 99 9.46
96 97 5.01
96 98 5.39
96 99 2.02
97 98 6.39
97 99 4.33
98 99 3.37
