100 10
0 1 8.22
0 2 8.64
0 3 0.75
0 4 6.06
0 5 2.68
0 6 3.57
0 7 7.13
0 8 3.93
0 9 7.08
0 10 4.01
0 11 4.97
0 12 4.57
0 13 0.34
0 14 5.96
0 15 0.72
0 16 5.15
0 17 7.38
0 18 1.83
0 19 9.43
0 20 0.47
0 21 4.92
0 22 2.97
0 23 1.58
0 24 9.58
0 25 3.02
0 26 1.14
0 27 2.95
0 28 7.67
0 29 7.21
0 30 1.48
0 31 5.87
0 32 2.90
0 33 2.76
0 34 7.96
0 35 8.89
0 36 1.81
0 37 2.00
0 38 2.20
0 39 2.37
0 40 0.78
0 41 8.12
0 42 1.82
0 43 8.18
0 44 4.03
0 45 3.02
0 46 4.54
0 47 6.47
0 48 3.64
0 49 2.39
0 50 6.10
0 51 2.95
0 52 1.00
0 53 1.24
0 54 9.51
0 55 1.21
0 56 2.88
0 57 4.41
0 58 4.89
0 59 6.98
0 60 2.43
0 61 4.93
0 62 8.25
0 63 1.63
0 64 1.73
0 65 9.82
0 66 5.56
0 67 0.61
0 68 5.06
0 69 5.98
0 70 7.94
0 71 5.63
0 72 6.35
0 73 2.46
0 74 1.87
0 75 0.06
0 76 6.07
0 77 5.43
0 78 8.72
0 79 6.34
0 80 2.74
0 81 8.04
0 82 3.19
0 83 1.39
0 84 8.84
0 85 1.37
0 86 3.53
0 87 8.53
0 88 5.71
0 89 7.65
0 90 1.18
0 91 9.36
0 92 4.01
0 93 4.40
0 94 7.55
0 95 6.51
0 96 4.83
0 97 8.82
0 98 5.29
0 99 7.33
1 2 4.02
1 3 3.36
1 4 9.26
1 5 6.13
1 6 6.61
1 7 5.45
1 8 9.27
1 9 1.21
1 10 0.65
1 11 1.45
1 12 5.38
1 13 3.54
1 14 4.77
1 15 1.66
1 16 2.81
1 17 0.80
1 18 9.85
1 19 3.73
1 20 2.64
1 21 8.81
1 22 2.98
1 23 7.23
1 24 7.19
1 25 8.10
1 26 8.99
1 27 5.50
1 28 7.47
1 29 0.98
1 30 7.73
1 31 0.20
1 32 8.39
1 33 5.31
1 34 1.77
1 35 8.46
1 36 2.85
1 37 7.53
1 38 5.50
1 39 2.04
1 40 2.79
1 41 7.28
1 42 1.90
1 43 1.24
1 44 7.02
1 45 6.48
1 46 8.43
1 47 7.49
1 48 3.78
1 49 0.20
1 50 7.20
1 51 6.94
1 52 5.15
1 53 2.31
1 54 6.57
1 55 6.39
1 56 2.07
1 57 4.79
1 58 1.38
1 59 0.56
1 60 2.52
1 61 5.48
1 62 4.71
1 63 4.53
1 64 4.68
1 65 7.66
1 66 4.90
1 67 5.93
1 68 1.96
1 69 3.58
1 70 4.58
1 71 7.96
1 72 0.20
1 73 0.45
1 74 0.09
1 75 1.74
1 76 4.98
1 77 9.74
1 78 1.58
1 79 9.86
1 80 7.88
1 81 3.94
1 82 3.77
1 83 9.37
1 84 9.69
1 85 7.84
1 86 0.65
1 87 7.35
1 88 1.92
1 89 5.09
1 90 0.86
1 91 7.71
1 92 9.27
1 93 2.99
1 94 9.28
1 95 9.43
1 96 2.05
1 97 3.04
1 98 1.44
1 99 4.14
2 3 8.59
2 4 1.52
2 5 3.89
2 6 0.85
2 7 0.58
2 8 4.22
2 9 2.05
2 10 7.60
2 11 1.74
2 12 8.82
2 13 0.88
2 14 2.67
2 15 8.98
2 16 2.83
2 17 5.31
2 18 1.31
2 19 3.17
2 20 9.90
2 21 2.41
2 22 1.37
2 23 5.41
2 24 3.80
2 25 9.88
2 26 9.17
2 27 4.17
2 28 7.24
2 29 9.62
2 30 4.35
2 31 1.99
2 32 4.38
2 33 9.07
2 34 0.87
2 35 7.14
2 36 6.18
2 37 6.62
2 38 8.01
2 39 0.72
2 40 3.24
2 41 4.02
2 42 5.80
2 43 7.14
2 44 2.45
2 45 6.87
2 46 2.61
2 47 5.06
2 48 0.33
2 49 8.09
2 50 1.81
2 51 2.05
2 52 3.05
2 53 5.95
2 54 5.94
2 55 7.57
2 56 0.59
2 57 0.42
2 58 6.62
2 59 9.22
2 60 5.93
2 61 4.91
2 62 1.00
2 63 8.23
2 64 1.52
2 65 8.87
2 66 0.18
2 67 2.21
2 68 7.76
2 69 0.30
2 70 1.76
2 71 7.28
2 72 1.41
2 73 7.35
2 74 9.26
2 75 6.11
2 76 0.04
2 77 0.36
2 78 4.38
2 79 8.33
2 80 7.88
2 81 9.25
2 82 4.97
2 83 9.07
2 84 1.90
2 85 4.69
2 86 9.53
2 87 2.22
2 88 3.07
2 89 9.64
2 90 5.72
2 91 6.71
2 92 8.86
2 93 6.21
2 94 3.97
2 95 2.74
2 96 4.13
2 97 5.77
2 98 7.67
2 99 2.75
3 4 3.71
3 5 6.01
3 6 0.38
3 7 10.00
3 8 8.40
3 9 9.90
3 10 4.99
3 11 6.26
3 12 5.84
3 13 7.89
3 14 7.79
3 15 7.82
3 16 0.50
3 17 2.29
3 18 5.15
3 19 6.85
3 20 0.61
3 21 3.55
3 22 3.23
3 23 6.24
3 24 0.05
3 25 4.40
3 26 7.26
3 27 7.87
3 28 4.47
3 29 4.01
3 30 7.57
3 31 8.19
3 32 5.66
3 33 3.47
3 34 1.48
3 35 1.75
3 36 3.90
3 37 3.87
3 38 3.90
3 39 0.47
3 40 3.91
3 41 1.18
3 42 9.02
3 43 6.99
3 44 6.91
3 45 0.10
3 46 9.67
3 47 4.83
3 48 5.58
3 49 9.70
3 50 6.03
3 51 7.58
3 52 0.87
3 53 9.81
3 54 6.00
3 55 3.73
3 56 7.45
3 57 8.87
3 58 3.99
3 59 6.48
3 60 2.50
3 61 9.65
3 62 2.10
3 63 1.26
3 64 1.37
3 65 0.40
3 66 9.95
3 67 4.15
3 68 6.32
3 69 8.99
3 70 7.20
3 71 2.06
3 72 0.46
3 73 6.90
3 74 5.17
3 75 1.08
3 76 2.83
3 77 2.12
3 78 3.54
3 79 6.56
3 80 9.84
3 81 6.21
3 82 6.58
3 83 8.58
3 84 8.66
3 85 9.09
3 86 5.66
3 87 1.82
3 88 0.75
3 89 4.83
3 90 2.36
3 91 8.02
3 92 7.20
3 93 2.38
3 94 9.26
3 95 9.72
3 96 8.74
3 97 7.60
3 98 2.72
3 99 1.86
4 5 1.61
4 6 0.53
4 7 0.00
4 8 9.71
4 9 0.03
4 10 7.41
4 11 5.27
4 12 2.36
4 13 1.28
4 14 1.47
4 15 0.26
4 16 0.69
4 17 7.18
4 18 1.19
4 19 6.54
4 20 5.35
4 21 2.46
4 22 6.07
4 23 9.02
4 24 7.38
4 25 5.64
4 26 0.97
4 27 9.93
4 28 0.17
4 29 3.45
4 30 7.88
4 31 9.62
4 32 8.99
4 33 9.29
4 34 4.56
4 35 0.59
4 36 2.74
4 37 3.47
4 38 0.25
4 39 1.75
4 40 3.31
4 41 6.34
4 42 7.93
4 43 4.32
4 44 9.48
4 45 1.89
4 46 0.42
4 47 4.73
4 48 4.44
4 49 2.54
4 50 1.42
4 51 3.17
4 52 2.80
4 53 7.03
4 54 3.34
4 55 5.56
4 56 1.06
4 57 8.60
4 58 6.91
4 59 8.75
4 60 1.79
4 61 4.46
4 62 7.86
4 63 0.85
4 64 6.72
4 65 3.22
4 66 6.95
4 67 1.57
4 68 5.77
4 69 9.91
4 70 7.93
4 71 3.90
4 72 4.41
4 73 6.73
4 74 4.93
4 75 9.98
4 76 8.45
4 77 1.75
4 78 9.36
4 79 8.21
4 80 3.88
4 81 6.45
4 82 8.84
4 83 9.50
4 84 5.21
4 85 5.50
4 86 4.03
4 87 3.89
4 88 9.31
4 89 4.68
4 90 2.83
4 91 8.86
4 92 8.97
4 93 7.53
4 94 6.68
4 95 8.51
4 96 9.04
4 97 4.74
4 98 9.21
4 99 5.71
5 6 5.51
5 7 4.65
5 8 9.72
5 9 3.13
5 10 2.16
5 11 4.88
5 12 2.35
5 13 4.12
5 14 3.93
5 15 8.09
5 16 2.86
5 17 8.95
5 18 10.00
5 19 1.17
5 20 0.57
5 21 2.89
5 22 8.50
5 23 5.08
5 24 1.26
5 25 8.87
5 26 6.08
5 27 5.37
5 28 7.35
5 29 1.65
5 30 1.90
5 31 6.62
5 32 1.79
5 33 1.56
5 34 7.17
5 35 8.01
5 36 4.36
5 37 3.70
5 38 7.91
5 39 6.13
5 40 5.64
5 41 8.20
5 42 5.47
5 43 9.90
5 44 6.38
5 45 4.81
5 46 9.35
5 47 7.99
5 48 3.46
5 49 7.63
5 50 9.64
5 51 4.05
5 52 0.17
5 53 4.51
5 54 7.35
5 55 2.11
5 56 4.74
5 57 8.68
5 58 6.98
5 59 4.14
5 60 6.80
5 61 6.98
5 62 7.90
5 63 5.27
5 64 7.22
5 65 7.83
5 66 0.87
5 67 5.39
5 68 5.06
5 69 3.79
5 70 7.91
5 71 6.04
5 72 2.14
5 73 5.75
5 74 6.84
5 75 8.54
5 76 1.88
5 77 4.86
5 78 5.92
5 79 9.31
5 80 8.38
5 81 1.46
5 82 2.95
5 83 2.51
5 84 0.88
5 85 3.89
5 86 1.09
5 87 7.01
5 88 9.02
5 89 9.17
5 90 9.90
5 91 0.38
5 92 7.50
5 93 7.03
5 94 7.09
5 95 4.74
5 96 9.12
5 97 3.23
5 98 8.31
5 99 6.01
6 7 2.13
6 8 7.71
6 9 0.90
6 10 5.55
6 11 0.65
6 12 1.57
6 13 6.83
6 14 8.83
6 15 2.24
6 16 8.47
6 17 7.79
6 18 4.58
6 19 5.78
6 20 2.37
6 21 6.13
6 22 5.78
6 23 9.98
6 24 9.01
6 25 6.28
6 26 7.91
6 27 6.42
6 28 3.74
6 29 5.77
6 30 2.65
6 31 2.99
6 32 0.69
6 33 9.88
6 34 3.88
6 35 5.04
6 36 8.04
6 37 4.97
6 38 3.46
6 39 3.30
6 40 3.36
6 41 6.25
6 42 7.16
6 43 3.47
6 44 4.80
6 45 3.04
6 46 1.84
6 47 3.47
6 48 0.86
6 49 6.46
6 50 3.39
6 51 9.48
6 52 9.82
6 53 0.70
6 54 6.15
6 55 5.55
6 56 4.17
6 57 9.48
6 58 2.12
6 59 3.68
6 60 8.10
6 61 3.99
6 62 1.47
6 63 3.08
6 64 8.94
6 65 6.61
6 66 7.48
6 67 3.35
6 68 7.35
6 69 0.07
6 70 2.16
6 71 0.35
6 72 1.84
6 73 6.22
6 74 8.14
6 75 6.77
6 76 7.80
6 77 7.78
6 78 6.98
6 79 6.51
6 80 9.65
6 81 1.23
6 82 2.16
6 83 0.46
6 84 6.96
6 85 3.37
6 86 3.05
6 87 1.58
6 88 5.23
6 89 3.49
6 90 5.20
6 91 0.33
6 92 4.22
6 93 3.65
6 94 5.95
6 95 6.11
6 96 9.55
6 97 9.73
6 98 4.17
6 99 4.55
7 8 8.70
7 9 3.82
7 10 5.25
7 11 1.94
7 12 5.87
7 13 1.87
7 14 7.00
7 15 3.36
7 16 2.14
7 17 3.27
7 18 7.37
7 19 8.59
7 20 5.20
7 21 8.52
7 22 7.47
7 23 6.29
7 24 8.61
7 25 6.37
7 26 8.20
7 27 8.44
7 28 4.61
7 29 2.07
7 30 6.92
7 31 1.38
7 32 6.32
7 33 2.33
7 34 3.43
7 35 6.13
7 36 7.33
7 37 7.35
7 38 6.33
7 39 5.88
7 40 5.52
7 41 8.94
7 42 2.92
7 43 7.23
7 44 3.96
7 45 9.57
7 46 7.70
7 47 7.32
7 48 3.24
7 49 5.37
7 50 4.25
7 51 8.89
7 52 7.98
7 53 2.94
7 54 6.43
7 55 5.93
7 56 6.91
7 57 2.58
7 58 4.28
7 59 5.98
7 60 3.46
7 61 1.51
7 62 1.90
7 63 0.77
7 64 8.54
7 65 8.50
7 66 7.10
7 67 3.91
7 68 9.68
7 69 7.39
7 70 4.44
7 71 4.70
7 72 2.39
7 73 0.50
7 74 5.04
7 75 9.30
7 76 0.88
7 77 3.33
7 78 8.96
7 79 3.00
7 80 8.20
7 81 7.10
7 82 6.89
7 83 2.80
7 84 7.81
7 85 5.71
7 86 5.98
7 87 7.27
7 88 0.23
7 89 5.55
7 90 4.13
7 91 8.84
7 92 4.87
7 93 0.59
7 94 7.44
7 95 7.41
7 96 8.51
7 97 1.84
7 98 4.61
7 99 5.20
8 9 0.97
8 10 1.68
8 11 2.66
8 12 5.27
8 13 5.67
8 14 5.68
8 15 1.85
8 16 6.07
8 17 7.59
8 18 8.74
8 19 7.53
8 20 7.31
8 21 2.88
8 22 2.46
8 23 7.76
8 24 8.97
8 25 2.21
8 26 2.49
8 27 2.20
8 28 7.39
8 29 3.88
8 30 8.01
8 31 6.90
8 32 5.63
8 33 2.73
8 34 9.20
8 35 10.00
8 36 5.42
8 37 5.38
8 38 0.57
8 39 9.70
8 40 9.69
8 41 0.84
8 42 5.23
8 43 9.33
8 44 3.13
8 45 0.62
8 46 6.67
8 47 8.82
8 48 5.31
8 49 5.43
8 50 0.65
8 51 0.95
8 52 8.11
8 53 5.07
8 54 3.08
8 55 1.01
8 56 7.98
8 57 1.00
8 58 7.06
8 59 6.51
8 60 5.52
8 61 1.20
8 62 9.35
8 63 3.00
8 64 4.27
8 65 6.00
8 66 2.86
8 67 2.37
8 68 9.97
8 69 2.58
8 70 7.46
8 71 3.16
8 72 0.50
8 73 2.27
8 74 4.19
8 75 4.60
8 76 9.36
8 77 2.69
8 78 6.15
8 79 9.60
8 80 1.00
8 81 5.09
8 82 3.37
8 83 3.99
8 84 7.64
8 85 4.22
8 86 1.80
8 87 2.53
8 88 3.10
8 89 4.77
8 90 1.62
8 91 9.25
8 92 2.28
8 93 3.50
8 94 6.67
8 95 3.70
8 96 6.52
8 97 5.69
8 98 9.31
8 99 9.84
9 10 9.41
9 11 9.35
9 12 6.56
9 13 7.90
9 14 0.25
9 15 0.52
9 16 2.89
9 17 7.65
9 18 3.44
9 19 0.90
9 20 2.77
9 21 2.78
9 22 5.25
9 23 8.99
9 24 9.78
9 25 6.22
9 26 2.61
9 27 0.95
9 28 0.59
9 29 5.33
9 30 2.61
9 31 7.89
9 32 8.56
9 33 7.71
9 34 1.75
9 35 3.69
9 36 0.11
9 37 5.41
9 38 7.05
9 39 7.43
9 40 8.33
9 41 1.51
9 42 8.15
9 43 9.65
9 44 0.70
9 45 0.88
9 46 3.11
9 47 8.07
9 48 4.09
9 49 1.15
9 50 2.25
9 51 8.53
9 52 0.35
9 53 4.55
9 54 2.99
9 55 5.10
9 56 2.36
9 57 6.63
9 58 6.76
9 59 7.56
9 60 4.97
9 61 3.78
9 62 6.49
9 63 3.31
9 64 9.98
9 65 2.12
9 66 4.85
9 67 4.49
9 68 0.33
9 69 4.59
9 70 5.91
9 71 4.71
9 72 5.80
9 73 3.02
9 74 1.77
9 75 2.16
9 76 8.39
9 77 5.03
9 78 3.30
9 79 9.48
9 80 2.39
9 81 3.21
9 82 6.66
9 83 5.34
9 84 0.51
9 85 5.67
9 86 5.66
9 87 0.37
9 88 1.33
9 89 6.70
9 90 4.80
9 91 5.81
9 92 2.28
9 93 4.83
9 94 7.92
9 95 8.47
9 96 2.19
9 97 2.60
9 98 0.12
9 99 3.28
10 11 2.47
10 12 6.07
10 13 2.71
10 14 4.84
10 15 6.13
10 16 5.16
10 17 3.01
10 18 6.72
10 19 4.78
10 20 2.51
10 21 2.53
10 22 6.84
10 23 6.31
10 24 4.63
10 25 7.31
10 26 5.38
10 27 4.66
10 28 1.60
10 29 0.94
10 30 2.38
10 31 7.28
10 32 0.86
10 33 6.61
10 34 9.48
10 35 6.54
10 36 8.98
10 37 2.48
10 38 1.62
10 39 6.26
10 40 5.94
10 41 3.23
10 42 6.24
10 43 2.27
10 44 5.89
10 45 3.97
10 46 5.02
10 47 0.75
10 48 4.82
10 49 5.61
10 50 7.44
10 51 0.29
10 52 4.11
10 53 9.67
10 54 1.58
10 55 7.56
10 56 6.65
10 57 1.36
10 58 9.82
10 59 2.27
10 60 7.45
10 61 6.59
10 62 8.99
10 63 4.49
10 64 8.20
10 65 5.03
10 66 9.89
10 67 7.79
10 68 8.39
10 69 5.96
10 70 8.43
10 71 8.34
10 72 3.12
10 73 7.49
10 74 4.79
10 75 9.77
10 76 3.45
10 77 5.25
10 78 0.62
10 79 2.71
10 80 1.66
10 81 0.06
10 82 7.75
10 83 7.98
10 84 0.62
10 85 4.97
10 86 5.94
10 87 2.98
10 88 0.48
10 89 4.30
10 90 2.96
10 91 4.81
10 92 2.87
10 93 8.61
10 94 6.77
10 95 3.25
10 96 6.21
10 97 5.46
10 98 9.70
10 99 4.22
11 12 5.49
11 13 8.41
11 14 1.37
11 15 0.85
11 16 4.97
11 17 2.05
11 18 4.85
11 19 2.08
11 20 8.47
11 21 2.69
11 22 3.15
11 23 0.58
11 24 4.46
11 25 1.54
11 26 5.36
11 27 0.50
11 28 7.42
11 29 6.63
11 30 9.48
11 31 2.64
11 32 6.17
11 33 4.25
11 34 8.50
11 35 1.09
11 36 8.78
11 37 1.55
11 38 2.78
11 39 4.80
11 40 8.78
11 41 9.54
11 42 5.88
11 43 4.07
11 44 6.40
11 45 9.11
11 46 7.28
11 47 7.20
11 48 9.02
11 49 1.74
11 50 3.83
11 51 4.98
11 52 0.85
11 53 7.92
11 54 6.21
11 55 2.36
11 56 5.35
11 57 1.07
11 58 1.54
11 59 2.34
11 60 7.00
11 61 9.00
11 62 3.50
11 63 9.11
11 64 1.67
11 65 7.16
11 66 4.41
11 67 9.80
11 68 5.97
11 69 3.24
11 70 1.36
11 71 8.69
11 72 4.11
11 73 2.65
11 74 4.40
11 75 5.85
11 76 3.72
11 77 9.66
11 78 4.32
11 79 6.98
11 80 4.63
11 81 6.50
11 82 6.94
11 83 5.69
11 84 9.31
11 85 2.89
11 86 6.96
11 87 4.38
11 88 5.30
11 89 9.26
11 90 1.85
11 91 4.07
11 92 8.67
11 93 7.36
11 94 9.21
11 95 7.14
11 96 1.08
11 97 9.53
11 98 6.43
11 99 4.17
12 13 6.52
12 14 9.60
12 15 1.96
12 16 2.73
12 17 9.41
12 18 0.27
12 19 9.57
12 20 8.52
12 21 7.63
12 22 2.00
12 23 6.64
12 24 4.27
12 25 7.00
12 26 9.84
12 27 4.80
12 28 7.50
12 29 4.19
12 30 2.32
12 31 4.21
12 32 0.94
12 33 5.37
12 34 9.57
12 35 2.11
12 36 6.36
12 37 7.60
12 38 4.25
12 39 4.28
12 40 2.67
12 41 3.75
12 42 5.80
12 43 5.37
12 44 0.02
12 45 1.89
12 46 4.41
12 47 1.19
12 48 4.35
12 49 4.86
12 50 0.81
12 51 8.51
12 52 0.76
12 53 5.24
12 54 5.22
12 55 8.31
12 56 0.91
12 57 3.26
12 58 6.43
12 59 9.96
12 60 1.99
12 61 5.20
12 62 4.70
12 63 7.49
12 64 4.28
12 65 6.80
12 66 4.99
12 67 4.69
12 68 7.65
12 69 6.96
12 70 3.98
12 71 0.70
12 72 9.39
12 73 8.24
12 74 7.11
12 75 9.63
12 76 9.28
12 77 6.44
12 78 5.16
12 79 2.25
12 80 5.52
12 81 7.24
12 82 2.11
12 83 7.03
12 84 5.63
12 85 3.11
12 86 2.69
12 87 5.14
12 88 3.28
12 89 9.93
12 90 4.79
12 91 9.15
12 92 4.08
12 93 1.11
12 94 3.86
12 95 1.45
12 96 5.38
12 97 2.46
12 98 6.89
12 99 3.95
13 14 6.62
13 15 8.43
13 16 7.92
13 17 6.54
13 18 6.42
13 19 9.64
13 20 7.48
13 21 6.28
13 22 6.04
13 23 5.00
13 24 4.91
13 25 7.89
13 26 2.70
13 27 4.01
13 28 8.55
13 29 9.84
13 30 2.72
13 31 6.64
13 32 1.13
13 33 1.24
13 34 9.06
13 35 8.95
13 36 2.66
13 37 4.22
13 38 6.05
13 39 3.02
13 40 5.45
13 41 4.17
13 42 7.70
13 43 5.11
13 44 8.23
13 45 8.63
13 46 6.06
13 47 6.48
13 48 9.34
13 49 3.20
13 50 3.32
13 51 8.30
13 52 3.68
13 53 2.64
13 54 0.43
13 55 8.88
13 56 6.24
13 57 0.34
13 58 8.97
13 59 6.28
13 60 3.70
13 61 0.25
13 62 9.31
13 63 8.71
13 64 9.44
13 65 9.15
13 66 9.71
13 67 5.73
13 68 3.76
13 69 7.41
13 70 3.66
13 71 8.36
13 72 8.92
13 73 6.32
13 74 7.05
13 75 2.08
13 76 6.06
13 77 3.33
13 78 3.23
13 79 9.08
13 80 3.91
13 81 7.09
13 82 0.53
13 83 2.76
13 84 3.53
13 85 4.70
13 86 9.15
13 87 0.23
13 88 4.17
13 89 1.67
13 90 6.47
13 91 1.38
13 92 3.72
13 93 2.70
13 94 6.16
13 95 9.04
13 96 9.98
13 97 5.86
13 98 7.57
13 99 2.64
14 15 6.43
14 16 4.98
14 17 9.11
14 18 8.94
14 19 4.51
14 20 0.87
14 21 5.52
14 22 3.23
14 23 7.83
14 24 6.51
14 25 0.67
14 26 4.41
14 27 8.55
14 28 0.16
14 29 6.59
14 30 9.92
14 31 5.84
14 32 2.21
14 33 3.59
14 34 7.94
14 35 0.52
14 36 9.77
14 37 5.85
14 38 5.60
14 39 7.50
14 40 9.97
14 41 0.34
14 42 7.77
14 43 6.15
14 44 4.17
14 45 3.09
14 46 4.31
14 47 4.95
14 48 8.29
14 49 0.52
14 50 2.02
14 51 2.53
14 52 3.06
14 53 8.63
14 54 1.77
14 55 1.78
14 56 8.44
14 57 8.39
14 58 2.35
14 59 4.44
14 60 9.46
14 61 9.74
14 62 6.04
14 63 9.47
14 64 7.81
14 65 4.09
14 66 5.02
14 67 0.07
14 68 8.37
14 69 5.62
14 70 8.39
14 71 9.34
14 72 8.39
14 73 2.64
14 74 6.15
14 75 7.45
14 76 4.20
14 77 4.25
14 78 9.82
14 79 7.20
14 80 7.82
14 81 0.80
14 82 3.83
14 83 5.73
14 84 1.61
14 85 1.44
14 86 6.80
14 87 4.32
14 88 2.10
14 89 5.48
14 90 6.11
14 91 5.14
14 92 2.33
14 93 8.52
14 94 8.97
14 95 8.25
14 96 7.32
14 97 7.47
14 98 6.59
14 99 5.65
15 16 6.58
15 17 3.29
15 18 5.04
15 19 7.24
15 20 6.74
15 21 4.44
15 22 3.44
15 23 6.81
15 24 0.76
15 25 0.39
15 26 1.99
15 27 2.12
15 28 1.47
15 29 3.15
15 30 7.25
15 31 3.98
15 32 7.36
15 33 6.65
15 34 0.04
15 35 0.22
15 36 0.14
15 37 5.76
15 38 4.22
15 39 1.25
15 40 9.77
15 41 6.89
15 42 6.28
15 43 1.46
15 44 0.26
15 45 0.20
15 46 6.70
15 47 0.50
15 48 2.97
15 49 4.85
15 50 4.74
15 51 9.59
15 52 5.21
15 53 4.91
15 54 1.31
15 55 9.34
15 56 8.79
15 57 3.54
15 58 8.66
15 59 9.02
15 60 9.00
15 61 9.11
15 62 0.92
15 63 0.79
15 64 9.78
15 65 2.45
15 66 4.46
15 67 5.11
15 68 8.61
15 69 6.83
15 70 2.36
15 71 2.83
15 72 3.46
15 73 0.15
15 74 3.55
15 75 1.83
15 76 7.44
15 77 5.56
15 78 9.02
15 79 0.47
15 80 1.84
15 81 3.61
15 82 0.65
15 83 6.41
15 84 8.42
15 85 7.00
15 86 7.22
15 87 7.30
15 88 7.18
15 89 8.02
15 90 5.84
15 91 8.09
15 92 7.83
15 93 6.92
15 94 9.63
15 95 7.71
15 96 7.98
15 97 8.49
15 98 7.85
15 99 5.70
16 17 6.45
16 18 0.35
16 19 3.51
16 20 6.31
16 21 6.94
16 22 4.89
16 23 2.62
16 24 2.85
16 25 8.75
16 26 6.07
16 27 3.74
16 28 6.39
16 29 0.90
16 30 4.64
16 31 5.10
16 32 9.68
16 33 2.27
16 34 6.68
16 35 5.41
16 36 2.07
16 37 7.45
16 38 8.99
16 39 3.49
16 40 4.04
16 41 2.44
16 42 4.05
16 43 5.31
16 44 0.62
16 45 0.44
16 46 8.46
16 47 0.68
16 48 5.01
16 49 1.20
16 50 1.61
16 51 1.94
16 52 6.52
16 53 9.80
16 54 2.39
16 55 6.22
16 56 0.81
16 57 1.55
16 58 5.96
16 59 9.38
16 60 9.57
16 61 0.76
16 62 4.06
16 63 5.08
16 64 5.85
16 65 4.11
16 66 4.43
16 67 6.49
16 68 1.23
16 69 1.87
16 70 7.58
16 71 6.96
16 72 7.22
16 73 5.42
16 74 9.39
16 75 5.21
16 76 3.47
16 77 1.18
16 78 3.54
16 79 6.84
16 80 7.72
16 81 6.02
16 82 0.59
16 83 1.69
16 84 5.30
16 85 6.13
16 86 9.70
16 87 0.09
16 88 5.79
16 89 7.45
16 90 7.64
16 91 2.32
16 92 5.83
16 93 6.56
16 94 6.15
16 95 1.37
16 96 4.70
16 97 1.58
16 98 6.69
16 99 0.33
17 18 2.89
17 19 8.13
17 20 2.77
17 21 0.45
17 22 6.21
17 23 4.02
17 24 5.90
17 25 6.66
17 26 2.80
17 27 8.55
17 28 1.48
17 29 4.32
17 30 6.66
17 31 2.24
17 32 1.78
17 33 8.30
17 34 4.23
17 35 5.09
17 36 6.14
17 37 1.94
17 38 8.15
17 39 4.84
17 40 0.58
17 41 5.29
17 42 7.79
17 43 9.47
17 44 6.70
17 45 3.08
17 46 6.79
17 47 6.42
17 48 9.76
17 49 8.07
17 50 8.00
17 51 3.99
17 52 8.40
17 53 4.10
17 54 3.88
17 55 6.76
17 56 4.16
17 57 3.55
17 58 8.48
17 59 1.69
17 60 9.04
17 61 9.15
17 62 8.07
17 63 6.29
17 64 0.70
17 65 6.53
17 66 9.83
17 67 2.24
17 68 0.51
17 69 2.58
17 70 7.62
17 71 5.75
17 72 8.00
17 73 8.83
17 74 6.68
17 75 3.30
17 76 0.96
17 77 4.22
17 78 9.38
17 79 7.29
17 80 5.58
17 81 7.61
17 82 5.45
17 83 3.54
17 84 0.80
17 85 6.57
17 86 0.90
17 87 1.37
17 88 3.36
17 89 3.92
17 90 3.30
17 91 3.95
17 92 5.13
17 93 5.65
17 94 7.54
17 95 9.14
17 96 0.40
17 97 2.45
17 98 3.82
17 99 6.55
18 19 4.61
18 20 5.03
18 21 3.60
18 22 3.22
18 23 2.35
18 24 4.24
18 25 4.12
18 26 9.90
18 27 4.72
18 28 9.22
18 29 4.73
18 30 4.28
18 31 2.62
18 32 0.70
18 33 3.19
18 34 3.28
18 35 3.85
18 36 1.05
18 37 2.69
18 38 4.61
18 39 9.66
18 40 1.90
18 41 4.92
18 42 2.55
18 43 1.57
18 44 6.03
18 45 0.69
18 46 4.40
18 47 5.64
18 48 7.28
18 49 0.22
18 50 5.21
18 51 5.24
18 52 9.77
18 53 5.83
18 54 8.86
18 55 8.52
18 56 0.64
18 57 4.98
18 58 0.25
18 59 9.87
18 60 5.49
18 61 9.93
18 62 7.21
18 63 8.98
18 64 0.48
18 65 1.05
18 66 3.61
18 67 1.77
18 68 1.21
18 69 4.51
18 70 0.63
18 71 0.47
18 72 1.08
18 73 9.77
18 74 0.67
18 75 1.01
18 76 3.17
18 77 5.12
18 78 3.27
18 79 0.99
18 80 5.13
18 81 6.13
18 82 2.39
18 83 9.01
18 84 7.53
18 85 4.78
18 86 9.08
18 87 5.46
18 88 0.37
18 89 0.71
18 90 0.21
18 91 3.43
18 92 1.93
18 93 2.05
18 94 2.77
18 95 7.78
18 96 5.93
18 97 3.68
18 98 6.90
18 99 4.98
19 20 3.31
19 21 6.05
19 22 4.65
19 23 3.50
19 24 7.67
19 25 3.00
19 26 1.79
19 27 2.16
19 28 5.68
19 29 0.66
19 30 2.65
19 31 6.50
19 32 1.27
19 33 8.59
19 34 1.06
19 35 9.64
19 36 1.45
19 37 5.19
19 38 6.56
19 39 5.18
19 40 3.02
19 41 2.83
19 42 1.60
19 43 0.04
19 44 4.85
19 45 4.90
19 46 0.66
19 47 2.72
19 48 9.70
19 49 8.83
19 50 3.44
19 51 9.05
19 52 1.04
19 53 8.90
19 54 5.93
19 55 3.49
19 56 6.56
19 57 4.81
19 58 1.49
19 59 4.21
19 60 4.30
19 61 3.14
19 62 6.38
19 63 3.56
19 64 9.86
19 65 2.40
19 66 7.93
19 67 6.88
19 68 1.62
19 69 7.47
19 70 6.84
19 71 0.32
19 72 0.45
19 73 6.03
19 74 4.43
19 75 8.05
19 76 3.19
19 77 6.78
19 78 4.43
19 79 5.79
19 80 0.66
19 81 0.29
19 82 2.48
19 83 4.64
19 84 7.93
19 85 1.02
19 86 4.88
19 87 2.07
19 88 0.01
19 89 9.12
19 90 4.00
19 91 9.85
19 92 8.48
19 93 0.77
19 94 4.39
19 95 5.23
19 96 2.21
19 97 2.75
19 98 7.94
19 99 3.58
20 21 8.47
20 22 3.43
20 23 1.53
20 24 9.88
20 25 1.95
20 26 4.31
20 27 5.37
20 28 2.52
20 29 2.18
20 30 6.93
20 31 7.61
20 32 3.42
20 33 6.63
20 34 7.14
20 35 1.57
20 36 1.35
20 37 8.71
20 38 0.48
20 39 1.12
20 40 8.22
20 41 1.60
20 42 5.17
20 43 0.85
20 44 2.13
20 45 0.98
20 46 9.29
20 47 0.16
20 48 3.06
20 49 7.65
20 50 3.42
20 51 6.50
20 52 3.71
20 53 6.43
20 54 0.11
20 55 5.65
20 56 8.63
20 57 6.51
20 58 3.73
20 59 9.99
20 60 6.72
20 61 7.70
20 62 0.78
20 63 7.47
20 64 9.34
20 65 5.01
20 66 5.99
20 67 2.41
20 68 2.37
20 69 2.73
20 70 9.67
20 71 6.39
20 72 0.47
20 73 3.95
20 74 1.40
20 75 6.33
20 76 3.98
20 77 3.13
20 78 1.13
20 79 7.57
20 80 5.80
20 81 6.84
20 82 6.28
20 83 7.81
20 84 0.52
20 85 7.26
20 86 9.92
20 87 8.09
20 88 1.50
20 89 1.17
20 90 5.38
20 91 9.23
20 92 4.27
20 93 9.52
20 94 6.69
20 95 8.73
20 96 1.79
20 97 8.19
20 98 5.36
20 99 6.82
21 22 8.12
21 23 7.85
21 24 8.35
21 25 9.51
21 26 3.31
21 27 9.65
21 28 1.69
21 29 9.80
21 30 8.23
21 31 8.47
21 32 4.98
21 33 7.85
21 34 7.95
21 35 3.41
21 36 1.95
21 37 6.22
21 38 1.93
21 39 5.21
21 40 1.36
21 41 8.19
21 42 5.71
21 43 9.91
21 44 7.60
21 45 3.54
21 46 3.56
21 47 1.39
21 48 6.71
21 49 6.60
21 50 1.46
21 51 5.07
21 52 4.68
21 53 7.39
21 54 9.36
21 55 7.31
21 56 9.78
21 57 9.07
21 58 7.02
21 59 2.10
21 60 4.08
21 61 6.45
21 62 8.02
21 63 6.43
21 64 2.03
21 65 6.58
21 66 2.78
21 67 0.78
21 68 2.15
21 69 5.55
21 70 7.15
21 71 8.68
21 72 4.32
21 73 1.40
21 74 8.18
21 75 9.67
21 76 5.48
21 77 8.27
21 78 8.40
21 79 9.63
21 80 5.29
21 81 2.43
21 82 4.83
21 83 9.47
21 84 1.48
21 85 2.30
21 86 4.07
21 87 9.02
21 88 0.47
21 89 5.71
21 90 1.46
21 91 0.63
21 92 6.66
21 93 0.54
21 94 7.37
21 95 6.40
21 96 1.76
21 97 7.36
21 98 2.46
21 99 0.06
22 23 5.30
22 24 7.04
22 25 7.24
22 26 8.99
22 27 0.56
22 28 6.48
22 29 5.37
22 30 9.58
22 31 4.19
22 32 5.28
22 33 7.34
22 34 6.11
22 35 9.02
22 36 1.45
22 37 8.68
22 38 7.30
22 39 5.59
22 40 9.98
22 41 8.07
22 42 8.25
22 43 5.42
22 44 3.38
22 45 0.53
22 46 9.89
22 47 0.21
22 48 5.13
22 49 5.83
22 50 3.19
22 51 2.51
22 52 4.77
22 53 7.69
22 54 6.48
22 55 7.80
22 56 6.42
22 57 2.32
22 58 8.41
22 59 7.65
22 60 5.28
22 61 1.43
22 62 3.52
22 63 3.85
22 64 7.39
22 65 4.05
22 66 2.40
22 67 9.91
22 68 2.20
22 69 6.50
22 70 0.23
22 71 5.19
22 72 9.57
22 73 6.50
22 74 4.14
22 75 4.70
22 76 3.14
22 77 8.24
22 78 7.03
22 79 3.03
22 80 0.16
22 81 6.27
22 82 6.34
22 83 6.48
22 84 4.44
22 85 8.60
22 86 8.58
22 87 5.50
22 88 1.80
22 89 4.37
22 90 9.66
22 91 3.93
22 92 1.65
22 93 6.05
22 94 7.87
22 95 1.97
22 96 6.86
22 97 3.21
22 98 5.62
22 99 7.45
23 24 2.66
23 25 5.67
23 26 6.71
23 27 8.99
23 28 0.10
23 29 8.17
23 30 4.59
23 31 0.87
23 32 5.73
23 33 0.86
23 34 10.00
23 35 0.09
23 36 6.98
23 37 1.04
23 38 0.06
23 39 1.72
23 40 3.45
23 41 4.94
23 42 0.91
23 43 7.56
23 44 3.18
23 45 8.17
23 46 5.02
23 47 1.13
23 48 1.17
23 49 2.72
23 50 0.04
23 51 2.76
23 52 2.16
23 53 1.88
23 54 6.44
23 55 2.23
23 56 2.51
23 57 9.77
23 58 8.97
23 59 4.41
23 60 4.41
23 61 5.32
23 62 3.72
23 63 3.01
23 64 3.78
23 65 9.76
23 66 5.69
23 67 5.37
23 68 1.81
23 69 0.44
23 70 6.98
23 71 8.65
23 72 0.51
23 73 8.14
23 74 8.50
23 75 4.25
23 76 1.46
23 77 8.67
23 78 3.56
23 79 5.41
23 80 6.46
23 81 2.05
23 82 9.93
23 83 4.39
23 84 3.54
23 85 1.59
23 86 2.64
23 87 7.19
23 88 8.59
23 89 7.40
23 90 7.78
23 91 0.91
23 92 2.45
23 93 5.89
23 94 7.41
23 95 8.37
23 96 0.15
23 97 7.36
23 98 4.01
23 99 5.29
24 25 7.46
24 26 6.72
24 27 6.91
24 28 7.97
24 29 2.06
24 30 7.73
24 31 7.78
24 32 1.85
24 33 4.87
24 34 5.94
24 35 2.34
24 36 5.82
24 37 5.84
24 38 2.38
24 39 1.24
24 40 8.89
24 41 4.15
24 42 2.47
24 43 6.04
24 44 1.23
24 45 8.67
24 46 0.08
24 47 0.83
24 48 4.09
24 49 6.13
24 50 4.22
24 51 1.68
24 52 1.44
24 53 4.23
24 54 4.46
24 55 1.54
24 56 4.57
24 57 4.34
24 58 7.76
24 59 1.02
24 60 0.25
24 61 0.93
24 62 1.18
24 63 4.23
24 64 3.26
24 65 0.91
24 66 1.30
24 67 8.87
24 68 5.04
24 69 3.51
24 70 0.13
24 71 8.43
24 72 9.27
24 73 5.50
24 74 5.77
24 75 3.66
24 76 8.34
24 77 9.26
24 78 8.88
24 79 1.93
24 80 4.11
24 81 2.67
24 82 7.52
24 83 3.03
24 84 4.74
24 85 8.67
24 86 1.57
24 87 9.71
24 88 0.69
24 89 3.05
24 90 8.77
24 91 4.04
24 92 2.62
24 93 5.06
24 94 8.35
24 95 2.69
24 96 2.02
24 97 6.30
24 98 4.30
24 99 6.50
25 26 8.80
25 27 7.47
25 28 4.42
25 29 5.92
25 30 1.21
25 31 6.28
25 32 2.03
25 33 5.32
25 34 9.03
25 35 6.31
25 36 8.00
25 37 6.67
25 38 4.07
25 39 1.70
25 40 3.47
25 41 9.87
25 42 9.89
25 43 9.95
25 44 3.52
25 45 0.33
25 46 6.13
25 47 1.07
25 48 4.53
25 49 6.90
25 50 0.95
25 51 2.57
25 52 6.35
25 53 0.96
25 54 2.78
25 55 6.06
25 56 3.38
25 57 2.81
25 58 7.48
25 59 5.68
25 60 1.52
25 61 1.39
25 62 9.49
25 63 9.86
25 64 8.27
25 65 9.35
25 66 5.33
25 67 1.38
25 68 9.81
25 69 4.03
25 70 5.99
25 71 1.21
25 72 1.42
25 73 8.49
25 74 8.16
25 75 0.91
25 76 5.94
25 77 1.44
25 78 3.15
25 79 4.56
25 80 5.19
25 81 2.67
25 82 2.85
25 83 4.87
25 84 0.17
25 85 4.49
25 86 7.06
25 87 5.01
25 88 2.22
25 89 4.10
25 90 3.45
25 91 4.40
25 92 4.41
25 93 5.24
25 94 0.07
25 95 7.43
25 96 6.62
25 97 0.92
25 98 2.88
25 99 5.09
26 27 9.47
26 28 9.51
26 29 2.35
26 30 2.32
26 31 6.11
26 32 1.33
26 33 3.41
26 34 2.09
26 35 2.34
26 36 5.78
26 37 7.73
26 38 1.91
26 39 1.24
26 40 7.39
26 41 7.64
26 42 6.00
26 43 6.62
26 44 3.20
26 45 7.31
26 46 5.54
26 47 0.86
26 48 6.30
26 49 1.62
26 50 8.85
26 51 1.80
26 52 5.62
26 53 4.84
26 54 8.34
26 55 6.54
26 56 6.33
26 57 5.54
26 58 6.83
26 59 8.52
26 60 7.09
26 61 7.97
26 62 7.47
26 63 8.31
26 64 3.69
26 65 7.22
26 66 6.07
26 67 3.88
26 68 6.80
26 69 8.47
26 70 2.08
26 71 7.02
26 72 5.96
26 73 9.54
26 74 3.22
26 75 1.91
26 76 6.14
26 77 4.36
26 78 0.30
26 79 4.40
26 80 5.77
26 81 5.36
26 82 5.43
26 83 1.31
26 84 8.49
26 85 9.93
26 86 0.36
26 87 6.08
26 88 0.66
26 89 1.54
26 90 7.01
26 91 6.05
26 92 6.24
26 93 3.94
26 94 8.35
26 95 1.07
26 96 9.81
26 97 7.12
26 98 9.29
26 99 4.70
27 28 1.40
27 29 6.95
27 30 0.25
27 31 4.66
27 32 1.39
27 33 7.64
27 34 0.25
27 35 2.73
27 36 4.42
27 37 1.21
27 38 5.71
27 39 7.38
27 40 7.90
27 41 6.22
27 42 8.01
27 43 4.29
27 44 8.46
27 45 1.73
27 46 2.30
27 47 7.93
27 48 7.76
27 49 6.95
27 50 7.55
27 51 6.45
27 52 6.10
27 53 0.08
27 54 4.73
27 55 4.15
27 56 8.70
27 57 9.26
27 58 1.52
27 59 2.29
27 60 3.44
27 61 6.03
27 62 3.86
27 63 3.62
27 64 4.32
27 65 0.32
27 66 7.18
27 67 6.58
27 68 3.60
27 69 6.38
27 70 1.92
27 71 9.56
27 72 1.08
27 73 0.28
27 74 0.38
27 75 1.82
27 76 2.35
27 77 4.05
27 78 2.95
27 79 5.74
27 80 5.08
27 81 8.51
27 82 2.25
27 83 5.41
27 84 8.13
27 85 1.21
27 86 9.55
27 87 0.29
27 88 8.81
27 89 8.34
27 90 0.37
27 91 3.80
27 92 9.81
27 93 5.34
27 94 7.80
27 95 6.05
27 96 9.00
27 97 7.33
27 98 1.82
27 99 5.05
28 29 3.89
28 30 8.77
28 31 1.26
28 32 7.77
28 33 2.88
28 34 0.67
28 35 9.55
28 36 3.24
28 37 5.67
28 38 6.30
28 39 4.64
28 40 8.47
28 41 9.21
28 42 2.00
28 43 5.06
28 44 0.20
28 45 3.53
28 46 1.11
28 47 3.93
28 48 7.15
28 49 4.32
28 50 6.00
28 51 2.80
28 52 9.11
28 53 9.84
28 54 6.47
28 55 7.41
28 56 3.47
28 57 4.85
28 58 0.69
28 59 2.90
28 60 9.42
28 61 1.52
28 62 6.32
28 63 2.36
28 64 2.78
28 65 7.83
28 66 3.66
28 67 7.70
28 68 6.55
28 69 9.27
28 70 3.80
28 71 8.47
28 72 0.84
28 73 5.30
28 74 7.77
28 75 3.43
28 76 3.92
28 77 4.89
28 78 8.75
28 79 2.70
28 80 3.17
28 81 8.08
28 82 9.23
28 83 7.31
28 84 3.31
28 85 7.87
28 86 9.23
28 87 5.86
28 88 2.12
28 89 2.99
28 90 2.40
28 91 9.23
28 92 3.21
28 93 0.08
28 94 6.00
28 95 4.51
28 96 0.60
28 97 0.59
28 98 8.38
28 99 2.06
29 30 7.50
29 31 4.34
29 32 4.16
29 33 1.16
29 34 7.95
29 35 5.11
29 36 6.67
29 37 1.11
29 38 7.91
29 39 2.19
29 40 3.55
29 41 2.10
29 42 5.62
29 43 9.23
29 44 9.58
29 45 5.80
29 46 8.86
29 47 1.03
29 48 8.97
29 49 3.95
29 50 4.81
29 51 2.17
29 52 8.49
29 53 2.17
29 54 5.01
29 55 0.47
29 56 6.39
29 57 8.00
29 58 7.31
29 59 4.23
29 60 0.07
29 61 6.86
29 62 1.21
29 63 2.08
29 64 2.92
29 65 5.20
29 66 4.06
29 67 0.53
29 68 7.30
29 69 7.29
29 70 4.97
29 71 4.04
29 72 2.67
29 73 5.00
29 74 2.36
29 75 5.67
29 76 7.76
29 77 2.73
29 78 0.90
29 79 7.43
29 80 3.11
29 81 1.61
29 82 6.86
29 83 2.69
29 84 6.61
29 85 7.11
29 86 8.17
29 87 9.16
29 88 2.67
29 89 8.64
29 90 8.99
29 91 0.83
29 92 7.64
29 93 6.33
29 94 5.87
29 95 4.50
29 96 8.68
29 97 6.07
29 98 5.94
29 99 1.33
30 31 7.04
30 32 1.10
30 33 1.78
30 34 6.41
30 35 2.94
30 36 1.08
30 37 2.37
30 38 0.11
30 39 5.49
30 40 1.34
30 41 1.91
30 42 1.10
30 43 3.16
30 44 8.38
30 45 3.40
30 46 5.75
30 47 2.91
30 48 2.43
30 49 9.93
30 50 2.00
30 51 6.84
30 52 4.98
30 53 0.86
30 54 9.47
30 55 0.72
30 56 4.64
30 57 1.25
30 58 5.48
30 59 9.83
30 60 6.45
30 61 6.42
30 62 1.41
30 63 6.81
30 64 0.61
30 65 6.17
30 66 2.94
30 67 8.24
30 68 6.55
30 69 6.62
30 70 5.39
30 71 2.44
30 72 4.26
30 73 9.46
30 74 9.17
30 75 2.88
30 76 3.22
30 77 5.64
30 78 2.22
30 79 1.14
30 80 3.37
30 81 2.21
30 82 1.12
30 83 8.17
30 84 9.95
30 85 0.41
30 86 8.64
30 87 6.81
30 88 6.18
30 89 7.63
30 90 4.86
30 91 2.42
30 92 4.06
30 93 2.01
30 94 6.32
30 95 3.10
30 96 5.66
30 97 7.38
30 98 2.00
30 99 4.41
31 32 5.47
31 33 4.30
31 34 1.06
31 35 9.48
31 36 5.25
31 37 0.43
31 38 1.21
31 39 9.40
31 40 3.42
31 41 5.15
31 42 9.49
31 43 6.53
31 44 8.67
31 45 8.65
31 46 3.69
31 47 5.24
31 48 3.59
31 49 7.43
31 50 6.13
31 51 5.57
31 52 4.26
31 53 8.03
31 54 6.15
31 55 7.05
31 56 2.37
31 57 2.13
31 58 3.87
31 59 8.61
31 60 2.79
31 61 0.18
31 62 5.17
31 63 2.67
31 64 8.28
31 65 0.61
31 66 2.92
31 67 3.37
31 68 5.03
31 69 4.51
31 70 3.37
31 71 3.01
31 72 5.12
31 73 5.02
31 74 3.27
31 75 9.60
31 76 7.80
31 77 8.90
31 78 9.57
31 79 4.72
31 80 7.58
31 81 0.05
31 82 2.57
31 83 2.85
31 84 8.15
31 85 5.41
31 86 5.68
31 87 3.07
31 88 6.09
31 89 5.45
31 90 6.93
31 91 5.76
31 92 6.54
31 93 0.29
31 94 0.54
31 95 0.42
31 96 8.99
31 97 6.39
31 98 9.57
31 99 2.53
32 33 5.89
32 34 8.74
32 35 6.20
32 36 3.23
32 37 9.94
32 38 2.29
32 39 3.73
32 40 1.66
32 41 9.88
32 42 1.43
32 43 0.31
32 44 4.35
32 45 3.30
32 46 3.10
32 47 6.28
32 48 3.03
32 49 9.24
32 50 0.27
32 51 9.88
32 52 2.07
32 53 6.63
32 54 8.92
32 55 7.74
32 56 1.22
32 57 5.11
32 58 6.09
32 59 4.36
32 60 6.18
32 61 1.77
32 62 8.08
32 63 3.63
32 64 8.60
32 65 6.38
32 66 0.23
32 67 3.18
32 68 7.57
32 69 7.43
32 70 5.38
32 71 7.01
32 72 1.58
32 73 4.06
32 74 3.83
32 75 6.01
32 76 3.92
32 77 1.44
32 78 0.65
32 79 8.98
32 80 3.03
32 81 9.36
32 82 7.45
32 83 2.48
32 84 4.34
32 85 6.71
32 86 1.01
32 87 4.48
32 88 4.78
32 89 9.59
32 90 2.08
32 91 8.30
32 92 2.90
32 93 2.48
32 94 3.52
32 95 5.28
32 96 6.91
32 97 1.93
32 98 4.78
32 99 1.85
33 34 5.91
33 35 3.01
33 36 5.53
33 37 9.64
33 38 1.14
33 39 5.14
33 40 0.86
33 41 7.37
33 42 0.71
33 43 8.03
33 44 2.31
33 45 2.46
33 46 3.53
33 47 5.56
33 48 7.65
33 49 3.55
33 50 4.69
33 51 9.74
33 52 5.37
33 53 6.85
33 54 1.75
33 55 6.00
33 56 4.50
33 57 7.12
33 58 5.32
33 59 2.63
33 60 9.67
33 61 6.87
33 62 7.33
33 63 5.31
33 64 9.19
33 65 2.05
33 66 9.18
33 67 3.22
33 68 2.12
33 69 0.00
33 70 4.95
33 71 1.30
33 72 7.03
33 73 4.62
33 74 3.15
33 75 4.02
33 76 0.30
33 77 1.09
33 78 3.29
33 79 1.64
33 80 3.70
33 81 5.37
33 82 2.12
33 83 4.09
33 84 4.57
33 85 9.38
33 86 6.78
33 87 0.12
33 88 2.61
33 89 0.18
33 90 8.23
33 91 3.11
33 92 4.78
33 93 3.44
33 94 6.32
33 95 4.43
33 96 0.18
33 97 0.75
33 98 8.67
33 99 9.60
34 35 4.89
34 36 0.38
34 37 5.14
34 38 6.58
34 39 1.03
34 40 1.99
34 41 6.61
34 42 0.69
34 43 6.46
34 44 4.04
34 45 7.96
34 46 0.62
34 47 4.20
34 48 0.63
34 49 2.46
34 50 6.08
34 51 6.81
34 52 8.66
34 53 3.35
34 54 1.54
34 55 9.93
34 56 6.63
34 57 5.75
34 58 7.57
34 59 7.99
34 60 1.26
34 61 2.53
34 62 0.01
34 63 3.50
34 64 1.39
34 65 2.62
34 66 8.57
34 67 2.17
34 68 5.21
34 69 3.20
34 70 6.23
34 71 8.22
34 72 2.35
34 73 5.83
34 74 8.14
34 75 6.70
34 76 9.04
34 77 1.83
34 78 7.07
34 79 2.03
34 80 2.20
34 81 2.88
34 82 9.80
34 83 4.18
34 84 4.25
34 85 8.78
34 86 4.13
34 87 0.03
34 88 9.76
34 89 7.56
34 90 7.03
34 91 8.95
34 92 9.17
34 93 9.47
34 94 4.20
34 95 1.38
34 96 0.75
34 97 0.94
34 98 6.50
34 99 7.71
35 36 0.57
35 37 4.62
35 38 9.49
35 39 5.68
35 40 9.55
35 41 5.64
35 42 8.98
35 43 4.54
35 44 1.32
35 45 7.02
35 46 9.23
35 47 8.89
35 48 6.31
35 49 3.79
35 50 2.48
35 51 0.21
35 52 8.17
35 53 5.10
35 54 1.19
35 55 6.59
35 56 2.42
35 57 6.71
35 58 8.31
35 59 4.74
35 60 5.76
35 61 9.62
35 62 9.35
35 63 8.29
35 64 4.93
35 65 6.12
35 66 3.04
35 67 0.13
35 68 9.29
35 69 3.65
35 70 3.45
35 71 5.51
35 72 5.26
35 73 4.54
35 74 0.29
35 75 8.38
35 76 5.28
35 77 4.19
35 78 3.95
35 79 0.88
35 80 6.95
35 81 2.75
35 82 9.26
35 83 1.21
35 84 7.57
35 85 6.81
35 86 3.18
35 87 7.64
35 88 2.17
35 89 3.92
35 90 4.67
35 91 5.09
35 92 9.23
35 93 4.52
35 94 1.36
35 95 2.13
35 96 7.32
35 97 3.51
35 98 6.85
35 99 9.75
36 37 5.46
36 38 6.83
36 39 4.16
36 40 4.11
36 41 2.24
36 42 5.34
36 43 3.86
36 44 2.84
36 45 4.11
36 46 6.03
36 47 0.25
36 48 7.18
36 49 0.65
36 50 8.50
36 51 1.37
36 52 6.61
36 53 8.38
36 54 6.27
36 55 6.60
36 56 8.04
36 57 4.32
36 58 4.79
36 59 7.50
36 60 5.32
36 61 0.99
36 62 4.13
36 63 5.14
36 64 8.29
36 65 3.10
36 66 7.25
36 67 9.25
36 68 5.96
36 69 2.71
36 70 3.17
36 71 9.31
36 72 4.29
36 73 3.60
36 74 3.41
36 75 6.97
36 76 1.71
36 77 5.06
36 78 8.18
36 79 8.23
36 80 7.82
36 81 0.11
36 82 7.91
36 83 2.21
36 84 4.08
36 85 4.16
36 86 2.87
36 87 4.49
36 88 7.05
36 89 3.46
36 90 4.19
36 91 4.04
36 92 1.45
36 93 9.41
36 94 8.53
36 95 6.55
36 96 4.66
36 97 6.65
36 98 4.71
36 99 9.90
37 38 8.83
37 39 2.38
37 40 5.31
37 41 5.66
37 42 0.69
37 43 1.56
37 44 8.42
37 45 5.17
37 46 7.81
37 47 9.60
37 48 8.87
37 49 2.66
37 50 5.38
37 51 4.12
37 52 3.50
37 53 6.32
37 54 0.87
37 55 7.50
37 56 4.34
37 57 6.87
37 58 7.22
37 59 9.91
37 60 5.12
37 61 6.45
37 62 9.95
37 63 0.21
37 64 0.58
37 65 6.11
37 66 0.50
37 67 1.97
37 68 7.16
37 69 6.97
37 70 3.65
37 71 6.55
37 72 3.51
37 73 4.11
37 74 6.06
37 75 2.51
37 76 0.49
37 77 5.40
37 78 1.51
37 79 3.82
37 80 8.09
37 81 3.11
37 82 0.01
37 83 0.16
37 84 7.90
37 85 6.73
37 86 4.38
37 87 5.43
37 88 6.39
37 89 9.76
37 90 5.83
37 91 7.47
37 92 2.02
37 93 9.13
37 94 3.94
37 95 3.20
37 96 6.71
37 97 3.12
37 98 9.77
37 99 8.19
38 39 7.27
38 40 7.33
38 41 4.39
38 42 9.97
38 43 6.68
38 44 8.54
38 45 8.67
38 46 2.46
38 47 9.22
38 48 3.22
38 49 5.84
38 50 8.68
38 51 3.57
38 52 8.26
38 53 4.60
38 54 5.82
38 55 4.28
38 56 0.26
38 57 5.36
38 58 8.53
38 59 3.37
38 60 9.55
38 61 5.37
38 62 4.75
38 63 3.78
38 64 5.47
38 65 6.04
38 66 1.39
38 67 0.39
38 68 2.31
38 69 5.93
38 70 1.89
38 71 6.79
38 72 4.00
38 73 1.62
38 74 6.28
38 75 9.80
38 76 5.55
38 77 8.73
38 78 0.74
38 79 5.29
38 80 5.10
38 81 3.44
38 82 5.05
38 83 7.39
38 84 4.25
38 85 4.98
38 86 3.78
38 87 1.58
38 88 7.26
38 89 9.74
38 90 0.08
38 91 9.25
38 92 4.74
38 93 5.68
38 94 6.16
38 95 2.43
38 96 9.23
38 97 6.21
38 98 8.64
38 99 0.02
39 40 7.71
39 41 0.68
39 42 4.25
39 43 8.91
39 44 6.92
39 45 8.80
39 46 1.76
39 47 6.74
39 48 5.02
39 49 4.49
39 50 4.94
39 51 4.46
39 52 3.70
39 53 0.03
39 54 9.58
39 55 8.81
39 56 2.77
39 57 9.59
39 58 8.64
39 59 7.98
39 60 9.08
39 61 9.01
39 62 8.28
39 63 3.31
39 64 5.80
39 65 2.53
39 66 8.92
39 67 9.45
39 68 2.19
39 69 8.32
39 70 6.77
39 71 5.54
39 72 1.34
39 73 3.99
39 74 9.57
39 75 9.24
39 76 5.95
39 77 9.27
39 78 3.96
39 79 4.44
39 80 1.46
39 81 3.23
39 82 8.48
39 83 8.80
39 84 1.35
39 85 0.27
39 86 4.38
39 87 8.89
39 88 6.93
39 89 5.71
39 90 1.78
39 91 4.20
39 92 1.29
39 93 5.43
39 94 9.09
39 95 5.70
39 96 8.06
39 97 7.71
39 98 9.11
39 99 1.00
40 41 3.10
40 42 3.01
40 43 3.39
40 44 8.58
40 45 2.90
40 46 5.50
40 47 7.19
40 48 2.04
40 49 4.91
40 50 8.80
40 51 2.34
40 52 4.34
40 53 7.24
40 54 3.94
40 55 6.56
40 56 2.30
40 57 9.72
40 58 4.84
40 59 9.97
40 60 2.69
40 61 5.65
40 62 6.43
40 63 6.64
40 64 7.46
40 65 7.44
40 66 7.17
40 67 5.03
40 68 9.70
40 69 8.96
40 70 4.62
40 71 6.65
40 72 1.60
40 73 5.38
40 74 3.18
40 75 9.27
40 76 4.43
40 77 4.73
40 78 7.56
40 79 3.28
40 80 2.97
40 81 9.83
40 82 7.75
40 83 6.61
40 84 1.09
40 85 7.24
40 86 1.19
40 87 4.55
40 88 7.62
40 89 1.80
40 90 3.38
40 91 0.45
40 92 7.87
40 93 5.98
40 94 1.99
40 95 1.18
40 96 4.39
40 97 7.03
40 98 2.01
40 99 4.85
41 42 6.54
41 43 4.80
41 44 4.88
41 45 2.97
41 46 6.54
41 47 5.80
41 48 9.04
41 49 6.62
41 50 0.67
41 51 4.22
41 52 1.02
41 53 3.06
41 54 9.35
41 55 2.45
41 56 2.89
41 57 0.69
41 58 2.84
41 59 8.66
41 60 7.15
41 61 6.35
41 62 4.06
41 63 2.65
41 64 1.85
41 65 8.84
41 66 8.22
41 67 5.88
41 68 5.34
41 69 3.69
41 70 9.91
41 71 9.12
41 72 6.48
41 73 9.64
41 74 5.04
41 75 0.71
41 76 4.27
41 77 5.22
41 78 0.21
41 79 2.94
41 80 9.68
41 81 9.17
41 82 2.29
41 83 8.20
41 84 5.68
41 85 5.02
41 86 5.92
41 87 0.35
41 88 1.47
41 89 7.77
41 90 0.13
41 91 4.88
41 92 0.10
41 93 2.59
41 94 8.41
41 95 0.48
41 96 6.37
41 97 0.88
41 98 0.34
41 99 2.08
42 43 0.58
42 44 1.70
42 45 2.81
42 46 0.86
42 47 1.14
42 48 0.57
42 49 6.39
42 50 8.64
42 51 4.06
42 52 6.49
42 53 0.66
42 54 2.60
42 55 5.05
42 56 4.64
42 57 5.90
42 58 4.42
42 59 1.33
42 60 4.01
42 61 1.33
42 62 4.21
42 63 6.15
42 64 4.70
42 65 9.35
42 66 6.97
42 67 1.31
42 68 5.67
42 69 0.97
42 70 4.97
42 71 9.21
42 72 3.61
42 73 2.41
42 74 8.84
42 75 3.86
42 76 6.75
42 77 5.19
42 78 7.72
42 79 9.34
42 80 8.72
42 81 4.62
42 82 7.31
42 83 9.04
42 84 2.33
42 85 3.99
42 86 7.41
42 87 8.47
42 88 0.66
42 89 4.23
42 90 0.05
42 91 9.94
42 92 8.97
42 93 6.05
42 94 9.68
42 95 8.50
42 96 0.04
42 97 3.70
42 98 1.84
42 99 7.21
43 44 9.17
43 45 8.86
43 46 1.92
43 47 6.98
43 48 5.33
43 49 2.76
43 50 8.65
43 51 7.32
43 52 7.67
43 53 7.50
43 54 2.71
43 55 1.12
43 56 3.54
43 57 7.32
43 58 3.50
43 59 7.15
43 60 9.62
43 61 9.06
43 62 7.60
43 63 6.21
43 64 7.34
43 65 1.73
43 66 7.37
43 67 5.49
43 68 0.00
43 69 0.73
43 70 7.69
43 71 3.32
43 72 4.40
43 73 4.82
43 74 6.81
43 75 5.13
43 76 0.93
43 77 9.41
43 78 2.69
43 79 10.00
43 80 6.97
43 81 3.97
43 82 4.04
43 83 2.57
43 84 8.88
43 85 1.47
43 86 9.88
43 87 3.18
43 88 8.24
43 89 1.96
43 90 4.67
43 91 4.64
43 92 3.88
43 93 9.18
43 94 5.19
43 95 3.81
43 96 3.10
43 97 0.17
43 98 7.25
43 99 5.56
44 45 9.24
44 46 2.55
44 47 0.43
44 48 0.19
44 49 0.37
44 50 4.89
44 51 4.04
44 52 0.25
44 53 5.49
44 54 6.49
44 55 2.33
44 56 4.01
44 57 5.15
44 58 4.52
44 59 0.47
44 60 1.80
44 61 2.54
44 62 6.50
44 63 0.74
44 64 0.71
44 65 1.38
44 66 6.13
44 67 8.60
44 68 4.59
44 69 9.32
44 70 2.44
44 71 5.79
44 72 4.99
44 73 8.05
44 74 2.49
44 75 6.04
44 76 1.00
44 77 6.20
44 78 1.41
44 79 9.50
44 80 7.67
44 81 6.03
44 82 5.55
44 83 1.91
44 84 3.62
44 85 9.35
44 86 1.17
44 87 9.04
44 88 3.29
44 89 7.13
44 90 8.72
44 91 5.09
44 92 7.39
44 93 7.18
44 94 0.05
44 95 3.03
44 96 0.35
44 97 9.40
44 98 9.75
44 99 3.88
45 46 1.58
45 47 1.02
45 48 0.42
45 49 6.67
45 50 8.85
45 51 4.07
45 52 7.26
45 53 3.33
45 54 7.23
45 55 0.59
45 56 6.80
45 57 5.60
45 58 4.36
45 59 7.22
45 60 9.05
45 61 4.99
45 62 6.82
45 63 8.45
45 64 7.05
45 65 6.47
45 66 2.53
45 67 0.98
45 68 7.41
45 69 6.41
45 70 4.92
45 71 8.60
45 72 1.75
45 73 8.57
45 74 4.33
45 75 7.34
45 76 2.57
45 77 1.90
45 78 7.09
45 79 2.58
45 80 8.76
45 81 8.17
45 82 3.33
45 83 5.86
45 84 3.22
45 85 5.11
45 86 7.26
45 87 3.20
45 88 5.57
45 89 8.52
45 90 7.04
45 91 9.21
45 92 2.96
45 93 3.86
45 94 7.88
45 95 0.75
45 96 3.51
45 97 4.61
45 98 8.00
45 99 7.92
46 47 9.44
46 48 7.86
46 49 8.59
46 50 4.98
46 51 4.95
46 52 4.92
46 53 1.58
46 54 7.36
46 55 7.44
46 56 1.03
46 57 8.57
46 58 5.98
46 59 8.68
46 60 5.19
46 61 5.99
46 62 4.62
46 63 4.99
46 64 1.92
46 65 0.51
46 66 5.54
46 67 6.66
46 68 2.03
46 69 7.56
46 70 3.24
46 71 5.66
46 72 6.80
46 73 9.16
46 74 3.65
46 75 7.72
46 76 6.66
46 77 3.83
46 78 7.87
46 79 6.80
46 80 0.58
46 81 3.96
46 82 4.59
46 83 4.12
46 84 9.93
46 85 8.04
46 86 4.33
46 87 4.40
46 88 4.94
46 89 3.47
46 90 3.23
46 91 6.33
46 92 0.50
46 93 9.68
46 94 1.44
46 95 6.19
46 96 3.56
46 97 9.16
46 98 2.33
46 99 0.29
47 48 7.61
47 49 8.95
47 50 5.79
47 51 6.73
47 52 9.13
47 53 5.16
47 54 7.81
47 55 5.65
47 56 5.41
47 57 9.30
47 58 1.12
47 59 9.52
47 60 4.35
47 61 0.19
47 62 6.52
47 63 1.62
47 64 5.85
47 65 5.29
47 66 2.70
47 67 8.13
47 68 3.74
47 69 7.71
47 70 6.78
47 71 7.21
47 72 1.84
47 73 3.30
47 74 1.50
47 75 4.19
47 76 9.81
47 77 6.19
47 78 8.72
47 79 2.93
47 80 0.37
47 81 7.77
47 82 9.59
47 83 1.02
47 84 8.85
47 85 9.83
47 86 7.99
47 87 6.77
47 88 2.19
47 89 0.38
47 90 0.47
47 91 1.49
47 92 4.36
47 93 0.59
47 94 8.79
47 95 3.88
47 96 0.05
47 97 3.77
47 98 8.05
47 99 3.43
48 49 0.35
48 50 8.99
48 51 4.85
48 52 1.90
48 53 1.79
48 54 5.61
48 55 5.31
48 56 7.12
48 57 2.90
48 58 8.39
48 59 9.17
48 60 1.47
48 61 1.10
48 62 2.33
48 63 2.65
48 64 9.11
48 65 7.43
48 66 9.22
48 67 2.07
48 68 7.08
48 69 0.47
48 70 7.15
48 71 2.87
48 72 2.18
48 73 5.90
48 74 3.50
48 75 1.62
48 76 1.64
48 77 4.15
48 78 8.62
48 79 0.93
48 80 6.20
48 81 7.37
48 82 3.82
48 83 9.92
48 84 4.72
48 85 4.66
48 86 3.83
48 87 9.47
48 88 5.93
48 89 7.28
48 90 4.09
48 91 7.94
48 92 1.17
48 93 3.76
48 94 3.51
48 95 3.81
48 96 6.46
48 97 7.29
48 98 2.59
48 99 3.60
49 50 5.74
49 51 3.87
49 52 1.98
49 53 1.70
49 54 2.00
49 55 9.90
49 56 0.67
49 57 2.11
49 58 0.34
49 59 2.35
49 60 5.98
49 61 9.56
49 62 5.13
49 63 1.86
49 64 1.96
49 65 7.15
49 66 9.23
49 67 2.12
49 68 3.88
49 69 9.56
49 70 9.38
49 71 6.39
49 72 8.32
49 73 4.19
49 74 2.91
49 75 0.84
49 76 4.45
49 77 1.56
49 78 4.80
49 79 5.47
49 80 0.14
49 81 3.10
49 82 5.75
49 83 5.85
49 84 5.95
49 85 6.75
49 86 8.23
49 87 7.93
49 88 2.57
49 89 4.67
49 90 6.62
49 91 6.29
49 92 1.57
49 93 7.05
49 94 4.92
49 95 5.71
49 96 2.24
49 97 5.79
49 98 4.72
49 99 4.82
50 51 8.16
50 52 3.15
50 53 3.08
50 54 9.85
50 55 7.36
50 56 1.12
50 57 5.47
50 58 0.14
50 59 8.51
50 60 7.97
50 61 6.36
50 62 6.00
50 63 3.28
50 64 6.57
50 65 6.90
50 66 1.89
50 67 3.72
50 68 4.28
50 69 3.51
50 70 9.71
50 71 7.43
50 72 8.88
50 73 4.37
50 74 2.83
50 75 1.77
50 76 3.20
50 77 0.88
50 78 5.97
50 79 7.75
50 80 5.77
50 81 8.95
50 82 8.31
50 83 8.43
50 84 2.16
50 85 7.19
50 86 7.15
50 87 0.63
50 88 0.19
50 89 6.49
50 90 1.89
50 91 3.93
50 92 6.43
50 93 0.19
50 94 2.90
50 95 3.90
50 96 2.89
50 97 7.17
50 98 3.34
50 99 8.76
51 52 2.68
51 53 2.78
51 54 1.44
51 55 8.70
51 56 1.27
51 57 8.38
51 58 7.97
51 59 8.67
51 60 3.70
51 61 3.86
51 62 5.30
51 63 3.19
51 64 6.43
51 65 3.37
51 66 4.41
51 67 6.38
51 68 5.33
51 69 8.85
51 70 7.38
51 71 8.89
51 72 5.34
51 73 2.57
51 74 8.14
51 75 5.11
51 76 6.65
51 77 1.03
51 78 9.87
51 79 4.39
51 80 3.04
51 81 6.97
51 82 0.68
51 83 4.46
51 84 3.41
51 85 7.70
51 86 9.99
51 87 5.52
51 88 0.82
51 89 1.76
51 90 5.69
51 91 9.32
51 92 7.14
51 93 8.22
51 94 9.60
51 95 3.13
51 96 6.66
51 97 3.69
51 98 2.65
51 99 9.72
52 53 8.05
52 54 9.10
52 55 0.18
52 56 7.36
52 57 4.23
52 58 4.33
52 59 1.13
52 60 0.12
52 61 2.13
52 62 9.96
52 63 0.54
52 64 4.66
52 65 9.51
52 66 8.70
52 67 9.66
52 68 7.53
52 69 7.28
52 70 3.15
52 71 1.88
52 72 7.98
52 73 6.81
52 74 8.30
52 75 1.04
52 76 4.32
52 77 9.39
52 78 7.27
52 79 5.10
52 80 7.37
52 81 6.62
52 82 0.44
52 83 9.61
52 84 6.67
52 85 0.46
52 86 4.53
52 87 1.02
52 88 1.50
52 89 8.19
52 90 8.27
52 91 0.84
52 92 9.03
52 93 3.23
52 94 8.25
52 95 3.40
52 96 9.35
52 97 5.36
52 98 4.29
52 99 6.78
53 54 3.95
53 55 6.80
53 56 9.14
53 57 1.30
53 58 9.22
53 59 1.38
53 60 5.42
53 61 7.71
53 62 6.58
53 63 5.53
53 64 4.92
53 65 3.37
53 66 7.20
53 67 0.93
53 68 1.89
53 69 1.77
53 70 1.09
53 71 2.75
53 72 1.53
53 73 3.12
53 74 3.70
53 75 0.58
53 76 8.38
53 77 3.90
53 78 7.41
53 79 7.79
53 80 4.06
53 81 9.06
53 82 8.10
53 83 7.06
53 84 4.64
53 85 4.89
53 86 0.97
53 87 6.28
53 88 2.52
53 89 0.61
53 90 1.94
53 91 2.77
53 92 3.25
53 93 3.43
53 94 9.04
53 95 7.59
53 96 2.37
53 97 4.24
53 98 4.36
53 99 7.94
54 55 7.57
54 56 2.29
54 57 6.64
54 58 5.97
54 59 0.65
54 60 5.15
54 61 0.69
54 62 0.04
54 63 9.28
54 64 1.81
54 65 7.32
54 66 4.21
54 67 0.27
54 68 5.02
54 69 6.83
54 70 7.49
54 71 7.16
54 72 4.99
54 73 2.17
54 74 0.86
54 75 4.33
54 76 2.89
54 77 1.78
54 78 2.63
54 79 9.60
54 80 5.69
54 81 9.75
54 82 7.50
54 83 0.43
54 84 7.39
54 85 6.05
54 86 0.83
54 87 8.40
54 88 9.67
54 89 1.16
54 90 0.96
54 91 7.91
54 92 4.04
54 93 6.36
54 94 2.43
54 95 4.97
54 96 3.90
54 97 2.55
54 98 4.14
54 99 4.15
55 56 6.26
55 57 3.21
55 58 6.92
55 59 8.18
55 60 0.82
55 61 2.19
55 62 1.56
55 63 7.09
55 64 8.70
55 65 9.30
55 66 3.10
55 67 3.21
55 68 4.82
55 69 7.14
55 70 4.88
55 71 2.45
55 72 4.49
55 73 5.06
55 74 8.47
55 75 5.10
55 76 5.58
55 77 8.18
55 78 7.75
55 79 6.23
55 80 7.28
55 81 7.72
55 82 6.86
55 83 3.60
55 84 5.24
55 85 7.01
55 86 3.52
55 87 9.78
55 88 6.48
55 89 7.13
55 90 9.57
55 91 3.82
55 92 1.66
55 93 8.47
55 94 1.45
55 95 6.23
55 96 9.61
55 97 5.33
55 98 2.96
55 99 2.77
56 57 0.79
56 58 2.15
56 59 3.78
56 60 9.66
56 61 9.86
56 62 6.36
56 63 8.52
56 64 2.95
56 65 5.34
56 66 9.72
56 67 2.79
56 68 5.91
56 69 1.44
56 70 9.80
56 71 2.63
56 72 3.50
56 73 3.97
56 74 8.53
56 75 8.61
56 76 2.84
56 77 4.54
56 78 4.96
56 79 9.48
56 80 9.38
56 81 1.95
56 82 3.60
56 83 8.07
56 84 1.62
56 85 8.35
56 86 9.17
56 87 2.55
56 88 0.79
56 89 9.35
56 90 5.81
56 91 5.46
56 92 7.30
56 93 0.48
56 94 1.92
56 95 0.51
56 96 2.97
56 97 0.65
56 98 0.41
56 99 8.38
57 58 1.54
57 59 7.69
57 60 1.62
57 61 0.05
57 62 0.80
57 63 2.55
57 64 2.50
57 65 9.95
57 66 0.94
57 67 5.80
57 68 7.62
57 69 0.16
57 70 5.04
57 71 6.71
57 72 3.36
57 73 8.03
57 74 5.36
57 75 7.75
57 76 5.32
57 77 3.59
57 78 3.51
57 79 8.73
57 80 2.72
57 81 7.04
57 82 1.67
57 83 8.32
57 84 9.11
57 85 9.25
57 86 0.37
57 87 5.95
57 88 1.73
57 89 1.25
57 90 0.19
57 91 3.24
57 92 5.10
57 93 1.84
57 94 4.29
57 95 3.13
57 96 9.38
57 97 9.57
57 98 8.34
57 99 0.43
58 59 7.36
58 60 0.88
58 61 8.20
58 62 1.53
58 63 4.53
58 64 4.49
58 65 2.52
58 66 5.82
58 67 9.48
58 68 4.48
58 69 6.69
58 70 9.19
58 71 4.41
58 72 6.07
58 73 1.70
58 74 3.08
58 75 9.66
58 76 0.16
58 77 2.65
58 78 2.80
58 79 5.23
58 80 2.59
58 81 2.56
58 82 3.95
58 83 7.29
58 84 3.81
58 85 7.30
58 86 2.41
58 87 2.83
58 88 0.95
58 89 7.09
58 90 9.79
58 91 5.50
58 92 0.61
58 93 0.85
58 94 4.64
58 95 9.33
58 96 5.81
58 97 3.35
58 98 7.06
58 99 10.00
59 60 8.58
59 61 1.71
59 62 1.08
59 63 9.71
59 64 9.68
59 65 5.40
59 66 0.31
59 67 1.93
59 68 6.16
59 69 4.00
59 70 9.48
59 71 7.88
59 72 9.35
59 73 2.67
59 74 8.00
59 75 7.54
59 76 7.37
59 77 2.32
59 78 7.03
59 79 5.69
59 80 8.51
59 81 0.25
59 82 5.99
59 83 3.71
59 84 1.37
59 85 5.08
59 86 8.84
59 87 4.82
59 88 2.03
59 89 3.92
59 90 6.26
59 91 9.29
59 92 3.97
59 93 8.46
59 94 2.49
59 95 6.55
59 96 6.90
59 97 0.05
59 98 7.78
59 99 3.33
60 61 4.70
60 62 8.98
60 63 3.50
60 64 2.79
60 65 0.77
60 66 3.62
60 67 0.53
60 68 5.54
60 69 5.38
60 70 9.13
60 71 1.31
60 72 7.84
60 73 7.76
60 74 6.43
60 75 6.44
60 76 5.36
60 77 4.64
60 78 6.34
60 79 9.68
60 80 1.04
60 81 4.83
60 82 4.57
60 83 0.26
60 84 3.39
60 85 6.57
60 86 8.64
60 87 5.01
60 88 4.33
60 89 9.07
60 90 6.12
60 91 3.60
60 92 5.85
60 93 6.45
60 94 6.66
60 95 4.18
60 96 6.20
60 97 1.08
60 98 8.60
60 99 1.34
61 62 7.98
61 63 9.73
61 64 7.36
61 65 3.10
61 66 6.97
61 67 3.35
61 68 0.17
61 69 9.71
61 70 4.19
61 71 4.23
61 72 4.13
61 73 8.94
61 74 2.15
61 75 0.87
61 76 8.15
61 77 8.99
61 78 8.09
61 79 5.70
61 80 6.00
61 81 4.10
61 82 0.70
61 83 9.71
61 84 5.58
61 85 4.67
61 86 2.60
61 87 7.67
61 88 8.53
61 89 9.32
61 90 9.13
61 91 4.41
61 92 10.00
61 93 2.53
61 94 7.36
61 95 3.53
61 96 4.90
61 97 9.12
61 98 7.60
61 99 1.20
62 63 5.48
62 64 2.91
62 65 8.11
62 66 0.11
62 67 6.87
62 68 9.74
62 69 5.18
62 70 3.28
62 71 5.81
62 72 3.27
62 73 1.88
62 74 1.63
62 75 5.93
62 76 6.80
62 77 9.83
62 78 6.68
62 79 1.39
62 80 4.88
62 81 7.11
62 82 1.61
62 83 4.10
62 84 2.10
62 85 4.82
62 86 9.28
62 87 1.06
62 88 9.16
62 89 3.76
62 90 6.37
62 91 9.43
62 92 7.46
62 93 3.04
62 94 0.74
62 95 4.21
62 96 3.42
62 97 7.37
62 98 2.15
62 99 4.55
63 64 4.41
63 65 1.98
63 66 8.28
63 67 0.85
63 68 3.37
63 69 8.07
63 70 2.32
63 71 8.86
63 72 8.14
63 73 8.21
63 74 1.32
63 75 0.81
63 76 1.18
63 77 0.74
63 78 0.57
63 79 3.88
63 80 4.16
63 81 2.77
63 82 7.81
63 83 7.93
63 84 6.70
63 85 0.06
63 86 7.13
63 87 0.81
63 88 5.88
63 89 7.57
63 90 7.89
63 91 7.20
63 92 6.88
63 93 6.15
63 94 8.68
63 95 1.21
63 96 4.89
63 97 4.13
63 98 8.95
63 99 5.53
64 65 3.92
64 66 3.38
64 67 6.39
64 68 5.01
64 69 6.52
64 70 7.89
64 71 4.90
64 72 1.54
64 73 5.35
64 74 9.75
64 75 8.19
64 76 9.93
64 77 5.69
64 78 3.82
64 79 9.27
64 80 3.32
64 81 1.71
64 82 8.52
64 83 2.45
64 84 7.27
64 85 7.32
64 86 8.71
64 87 4.23
64 88 9.64
64 89 6.91
64 90 4.91
64 91 5.19
64 92 6.04
64 93 6.95
64 94 4.13
64 95 6.16
64 96 5.54
64 97 8.71
64 98 1.94
64 99 4.17
65 66 7.05
65 67 8.20
65 68 8.92
65 69 6.09
65 70 7.25
65 71 9.11
65 72 2.05
65 73 3.21
65 74 5.05
65 75 5.72
65 76 4.03
65 77 3.53
65 78 0.62
65 79 7.95
65 80 0.52
65 81 5.64
65 82 5.78
65 83 7.76
65 84 4.04
65 85 2.03
65 86 4.63
65 87 9.42
65 88 4.77
65 89 4.64
65 90 1.35
65 91 6.21
65 92 6.96
65 93 0.58
65 94 9.73
65 95 1.57
65 96 2.45
65 97 2.12
65 98 1.85
65 99 9.85
66 67 1.42
66 68 4.24
66 69 4.19
66 70 5.55
66 71 6.51
66 72 6.86
66 73 4.42
66 74 6.91
66 75 6.90
66 76 6.10
66 77 2.52
66 78 6.97
66 79 9.49
66 80 4.20
66 81 4.79
66 82 9.55
66 83 8.66
66 84 8.08
66 85 3.41
66 86 1.80
66 87 7.21
66 88 1.74
66 89 1.27
66 90 3.08
66 91 5.40
66 92 4.16
66 93 7.03
66 94 8.33
66 95 6.47
66 96 5.99
66 97 8.61
66 98 4.44
66 99 0.09
67 68 7.03
67 69 7.29
67 70 9.32
67 71 3.97
67 72 0.62
67 73 8.43
67 74 1.24
67 75 6.12
67 76 9.99
67 77 1.38
67 78 5.07
67 79 4.34
67 80 3.46
67 81 8.16
67 82 3.17
67 83 3.51
67 84 8.59
67 85 9.69
67 86 8.58
67 87 8.68
67 88 0.08
67 89 9.93
67 90 3.60
67 91 3.51
67 92 6.08
67 93 2.84
67 94 6.49
67 95 2.25
67 96 8.62
67 97 5.37
67 98 9.54
67 99 2.55
68 69 7.44
68 70 8.10
68 71 8.17
68 72 0.99
68 73 0.17
68 74 3.05
68 75 1.75
68 76 7.95
68 77 9.83
68 78 6.87
68 79 3.05
68 80 2.74
68 81 6.54
68 82 2.09
68 83 8.45
68 84 0.77
68 85 5.91
68 86 0.35
68 87 9.65
68 88 6.54
68 89 7.82
68 90 8.13
68 91 4.68
68 92 8.97
68 93 5.81
68 94 9.30
68 95 9.26
68 96 6.04
68 97 8.99
68 98 8.31
68 99 0.92
69 70 2.37
69 71 2.83
69 72 3.29
69 73 6.15
69 74 3.40
69 75 0.53
69 76 0.87
69 77 1.11
69 78 1.45
69 79 0.04
69 80 2.70
69 81 7.57
69 82 5.28
69 83 0.78
69 84 1.93
69 85 9.93
69 86 3.94
69 87 7.41
69 88 8.91
69 89 6.81
69 90 1.68
69 91 1.74
69 92 5.56
69 93 2.96
69 94 2.17
69 95 2.52
69 96 3.06
69 97 8.56
69 98 5.18
69 99 7.86
70 71 8.27
70 72 1.08
70 73 9.34
70 74 7.78
70 75 6.06
70 76 3.53
70 77 4.82
70 78 3.88
70 79 6.93
70 80 6.29
70 81 4.62
70 82 0.22
70 83 6.04
70 84 8.11
70 85 2.93
70 86 6.35
70 87 1.92
70 88 3.18
70 89 4.15
70 90 9.24
70 91 6.83
70 92 1.07
70 93 6.07
70 94 5.15
70 95 8.04
70 96 9.44
70 97 6.57
70 98 0.60
70 99 2.08
71 72 6.91
71 73 2.73
71 74 1.43
71 75 7.09
71 76 3.13
71 77 7.30
71 78 9.43
71 79 4.60
71 80 8.33
71 81 3.33
71 82 0.09
71 83 7.54
71 84 0.00
71 85 6.85
71 86 9.76
71 87 6.15
71 88 3.39
71 89 6.95
71 90 6.79
71 91 3.39
71 92 5.91
71 93 4.88
71 94 2.13
71 95 5.76
71 96 8.01
71 97 8.40
71 98 7.66
71 99 1.65
72 73 3.22
72 74 6.86
72 75 9.59
72 76 0.10
72 77 0.62
72 78 3.39
72 79 7.93
72 80 7.30
72 81 8.59
72 82 3.25
72 83 4.34
72 84 1.11
72 85 8.72
72 86 6.19
72 87 2.26
72 88 9.91
72 89 5.22
72 90 0.33
72 91 0.18
72 92 1.14
72 93 3.33
72 94 5.14
72 95 7.50
72 96 9.02
72 97 5.47
72 98 3.49
72 99 3.90
73 74 3.86
73 75 3.13
73 76 5.58
73 77 5.53
73 78 5.31
73 79 0.67
73 80 4.05
73 81 3.57
73 82 9.90
73 83 7.17
73 84 7.19
73 85 6.39
73 86 2.70
73 87 2.00
73 88 4.44
73 89 0.63
73 90 1.75
73 91 3.76
73 92 3.74
73 93 4.84
73 94 4.71
73 95 7.11
73 96 3.17
73 97 7.91
73 98 7.04
73 99 2.21
74 75 4.40
74 76 8.49
74 77 1.08
74 78 4.18
74 79 9.23
74 80 6.72
74 81 5.72
74 82 5.84
74 83 9.21
74 84 2.26
74 85 6.28
74 86 2.82
74 87 1.89
74 88 9.48
74 89 3.50
74 90 3.92
74 91 7.83
74 92 8.15
74 93 5.89
74 94 8.74
74 95 9.29
74 96 7.58
74 97 7.37
74 98 6.81
74 99 6.32
75 76 9.82
75 77 5.45
75 78 2.95
75 79 4.87
75 80 1.28
75 81 7.64
75 82 8.52
75 83 5.39
75 84 6.26
75 85 6.99
75 86 9.55
75 87 3.41
75 88 5.73
75 89 2.87
75 90 8.26
75 91 2.49
75 92 1.53
75 93 1.09
75 94 7.16
75 95 6.04
75 96 3.24
75 97 0.45
75 98 5.26
75 99 7.27
76 77 9.52
76 78 1.87
76 79 4.80
76 80 1.18
76 81 7.31
76 82 3.14
76 83 6.66
76 84 3.91
76 85 9.83
76 86 0.23
76 87 2.71
76 88 2.60
76 89 3.91
76 90 3.78
76 91 4.62
76 92 2.54
76 93 0.30
76 94 7.87
76 95 1.45
76 96 1.05
76 97 5.89
76 98 8.29
76 99 9.97
77 78 2.67
77 79 2.84
77 80 8.27
77 81 6.09
77 82 3.05
77 83 0.75
77 84 7.60
77 85 0.65
77 86 2.79
77 87 4.26
77 88 7.55
77 89 3.26
77 90 0.81
77 91 0.30
77 92 0.09
77 93 5.13
77 94 3.02
77 95 0.24
77 96 5.12
77 97 7.70
77 98 9.98
77 99 6.51
78 79 9.39
78 80 5.71
78 81 0.34
78 82 3.83
78 83 7.20
78 84 2.87
78 85 8.56
78 86 5.48
78 87 3.44
78 88 9.65
78 89 0.18
78 90 1.07
78 91 6.69
78 92 7.59
78 93 5.50
78 94 7.79
78 95 5.26
78 96 5.28
78 97 1.25
78 98 6.90
78 99 8.46
79 80 3.65
79 81 4.05
79 82 4.90
79 83 6.81
79 84 8.43
79 85 8.82
79 86 6.88
79 87 2.33
79 88 7.60
79 89 3.21
79 90 5.64
79 91 2.01
79 92 4.33
79 93 3.71
79 94 0.00
79 95 1.11
79 96 5.35
79 97 4.43
79 98 5.92
79 99 1.64
80 81 6.62
80 82 9.73
80 83 8.16
80 84 5.90
80 85 3.59
80 86 9.70
80 87 7.35
80 88 4.42
80 89 9.13
80 90 0.51
80 91 8.29
80 92 1.56
80 93 4.99
80 94 5.35
80 95 6.36
80 96 3.45
80 97 8.12
80 98 2.57
80 99 6.87
81 82 2.37
81 83 2.54
81 84 5.84
81 85 6.89
81 86 9.43
81 87 9.63
81 88 1.57
81 89 2.67
81 90 1.33
81 91 3.53
81 92 2.20
81 93 8.02
81 94 9.05
81 95 7.99
81 96 7.21
81 97 5.34
81 98 8.50
81 99 3.73
82 83 2.74
82 84 6.73
82 85 5.72
82 86 6.09
82 87 3.60
82 88 8.73
82 89 6.43
82 90 8.38
82 91 3.36
82 92 1.75
82 93 5.13
82 94 8.26
82 95 1.83
82 96 5.15
82 97 9.88
82 98 8.68
82 99 3.75
83 84 3.52
83 85 5.10
83 86 7.29
83 87 6.66
83 88 6.39
83 89 6.55
83 90 7.66
83 91 7.26
83 92 1.33
83 93 9.92
83 94 7.32
83 95 9.38
83 96 5.59
83 97 4.47
83 98 2.94
83 99 8.45
84 85 3.88
84 86 5.40
84 87 8.62
84 88 1.25
84 89 2.66
84 90 1.85
84 91 1.21
84 92 7.57
84 93 7.72
84 94 6.65
84 95 4.72
84 96 7.66
84 97 1.73
84 98 0.93
84 99 6.07
85 86 0.42
85 87 5.77
85 88 7.42
85 89 4.32
85 90 9.99
85 91 9.22
85 92 0.99
85 93 5.81
85 94 0.57
85 95 1.35
85 96 4.99
85 97 0.40
85 98 6.07
85 99 8.85
86 87 2.83
86 88 4.78
86 89 5.29
86 90 2.09
86 91 0.72
86 92 2.28
86 93 8.46
86 94 8.12
86 95 5.41
86 96 7.54
86 97 9.00
86 98 4.95
86 99 3.96
87 88 4.42
87 89 0.97
87 90 1.80
87 91 3.34
87 92 6.50
87 93 3.31
87 94 4.30
87 95 2.56
87 96 2.53
87 97 5.49
87 98 2.52
87 99 2.30
88 89 9.40
88 90 1.27
88 91 6.31
88 92 4.21
88 93 0.04
88 94 4.19
88 95 3.51
88 96 3.49
88 97 2.66
88 98 7.82
88 99 8.91
89 90 6.89
89 91 7.62
89 92 9.95
89 93 8.88
89 94 5.18
89 95 9.28
89 96 9.43
89 97 3.84
89 98 5.59
89 99 9.45
90 91 8.75
90 92 3.49
90 93 1.48
90 94 8.46
90 95 2.69
90 96 9.10
90 97 4.96
90 98 9.74
90 99 6.50
91 92 8.31
91 93 7.54
91 94 5.11
91 95 7.24
91 96 4.05
91 97 9.81
91 98 9.40
91 99 1.37
92 93 3.64
92 94 9.54
92 95 7.55
92 96 9.68
92 97 0.48
92 98 2.66
92 99 4.95
93 94 6.96
93 95 3.74
93 96 6.08
93 97 9.73
93 98 8.43
93 99 0.00
94 95 0.26
94 96 1.25
94 97 5.59
94 98 9.78
94 99 5.58
95 96 0.99
95 97 8.77
95 98 7.71
95 99 4.18
96 97 4.41
96 98 1.45
96 99 7.33
97 98 9.47
97 99 5.87
98 99 7.64
