100 10
0 1 8.01
0 2 8.77
0 3 1.23
0 4 4.37
0 5 4.84
0 6 5.71
0 7 1.60
0 8 4.83
0 9 0.70
0 10 7.86
0 11 1.74
0 12 1.32
0 13 2.64
0 14 7.30
0 15 6.24
0 16 3.59
0 17 0.62
0 18 2.36
0 19 0.80
0 20 0.78
0 21 6.76
0 22 1.13
0 23 3.53
0 24 1.48
0 25 4.91
0 26 3.78
0 27 2.22
0 28 5.71
0 29 4.32
0 30 2.87
0 31 4.29
0 32 6.78
0 33 0.90
0 34 1.17
0 35 3.91
0 36 0.35
0 37 4.77
0 38 3.22
0 39 3.53
0 40 0.97
0 41 8.81
0 42 4.94
0 43 0.56
0 44 5.16
0 45 4.37
0 46 7.50
0 47 1.02
0 48 9.26
0 49 4.53
0 50 7.91
0 51 7.64
0 52 0.90
0 53 7.23
0 54 2.60
0 55 5.09
0 56 7.52
0 57 7.58
0 58 7.36
0 59 5.95
0 60 9.36
0 61 8.21
0 62 7.00
0 63 0.44
0 64 7.81
0 65 2.27
0 66 5.74
0 67 4.88
0 68 6.79
0 69 5.58
0 70 7.52
0 71 0.09
0 72 2.10
0 73 7.16
0 74 7.78
0 75 5.95
0 76 8.75
0 77 2.41
0 78 7.16
0 79 5.51
0 80 3.78
0 81 8.13
0 82 2.97
0 83 8.76
0 84 9.39
0 85 6.13
0 86 2.88
0 87 7.20
0 88 2.42
0 89 3.19
0 90 9.04
0 91 3.82
0 92 1.46
0 93 2.77
0 94 5.91
0 95 6.55
0 96 4.40
0 97 7.00
0 98 3.15
0 99 4.19
1 2 4.67
1 3 2.98
1 4 8.54
1 5 6.64
1 6 4.89
1 7 4.81
1 8 2.83
1 9 0.63
1 10 2.84
1 11 9.09
1 12 1.35
1 13 9.06
1 14 4.17
1 15 8.28
1 16 1.79
1 17 1.85
1 18 5.44
1 19 6.02
1 20 8.77
1 21 4.99
1 22 5.09
1 23 3.07
1 24 2.84
1 25 2.94
1 26 8.60
1 27 2.44
1 28 3.38
1 29 6.19
1 30 5.53
1 31 9.32
1 32 3.34
1 33 8.39
1 34 4.38
1 35 7.65
1 36 5.02
1 37 8.03
1 38 0.35
1 39 3.41
1 40 5.79
1 41 7.03
1 42 0.03
1 43 8.96
1 44 8.28
1 45 1.31
1 46 9.21
1 47 5.80
1 48 3.17
1 49 6.39
1 50 6.70
1 51 6.92
1 52 3.00
1 53 6.17
1 54 7.07
1 55 9.76
1 56 3.69
1 57 9.48
1 58 1.99
1 59 4.15
1 60 7.61
1 61 0.01
1 62 7.88
1 63 7.92
1 64 1.01
1 65 4.11
1 66 8.75
1 67 0.73
1 68 0.63
1 69 2.66
1 70 0.53
1 71 0.01
1 72 9.85
1 73 3.15
1 74 9.58
1 75 9.66
1 76 3.55
1 77 1.74
1 78 8.80
1 79 6.00
1 80 9.65
1 81 4.69
1 82 5.79
1 83 10.00
1 84 0.04
1 85 0.54
1 86 6.93
1 87 0.29
1 88 1.62
1 89 5.13
1 90 0.79
1 91 7.91
1 92 8.53
1 93 9.50
1 94 2.89
1 95 2.36
1 96 2.40
1 97 2.91
1 98 8.64
1 99 4.79
2 3 9.24
2 4 9.57
2 5 6.07
2 6 1.64
2 7 1.93
2 8 1.55
2 9 1.63
2 10 2.92
2 11 0.91
2 12 5.30
2 13 6.09
2 14 6.19
2 15 4.25
2 16 5.60
2 17 4.35
2 18 7.33
2 19 7.31
2 20 8.13
2 21 5.00
2 22 7.31
2 23 1.55
2 24 2.96
2 25 5.78
2 26 5.98
2 27 3.75
2 28 8.85
2 29 2.63
2 30 2.48
2 31 2.97
2 32 0.10
2 33 0.20
2 34 1.36
2 35 7.68
2 36 8.59
2 37 8.51
2 38 5.38
2 39 1.15
2 40 3.87
2 41 9.58
2 42 5.18
2 43 0.42
2 44 8.05
2 45 6.01
2 46 3.29
2 47 6.55
2 48 3.61
2 49 7.28
2 50 5.38
2 51 9.05
2 52 5.03
2 53 8.39
2 54 1.76
2 55 3.65
2 56 2.65
2 57 3.76
2 58 3.09
2 59 3.69
2 60 7.81
2 61 9.68
2 62 5.43
2 63 3.13
2 64 7.57
2 65 5.78
2 66 9.59
2 67 6.92
2 68 7.60
2 69 3.16
2 70 9.23
2 71 2.58
2 72 1.71
2 73 9.57
2 74 0.15
2 75 3.99
2 76 7.70
2 77 9.04
2 78 2.46
2 79 7.91
2 80 8.56
2 81 8.65
2 82 5.57
2 83 7.02
2 84 5.50
2 85 6.65
2 86 0.85
2 87 5.85
2 88 0.70
2 89 0.88
2 90 8.77
2 91 0.36
2 92 7.81
2 93 2.92
2 94 5.54
2 95 6.38
2 96 0.44
2 97 2.23
2 98 7.07
2 99 9.73
3 4 6.14
3 5 3.98
3 6 7.01
3 7 7.02
3 8 9.04
3 9 0.69
3 10 3.80
3 11 7.97
3 12 9.43
3 13 0.73
3 14 3.45
3 15 6.42
3 16 0.50
3 17 6.39
3 18 4.85
3 19 3.00
3 20 9.64
3 21 0.18
3 22 8.17
3 23 5.64
3 24 4.65
3 25 6.81
3 26 1.93
3 27 4.54
3 28 7.49
3 29 9.55
3 30 8.60
3 31 6.00
3 32 0.83
3 33 6.83
3 34 1.60
3 35 4.17
3 36 9.75
3 37 4.08
3 38 0.98
3 39 6.64
3 40 7.30
3 41 8.41
3 42 9.58
3 43 2.26
3 44 9.88
3 45 9.95
3 46 5.90
3 47 4.16
3 48 1.99
3 49 2.23
3 50 3.96
3 51 7.12
3 52 0.13
3 53 5.70
3 54 6.79
3 55 5.00
3 56 5.27
3 57 8.50
3 58 6.22
3 59 2.42
3 60 9.71
3 61 7.99
3 62 5.54
3 63 5.26
3 64 7.07
3 65 0.03
3 66 3.91
3 67 5.89
3 68 5.77
3 69 6.92
3 70 5.80
3 71 4.31
3 72 4.97
3 73 5.61
3 74 2.51
3 75 1.26
3 76 1.42
3 77 7.31
3 78 7.27
3 79 7.22
3 80 0.38
3 81 7.60
3 82 1.61
3 83 0.33
3 84 7.31
3 85 5.64
3 86 2.96
3 87 6.88
3 88 9.04
3 89 1.71
3 90 9.34
3 91 9.37
3 92 8.39
3 93 5.81
3 94 4.01
3 95 0.97
3 96 2.27
3 97 9.69
3 98 1.60
3 99 3.63
4 5 8.70
4 6 9.71
4 7 9.93
4 8 6.56
4 9 3.35
4 10 0.23
4 11 1.04
4 12 6.30
4 13 7.91
4 14 0.14
4 15 2.80
4 16 1.72
4 17 8.23
4 18 9.13
4 19 4.68
4 20 8.47
4 21 9.40
4 22 4.40
4 23 6.74
4 24 9.77
4 25 0.22
4 26 4.97
4 27 3.18
4 28 3.56
4 29 8.49
4 30 4.27
4 31 2.24
4 32 1.29
4 33 0.94
4 34 3.82
4 35 4.23
4 36 6.20
4 37 8.34
4 38 8.25
4 39 4.85
4 40 2.86
4 41 0.62
4 42 7.50
4 43 7.25
4 44 1.35
4 45 8.10
4 46 4.71
4 47 0.28
4 48 2.18
4 49 4.71
4 50 7.38
4 51 9.27
4 52 6.17
4 53 0.50
4 54 8.92
4 55 7.77
4 56 5.37
4 57 2.45
4 58 5.76
4 59 2.85
4 60 0.00
4 61 9.05
4 62 9.25
4 63 7.41
4 64 6.62
4 65 4.05
4 66 5.46
4 67 0.82
4 68 6.51
4 69 1.94
4 70 0.45
4 71 8.43
4 72 4.05
4 73 6.62
4 74 9.09
4 75 6.90
4 76 8.63
4 77 3.27
4 78 0.07
4 79 2.84
4 80 3.11
4 81 5.18
4 82 5.25
4 83 6.71
4 84 0.90
4 85 9.99
4 86 8.49
4 87 5.19
4 88 2.16
4 89 9.54
4 90 3.26
4 91 6.72
4 92 4.62
4 93 4.48
4 94 3.44
4 95 5.37
4 96 2.85
4 97 5.98
4 98 4.05
4 99 4.92
5 6 0.35
5 7 2.90
5 8 3.42
5 9 9.63
5 10 1.62
5 11 5.22
5 12 5.01
5 13 4.78
5 14 9.02
5 15 4.42
5 16 4.22
5 17 9.63
5 18 4.71
5 19 9.33
5 20 4.17
5 21 7.95
5 22 2.09
5 23 7.25
5 24 1.50
5 25 9.93
5 26 8.50
5 27 2.53
5 28 8.67
5 29 5.70
5 30 3.72
5 31 8.69
5 32 2.45
5 33 2.21
5 34 9.77
5 35 5.50
5 36 3.80
5 37 5.78
5 38 9.49
5 39 4.23
5 40 5.56
5 41 7.94
5 42 8.44
5 43 0.20
5 44 9.02
5 45 7.91
5 46 0.50
5 47 6.79
5 48 9.55
5 49 8.95
5 50 8.01
5 51 8.12
5 52 5.51
5 53 0.16
5 54 0.79
5 55 4.57
5 56 6.15
5 57 5.83
5 58 6.68
5 59 6.15
5 60 5.29
5 61 2.83
5 62 9.55
5 63 2.15
5 64 8.02
5 65 1.84
5 66 0.17
5 67 0.17
5 68 1.54
5 69 4.26
5 70 3.23
5 71 3.26
5 72 3.95
5 73 0.51
5 74 4.05
5 75 8.99
5 76 0.26
5 77 6.62
5 78 9.40
5 79 9.64
5 80 5.41
5 81 1.47
5 82 3.04
5 83 7.02
5 84 7.64
5 85 5.40
5 86 5.49
5 87 6.79
5 88 1.67
5 89 6.25
5 90 2.62
5 91 5.85
5 92 3.53
5 93 3.49
5 94 6.55
5 95 0.16
5 96 3.49
5 97 0.98
5 98 8.14
5 99 3.46
6 7 0.47
6 8 7.07
6 9 4.91
6 10 3.93
6 11 9.67
6 12 8.45
6 13 2.47
6 14 4.42
6 15 3.59
6 16 6.53
6 17 8.17
6 18 7.85
6 19 8.53
6 20 0.13
6 21 0.55
6 22 4.62
6 23 3.56
6 24 5.27
6 25 2.73
6 26 0.83
6 27 3.16
6 28 9.32
6 29 1.00
6 30 9.76
6 31 1.99
6 32 2.87
6 33 1.51
6 34 0.41
6 35 9.91
6 36 5.68
6 37 7.37
6 38 2.57
6 39 8.68
6 40 6.43
6 41 2.94
6 42 5.02
6 43 5.37
6 44 6.37
6 45 7.55
6 46 3.66
6 47 8.05
6 48 3.20
6 49 4.10
6 50 2.11
6 51 1.25
6 52 7.69
6 53 7.84
6 54 0.08
6 55 8.05
6 56 1.11
6 57 4.96
6 58 7.66
6 59 8.26
6 60 9.35
6 61 7.82
6 62 2.25
6 63 6.43
6 64 2.29
6 65 6.69
6 66 5.97
6 67 7.18
6 68 2.38
6 69 5.33
6 70 0.38
6 71 7.84
6 72 5.39
6 73 2.63
6 74 0.55
6 75 7.79
6 76 5.32
6 77 7.97
6 78 4.24
6 79 4.13
6 80 7.01
6 81 0.29
6 82 7.10
6 83 4.65
6 84 6.40
6 85 0.60
6 86 5.99
6 87 6.98
6 88 1.02
6 89 6.14
6 90 1.38
6 91 4.86
6 92 8.48
6 93 5.17
6 94 4.87
6 95 4.12
6 96 8.04
6 97 3.97
6 98 9.27
6 99 0.48
7 8 8.49
7 9 2.87
7 10 5.64
7 11 1.54
7 12 6.68
7 13 3.88
7 14 4.10
7 15 1.34
7 16 4.26
7 17 5.98
7 18 9.00
7 19 1.33
7 20 8.07
7 21 5.69
7 22 2.57
7 23 7.37
7 24 7.67
7 25 8.89
7 26 5.42
7 27 1.77
7 28 8.93
7 29 7.56
7 30 2.13
7 31 3.39
7 32 8.84
7 33 8.01
7 34 0.34
7 35 6.66
7 36 6.75
7 37 7.68
7 38 5.54
7 39 1.55
7 40 2.71
7 41 2.35
7 42 3.30
7 43 0.98
7 44 3.96
7 45 8.83
7 46 0.44
7 47 1.43
7 48 5.27
7 49 6.81
7 50 0.57
7 51 9.90
7 52 2.14
7 53 4.00
7 54 2.98
7 55 7.11
7 56 7.65
7 57 7.82
7 58 3.64
7 59 0.58
7 60 9.67
7 61 5.58
7 62 5.79
7 63 0.59
7 64 5.09
7 65 0.40
7 66 8.35
7 67 4.43
7 68 2.92
7 69 7.52
7 70 0.56
7 71 2.44
7 72 7.19
7 73 2.58
7 74 8.36
7 75 0.22
7 76 5.85
7 77 0.46
7 78 0.62
7 79 7.38
7 80 2.33
7 81 7.73
7 82 9.66
7 83 2.48
7 84 9.05
7 85 8.11
7 86 1.99
7 87 7.45
7 88 9.75
7 89 0.77
7 90 1.08
7 91 3.34
7 92 3.99
7 93 6.35
7 94 5.80
7 95 7.96
7 96 0.65
7 97 1.19
7 98 1.09
7 99 4.26
8 9 6.61
8 10 7.23
8 11 6.46
8 12 4.17
8 13 6.06
8 14 0.40
8 15 7.23
8 16 0.34
8 17 3.19
8 18 1.68
8 19 10.00
8 20 8.63
8 21 8.06
8 22 0.79
8 23 9.08
8 24 8.12
8 25 0.99
8 26 9.17
8 27 9.18
8 28 4.92
8 29 1.93
8 30 9.20
8 31 6.55
8 32 8.11
8 33 4.53
8 34 9.44
8 35 8.76
8 36 8.14
8 37 9.54
8 38 3.35
8 39 3.28
8 40 1.96
8 41 1.73
8 42 2.98
8 43 5.10
8 44 2.66
8 45 1.41
8 46 6.70
8 47 4.60
8 48 3.40
8 49 5.12
8 50 5.03
8 51 8.74
8 52 7.39
8 53 9.88
8 54 4.09
8 55 1.20
8 56 3.52
8 57 4.61
8 58 4.00
8 59 2.48
8 60 3.37
8 61 2.70
8 62 3.07
8 63 1.90
8 64 8.61
8 65 5.35
8 66 5.30
8 67 0.06
8 68 6.23
8 69 2.55
8 70 5.66
8 71 6.93
8 72 6.33
8 73 5.39
8 74 4.56
8 75 2.81
8 76 7.90
8 77 8.03
8 78 5.68
8 79 7.23
8 80 2.75
8 81 3.53
8 82 8.01
8 83 9.07
8 84 5.13
8 85 5.62
8 86 3.17
8 87 1.36
8 88 5.23
8 89 9.42
8 90 5.56
8 91 6.27
8 92 9.28
8 93 1.42
8 94 2.22
8 95 2.14
8 96 0.58
8 97 2.67
8 98 0.18
8 99 1.75
9 10 5.83
9 11 0.25
9 12 5.44
9 13 5.17
9 14 7.98
9 15 1.83
9 16 2.55
9 17 8.22
9 18 5.89
9 19 6.94
9 20 4.18
9 21 1.36
9 22 5.88
9 23 1.65
9 24 3.71
9 25 2.61
9 26 7.89
9 27 3.47
9 28 7.39
9 29 3.18
9 30 0.81
9 31 5.96
9 32 5.84
9 33 7.70
9 34 3.73
9 35 2.17
9 36 2.02
9 37 0.17
9 38 1.48
9 39 7.78
9 40 1.44
9 41 6.04
9 42 3.73
9 43 2.41
9 44 9.86
9 45 2.79
9 46 0.48
9 47 5.72
9 48 4.66
9 49 4.87
9 50 6.20
9 51 5.82
9 52 9.87
9 53 1.30
9 54 0.70
9 55 6.94
9 56 1.70
9 57 4.74
9 58 6.05
9 59 0.97
9 60 3.22
9 61 0.52
9 62 1.43
9 63 9.95
9 64 8.51
9 65 9.25
9 66 6.72
9 67 5.32
9 68 9.03
9 69 2.59
9 70 1.64
9 71 0.71
9 72 6.64
9 73 7.66
9 74 8.48
9 75 1.67
9 76 4.65
9 77 3.25
9 78 3.48
9 79 1.28
9 80 3.03
9 81 8.73
9 82 1.24
9 83 6.97
9 84 9.17
9 85 0.46
9 86 5.79
9 87 0.67
9 88 2.75
9 89 9.32
9 90 1.05
9 91 5.60
9 92 8.32
9 93 8.45
9 94 6.29
9 95 4.09
9 96 6.44
9 97 3.89
9 98 2.00
9 99 0.35
10 11 4.03
10 12 0.15
10 13 2.59
10 14 8.56
10 15 7.60
10 16 5.79
10 17 0.06
10 18 7.38
10 19 9.17
10 20 5.03
10 21 8.44
10 22 2.80
10 23 8.59
10 24 3.83
10 25 2.43
10 26 5.50
10 27 1.98
10 28 3.13
10 29 9.23
10 30 5.38
10 31 6.85
10 32 2.81
10 33 1.00
10 34 9.65
10 35 2.16
10 36 8.21
10 37 7.04
10 38 0.15
10 39 1.96
10 40 0.71
10 41 2.68
10 42 6.09
10 43 3.22
10 44 1.13
10 45 9.20
10 46 6.99
10 47 8.73
10 48 9.50
10 49 2.06
10 50 0.82
10 51 8.83
10 52 9.97
10 53 8.73
10 54 0.15
10 55 3.58
10 56 1.69
10 57 9.53
10 58 3.50
10 59 7.36
10 60 4.87
10 61 7.20
10 62 8.20
10 63 0.86
10 64 5.13
10 65 1.25
10 66 3.15
10 67 1.42
10 68 0.46
10 69 7.26
10 70 2.31
10 71 8.06
10 72 2.42
10 73 6.62
10 74 4.85
10 75 4.34
10 76 8.11
10 77 4.42
10 78 2.56
10 79 8.82
10 80 2.87
10 81 4.66
10 82 8.80
10 83 2.80
10 84 0.83
10 85 9.97
10 86 0.37
10 87 5.35
10 88 8.85
10 89 0.30
10 90 4.93
10 91 5.41
10 92 9.10
10 93 1.29
10 94 0.57
10 95 1.92
10 96 9.01
10 97 0.35
10 98 1.22
10 99 8.19
11 12 1.77
11 13 8.45
11 14 2.04
11 15 9.96
11 16 9.68
11 17 6.93
11 18 6.46
11 19 5.99
11 20 3.27
11 21 3.13
11 22 3.84
11 23 0.87
11 24 0.23
11 25 0.59
11 26 3.14
11 27 3.32
11 28 8.52
11 29 3.59
11 30 7.70
11 31 2.07
11 32 5.25
11 33 5.35
11 34 7.87
11 35 4.02
11 36 0.81
11 37 4.40
11 38 9.84
11 39 0.73
11 40 4.39
11 41 9.13
11 42 9.76
11 43 9.24
11 44 2.99
11 45 6.75
11 46 6.03
11 47 0.41
11 48 9.58
11 49 2.85
11 50 3.24
11 51 4.52
11 52 3.28
11 53 5.21
11 54 6.62
11 55 5.77
11 56 4.26
11 57 8.78
11 58 7.70
11 59 1.75
11 60 2.98
11 61 0.41
11 62 5.97
11 63 2.73
11 64 3.15
11 65 0.38
11 66 5.02
11 67 6.02
11 68 6.22
11 69 9.91
11 70 3.44
11 71 7.66
11 72 7.00
11 73 2.95
11 74 4.21
11 75 2.04
11 76 5.21
11 77 9.06
11 78 0.26
11 79 9.33
11 80 6.71
11 81 6.80
11 82 5.21
11 83 1.85
11 84 2.52
11 85 5.73
11 86 1.95
11 87 3.16
11 88 6.50
11 89 1.82
11 90 3.43
11 91 5.56
11 92 8.41
11 93 7.99
11 94 8.97
11 95 4.66
11 96 2.35
11 97 4.33
11 98 5.11
11 99 1.54
12 13 8.07
12 14 4.87
12 15 2.84
12 16 7.89
12 17 9.65
12 18 6.73
12 19 4.57
12 20 6.46
12 21 3.99
12 22 8.45
12 23 7.38
12 24 5.09
12 25 5.54
12 26 9.49
12 27 1.16
12 28 2.23
12 29 2.73
12 30 8.36
12 31 6.63
12 32 3.23
12 33 3.42
12 34 2.51
12 35 1.05
12 36 6.25
12 37 7.55
12 38 6.63
12 39 6.00
12 40 6.07
12 41 1.47
12 42 1.62
12 43 3.49
12 44 6.95
12 45 4.96
12 46 6.66
12 47 1.57
12 48 5.43
12 49 6.83
12 50 6.58
12 51 3.90
12 52 7.48
12 53 4.17
12 54 5.72
12 55 0.44
12 56 4.64
12 57 6.40
12 58 5.90
12 59 3.65
12 60 9.55
12 61 3.45
12 62 6.05
12 63 6.49
12 64 5.72
12 65 3.89
12 66 8.23
12 67 3.09
12 68 3.95
12 69 4.13
12 70 4.44
12 71 0.46
12 72 9.69
12 73 3.09
12 74 1.07
12 75 1.23
12 76 3.28
12 77 4.34
12 78 2.76
12 79 3.84
12 80 3.73
12 81 8.45
12 82 7.55
12 83 8.61
12 84 2.63
12 85 8.60
12 86 2.33
12 87 1.69
12 88 5.90
12 89 0.30
12 90 7.28
12 91 8.87
12 92 7.05
12 93 4.93
12 94 0.80
12 95 9.57
12 96 3.50
12 97 2.72
12 98 3.40
12 99 5.50
13 14 0.38
13 15 7.21
13 16 5.18
13 17 5.90
13 18 4.16
13 19 5.78
13 20 3.59
13 21 1.68
13 22 2.33
13 23 5.48
13 24 3.95
13 25 9.17
13 26 9.28
13 27 0.40
13 28 4.92
13 29 8.83
13 30 1.64
13 31 4.82
13 32 5.61
13 33 8.39
13 34 9.45
13 35 2.67
13 36 8.59
13 37 7.82
13 38 5.73
13 39 4.12
13 40 9.03
13 41 0.75
13 42 2.07
13 43 8.93
13 44 1.73
13 45 0.95
13 46 6.97
13 47 2.40
13 48 6.51
13 49 7.47
13 50 8.54
13 51 6.27
13 52 4.29
13 53 6.86
13 54 4.12
13 55 6.35
13 56 7.89
13 57 9.55
13 58 3.64
13 59 0.84
13 60 2.99
13 61 3.91
13 62 1.08
13 63 9.36
13 64 3.22
13 65 1.95
13 66 7.44
13 67 6.24
13 68 6.12
13 69 5.27
13 70 8.85
13 71 7.95
13 72 7.53
13 73 8.71
13 74 7.16
13 75 7.76
13 76 2.27
13 77 9.41
13 78 2.44
13 79 1.10
13 80 5.17
13 81 9.42
13 82 5.85
13 83 7.96
13 84 3.84
13 85 9.57
13 86 4.70
13 87 5.03
13 88 0.42
13 89 9.21
13 90 8.81
13 91 0.89
13 92 3.59
13 93 3.16
13 94 0.32
13 95 5.40
13 96 5.66
13 97 6.29
13 98 2.64
13 99 0.27
14 15 1.51
14 16 5.47
14 17 0.78
14 18 3.37
14 19 0.68
14 20 0.67
14 21 4.31
14 22 6.62
14 23 8.60
14 24 7.83
14 25 1.41
14 26 0.92
14 27 1.14
14 28 5.36
14 29 3.21
14 30 4.56
14 31 8.60
14 32 6.76
14 33 8.58
14 34 1.37
14 35 4.86
14 36 8.11
14 37 1.32
14 38 1.63
14 39 3.73
14 40 6.27
14 41 7.74
14 42 0.58
14 43 9.41
14 44 6.80
14 45 5.54
14 46 3.04
14 47 1.93
14 48 3.80
14 49 2.79
14 50 5.98
14 51 9.02
14 52 9.47
14 53 1.75
14 54 7.71
14 55 3.10
14 56 1.72
14 57 3.15
14 58 0.21
14 59 9.02
14 60 2.01
14 61 2.62
14 62 1.15
14 63 0.63
14 64 7.41
14 65 2.22
14 66 1.43
14 67 3.84
14 68 8.41
14 69 3.82
14 70 7.71
14 71 7.41
14 72 9.18
14 73 0.08
14 74 5.15
14 75 3.84
14 76 3.63
14 77 2.45
14 78 0.28
14 79 7.19
14 80 2.74
14 81 6.83
14 82 7.28
14 83 4.30
14 84 5.03
14 85 8.04
14 86 8.21
14 87 8.33
14 88 4.73
14 89 1.29
14 90 4.22
14 91 2.53
14 92 1.31
14 93 2.78
14 94 4.73
14 95 1.92
14 96 1.55
14 97 1.12
14 98 3.26
14 99 1.74
15 16 8.39
15 17 8.46
15 18 2.75
15 19 2.85
15 20 8.04
15 21 5.09
15 22 1.33
15 23 7.17
15 24 4.12
15 25 5.33
15 26 4.14
15 27 2.63
15 28 8.16
15 29 3.81
15 30 4.53
15 31 3.18
15 32 2.42
15 33 4.44
15 34 8.04
15 35 6.96
15 36 4.72
15 37 4.23
15 38 0.63
15 39 1.05
15 40 6.48
15 41 3.64
15 42 0.95
15 43 2.43
15 44 1.24
15 45 0.88
15 46 1.54
15 47 2.20
15 48 9.82
15 49 3.50
15 50 7.79
15 51 0.25
15 52 8.77
15 53 8.33
15 54 8.91
15 55 4.62
15 56 7.42
15 57 5.84
15 58 2.25
15 59 1.23
15 60 8.53
15 61 7.32
15 62 1.91
15 63 0.40
15 64 5.42
15 65 8.95
15 66 2.04
15 67 9.59
15 68 5.58
15 69 1.80
15 70 8.09
15 71 9.32
15 72 6.47
15 73 4.99
15 74 8.09
15 75 6.83
15 76 3.86
15 77 3.70
15 78 3.75
15 79 5.16
15 80 3.21
15 81 7.66
15 82 2.01
15 83 7.64
15 84 1.16
15 85 2.26
15 86 4.39
15 87 1.01
15 88 9.74
15 89 4.05
15 90 0.11
15 91 1.05
15 92 3.70
15 93 0.34
15 94 3.82
15 95 0.62
15 96 3.77
15 97 5.65
15 98 0.94
15 99 7.76
16 17 2.87
16 18 8.41
16 19 6.35
16 20 0.61
16 21 1.06
16 22 9.16
16 23 1.94
16 24 9.30
16 25 8.83
16 26 1.25
16 27 9.00
16 28 3.81
16 29 3.13
16 30 6.59
16 31 9.47
16 32 5.37
16 33 3.06
16 34 2.78
16 35 6.20
16 36 9.75
16 37 1.34
16 38 8.48
16 39 2.97
16 40 7.95
16 41 5.47
16 42 0.96
16 43 3.60
16 44 6.10
16 45 5.63
16 46 9.52
16 47 1.36
16 48 1.31
16 49 4.63
16 50 4.69
16 51 5.36
16 52 5.87
16 53 9.44
16 54 7.60
16 55 1.38
16 56 3.67
16 57 1.89
16 58 5.10
16 59 7.13
16 60 7.32
16 61 7.54
16 62 8.37
16 63 0.19
16 64 5.41
16 65 7.07
16 66 3.02
16 67 7.88
16 68 1.07
16 69 6.03
16 70 9.27
16 71 0.96
16 72 6.22
16 73 6.86
16 74 7.89
16 75 3.05
16 76 4.15
16 77 5.33
16 78 0.77
16 79 0.91
16 80 6.33
16 81 6.86
16 82 1.99
16 83 2.16
16 84 4.04
16 85 6.52
16 86 9.83
16 87 6.11
16 88 3.65
16 89 8.66
16 90 3.14
16 91 2.99
16 92 9.68
16 93 9.00
16 94 9.27
16 95 2.13
16 96 3.39
16 97 4.38
16 98 3.95
16 99 4.63
17 18 8.41
17 19 4.88
17 20 3.81
17 21 3.10
17 22 5.00
17 23 4.40
17 24 3.04
17 25 8.87
17 26 4.84
17 27 5.23
17 28 3.72
17 29 8.56
17 30 3.61
17 31 0.49
17 32 5.50
17 33 0.28
17 34 1.52
17 35 8.46
17 36 2.96
17 37 7.86
17 38 9.60
17 39 3.21
17 40 6.46
17 41 6.12
17 42 1.45
17 43 5.70
17 44 1.34
17 45 0.79
17 46 3.38
17 47 7.73
17 48 7.42
17 49 4.98
17 50 9.69
17 51 5.68
17 52 0.72
17 53 2.00
17 54 1.10
17 55 0.82
17 56 2.40
17 57 3.85
17 58 1.52
17 59 5.03
17 60 1.88
17 61 8.98
17 62 1.92
17 63 8.26
17 64 2.28
17 65 8.42
17 66 6.93
17 67 0.23
17 68 7.80
17 69 3.10
17 70 5.43
17 71 9.28
17 72 9.31
17 73 9.89
17 74 8.29
17 75 9.09
17 76 0.94
17 77 5.44
17 78 7.96
17 79 4.03
17 80 5.68
17 81 3.33
17 82 2.63
17 83 8.12
17 84 7.90
17 85 6.48
17 86 5.94
17 87 3.03
17 88 5.67
17 89 2.46
17 90 4.90
17 91 0.61
17 92 1.05
17 93 6.08
17 94 2.89
17 95 4.49
17 96 1.51
17 97 7.45
17 98 6.30
17 99 4.09
18 19 5.48
18 20 7.46
18 21 4.94
18 22 8.11
18 23 4.27
18 24 7.32
18 25 9.64
18 26 6.58
18 27 4.96
18 28 3.92
18 29 4.88
18 30 0.34
18 31 2.68
18 32 3.97
18 33 9.18
18 34 6.63
18 35 3.01
18 36 3.72
18 37 5.95
18 38 7.68
18 39 4.23
18 40 5.83
18 41 4.00
18 42 7.32
18 43 7.32
18 44 2.03
18 45 5.87
18 46 4.00
18 47 2.83
18 48 9.22
18 49 5.05
18 50 5.63
18 51 7.66
18 52 5.28
18 53 6.11
18 54 9.74
18 55 7.05
18 56 0.85
18 57 1.56
18 58 1.34
18 59 5.55
18 60 4.50
18 61 9.18
18 62 0.86
18 63 6.14
18 64 1.39
18 65 0.34
18 66 0.56
18 67 2.26
18 68 6.73
18 69 6.25
18 70 2.25
18 71 5.27
18 72 2.51
18 73 8.65
18 74 3.70
18 75 9.61
18 76 4.76
18 77 6.24
18 78 4.74
18 79 2.01
18 80 4.53
18 81 7.96
18 82 9.17
18 83 1.84
18 84 0.02
18 85 6.69
18 86 5.69
18 87 4.66
18 88 5.74
18 89 7.98
18 90 2.40
18 91 9.52
18 92 4.58
18 93 7.51
18 94 5.60
18 95 7.96
18 96 9.83
18 97 9.56
18 98 2.75
18 99 8.52
19 20 2.86
19 21 1.73
19 22 4.01
19 23 1.74
19 24 8.81
19 25 5.53
19 26 0.88
19 27 6.98
19 28 3.48
19 29 5.46
19 30 4.46
19 31 3.69
19 32 7.36
19 33 8.88
19 34 5.51
19 35 7.78
19 36 6.42
19 37 5.21
19 38 5.07
19 39 5.13
19 40 9.32
19 41 2.06
19 42 6.03
19 43 8.53
19 44 5.35
19 45 7.00
19 46 1.30
19 47 6.15
19 48 8.57
19 49 2.75
19 50 1.45
19 51 8.12
19 52 5.13
19 53 2.89
19 54 4.45
19 55 0.74
19 56 0.50
19 57 1.39
19 58 9.97
19 59 7.92
19 60 0.98
19 61 2.07
19 62 5.46
19 63 5.26
19 64 5.19
19 65 0.20
19 66 7.44
19 67 2.89
19 68 7.27
19 69 4.12
19 70 9.74
19 71 9.16
19 72 7.22
19 73 6.69
19 74 5.85
19 75 3.76
19 76 9.42
19 77 2.43
19 78 4.56
19 79 3.71
19 80 0.92
19 81 6.11
19 82 5.31
19 83 5.06
19 84 1.79
19 85 9.88
19 86 1.21
19 87 2.05
19 88 6.00
19 89 1.07
19 90 4.19
19 91 8.67
19 92 4.30
19 93 0.39
19 94 9.08
19 95 3.41
19 96 3.25
19 97 0.20
19 98 2.09
19 99 4.71
20 21 3.81
20 22 2.12
20 23 8.37
20 24 4.25
20 25 7.25
20 26 0.92
20 27 1.05
20 28 7.10
20 29 0.57
20 30 6.84
20 31 7.05
20 32 1.92
20 33 1.31
20 34 6.68
20 35 1.85
20 36 1.36
20 37 2.91
20 38 7.68
20 39 3.90
20 40 9.47
20 41 0.47
20 42 6.18
20 43 3.67
20 44 5.86
20 45 7.48
20 46 4.59
20 47 9.47
20 48 6.81
20 49 5.53
20 50 9.42
20 51 7.20
20 52 6.21
20 53 8.03
20 54 4.53
20 55 7.50
20 56 4.16
20 57 0.34
20 58 6.44
20 59 8.23
20 60 9.35
20 61 9.74
20 62 0.31
20 63 6.35
20 64 0.91
20 65 1.70
20 66 2.69
20 67 4.87
20 68 7.91
20 69 2.63
20 70 8.87
20 71 3.14
20 72 3.62
20 73 9.26
20 74 6.18
20 75 8.77
20 76 1.01
20 77 6.13
20 78 0.36
20 79 8.02
20 80 9.18
20 81 7.65
20 82 8.36
20 83 3.47
20 84 9.65
20 85 6.44
20 86 6.47
20 87 3.52
20 88 1.74
20 89 1.90
20 90 7.73
20 91 2.06
20 92 8.17
20 93 3.82
20 94 2.80
20 95 7.46
20 96 9.39
20 97 4.66
20 98 0.37
20 99 8.94
21 22 3.89
21 23 7.54
21 24 8.08
21 25 6.25
21 26 8.16
21 27 6.30
21 28 3.61
21 29 2.87
21 30 3.24
21 31 9.41
21 32 1.97
21 33 6.67
21 34 8.01
21 35 1.80
21 36 7.56
21 37 0.26
21 38 7.80
21 39 0.40
21 40 8.83
21 41 8.64
21 42 6.12
21 43 7.88
21 44 6.46
21 45 7.72
21 46 4.93
21 47 9.90
21 48 3.93
21 49 1.47
21 50 5.93
21 51 1.48
21 52 0.64
21 53 3.14
21 54 4.26
21 55 8.30
21 56 5.97
21 57 5.38
21 58 3.59
21 59 9.64
21 60 2.21
21 61 1.23
21 62 9.59
21 63 0.58
21 64 0.73
21 65 1.71
21 66 2.13
21 67 7.73
21 68 7.41
21 69 3.57
21 70 2.81
21 71 0.06
21 72 6.94
21 73 0.28
21 74 1.47
21 75 6.57
21 76 9.17
21 77 6.67
21 78 7.13
21 79 6.40
21 80 5.75
21 81 4.95
21 82 4.61
21 83 0.79
21 84 6.77
21 85 3.65
21 86 6.73
21 87 8.45
21 88 7.05
21 89 8.19
21 90 0.69
21 91 5.44
21 92 6.39
21 93 2.39
21 94 4.73
21 95 4.25
21 96 2.64
21 97 4.20
21 98 2.91
21 99 4.30
22 23 6.40
22 24 7.77
22 25 6.19
22 26 6.38
22 27 2.42
22 28 5.83
22 29 1.40
22 30 1.24
22 31 9.41
22 32 2.34
22 33 0.97
22 34 3.94
22 35 5.51
22 36 9.62
22 37 3.44
22 38 5.02
22 39 0.23
22 40 9.39
22 41 7.80
22 42 1.45
22 43 5.93
22 44 6.70
22 45 1.70
22 46 0.01
22 47 9.19
22 48 9.71
22 49 7.20
22 50 2.02
22 51 6.61
22 52 9.01
22 53 0.53
22 54 9.59
22 55 3.86
22 56 8.37
22 57 7.77
22 58 5.48
22 59 7.57
22 60 4.16
22 61 2.98
22 62 3.74
22 63 8.44
22 64 0.77
22 65 8.71
22 66 6.20
22 67 3.76
22 68 5.81
22 69 4.33
22 70 1.48
22 71 9.91
22 72 5.09
22 73 3.56
22 74 4.23
22 75 7.63
22 76 3.92
22 77 6.83
22 78 6.60
22 79 7.72
22 80 6.28
22 81 2.31
22 82 9.85
22 83 8.86
22 84 5.43
22 85 1.84
22 86 9.66
22 87 5.30
22 88 5.12
22 89 7.08
22 90 8.50
22 91 8.84
22 92 9.48
22 93 9.42
22 94 3.70
22 95 2.19
22 96 5.93
22 97 9.37
22 98 8.75
22 99 4.47
23 24 9.19
23 25 9.72
23 26 5.13
23 27 6.69
23 28 4.11
23 29 4.84
23 30 0.02
23 31 4.20
23 32 5.42
23 33 6.78
23 34 5.00
23 35 9.02
23 36 8.43
23 37 3.54
23 38 5.71
23 39 8.05
23 40 6.97
23 41 3.04
23 42 4.30
23 43 8.16
23 44 7.60
23 45 6.13
23 46 1.36
23 47 7.41
23 48 4.25
23 49 6.19
23 50 9.02
23 51 3.71
23 52 7.86
23 53 0.38
23 54 9.44
23 55 2.57
23 56 3.12
23 57 2.76
23 58 9.70
23 59 2.67
23 60 5.37
23 61 6.43
23 62 0.87
23 63 6.54
23 64 2.89
23 65 7.95
23 66 7.86
23 67 0.11
23 68 8.94
23 69 9.04
23 70 5.44
23 71 0.25
23 72 2.59
23 73 6.15
23 74 2.29
23 75 1.92
23 76 8.28
23 77 3.71
23 78 4.93
23 79 4.43
23 80 9.56
23 81 2.28
23 82 3.56
23 83 7.89
23 84 7.88
23 85 3.98
23 86 6.96
23 87 5.85
23 88 9.76
23 89 0.63
23 90 3.03
23 91 2.53
23 92 2.34
23 93 0.06
23 94 7.34
23 95 3.51
23 96 9.55
23 97 0.43
23 98 6.52
23 99 6.61
24 25 9.98
24 26 3.67
24 27 8.95
24 28 5.63
24 29 4.91
24 30 2.94
24 31 6.79
24 32 8.55
24 33 7.16
24 34 4.29
24 35 4.94
24 36 7.38
24 37 1.29
24 38 8.31
24 39 9.45
24 40 2.53
24 41 2.81
24 42 5.76
24 43 9.81
24 44 9.36
24 45 5.26
24 46 7.14
24 47 6.73
24 48 9.60
24 49 5.57
24 50 6.68
24 51 4.60
24 52 6.84
24 53 6.00
24 54 0.15
24 55 8.70
24 56 0.47
24 57 0.86
24 58 5.29
24 59 8.51
24 60 3.62
24 61 2.60
24 62 5.94
24 63 5.62
24 64 4.50
24 65 5.38
24 66 6.08
24 67 4.21
24 68 7.61
24 69 6.76
24 70 2.53
24 71 4.84
24 72 8.37
24 73 0.73
24 74 1.14
24 75 7.92
24 76 0.22
24 77 1.30
24 78 1.27
24 79 6.59
24 80 8.21
24 81 6.91
24 82 2.78
24 83 3.05
24 84 8.02
24 85 9.44
24 86 6.93
24 87 3.79
24 88 8.09
24 89 2.07
24 90 8.88
24 91 4.97
24 92 5.36
24 93 3.42
24 94 3.29
24 95 9.84
24 96 5.98
24 97 2.87
24 98 9.96
24 99 7.76
25 26 7.41
25 27 3.14
25 28 8.35
25 29 1.01
25 30 4.70
25 31 5.07
25 32 8.79
25 33 1.03
25 34 3.01
25 35 0.87
25 36 8.32
25 37 3.67
25 38 2.26
25 39 9.80
25 40 0.17
25 41 0.15
25 42 2.15
25 43 5.32
25 44 9.19
25 45 6.07
25 46 6.29
25 47 4.48
25 48 1.45
25 49 3.63
25 50 2.06
25 51 9.89
25 52 3.96
25 53 1.35
25 54 7.23
25 55 9.35
25 56 2.93
25 57 4.74
25 58 9.75
25 59 5.17
25 60 6.42
25 61 1.80
25 62 5.49
25 63 8.95
25 64 9.36
25 65 5.23
25 66 9.57
25 67 6.15
25 68 4.79
25 69 7.32
25 70 7.67
25 71 8.29
25 72 5.81
25 73 5.01
25 74 1.02
25 75 5.05
25 76 1.88
25 77 6.32
25 78 6.85
25 79 6.82
25 80 7.28
25 81 6.05
25 82 3.29
25 83 6.98
25 84 4.24
25 85 3.06
25 86 5.86
25 87 5.81
25 88 3.95
25 89 8.89
25 90 8.34
25 91 5.39
25 92 0.50
25 93 5.72
25 94 3.26
25 95 1.19
25 96 8.12
25 97 3.24
25 98 4.09
25 99 5.41
26 27 6.39
26 28 4.55
26 29 2.43
26 30 9.93
26 31 8.74
26 32 3.02
26 33 0.83
26 34 9.03
26 35 8.02
26 36 9.88
26 37 9.70
26 38 4.53
26 39 0.24
26 40 9.40
26 41 7.89
26 42 8.70
26 43 8.30
26 44 1.30
26 45 2.37
26 46 4.32
26 47 3.93
26 48 4.06
26 49 7.48
26 50 2.22
26 51 0.22
26 52 0.11
26 53 6.08
26 54 4.49
26 55 9.77
26 56 3.95
26 57 9.98
26 58 8.59
26 59 3.74
26 60 7.59
26 61 7.88
26 62 0.42
26 63 0.81
26 64 7.21
26 65 8.25
26 66 8.70
26 67 7.12
26 68 1.89
26 69 7.09
26 70 3.82
26 71 1.50
26 72 4.87
26 73 1.13
26 74 8.66
26 75 1.55
26 76 7.29
26 77 7.31
26 78 1.32
26 79 9.87
26 80 9.41
26 81 2.85
26 82 2.97
26 83 0.70
26 84 5.31
26 85 1.62
26 86 9.72
26 87 8.64
26 88 0.51
26 89 8.64
26 90 4.94
26 91 7.16
26 92 7.14
26 93 7.29
26 94 8.31
26 95 3.19
26 96 8.11
26 97 8.62
26 98 0.28
26 99 7.47
27 28 1.33
27 29 3.54
27 30 6.25
27 31 2.85
27 32 4.00
27 33 6.15
27 34 8.26
27 35 7.18
27 36 7.58
27 37 3.38
27 38 9.04
27 39 2.65
27 40 1.37
27 41 8.35
27 42 8.68
27 43 0.66
27 44 9.47
27 45 2.39
27 46 7.42
27 47 1.67
27 48 6.00
27 49 3.01
27 50 3.57
27 51 4.45
27 52 8.66
27 53 1.82
27 54 6.00
27 55 0.91
27 56 3.98
27 57 8.56
27 58 8.95
27 59 7.64
27 60 8.33
27 61 5.26
27 62 9.72
27 63 7.12
27 64 0.13
27 65 3.57
27 66 4.55
27 67 8.50
27 68 8.94
27 69 8.66
27 70 5.71
27 71 3.21
27 72 1.18
27 73 2.28
27 74 2.45
27 75 1.61
27 76 3.62
27 77 5.50
27 78 5.30
27 79 2.17
27 80 0.72
27 81 0.49
27 82 8.00
27 83 8.63
27 84 7.84
27 85 4.65
27 86 6.78
27 87 0.66
27 88 2.86
27 89 2.89
27 90 7.15
27 91 6.94
27 92 0.16
27 93 0.62
27 94 3.77
27 95 5.64
27 96 4.80
27 97 3.75
27 98 5.95
27 99 0.27
28 29 4.34
28 30 0.49
28 31 8.58
28 32 8.45
28 33 8.61
28 34 1.75
28 35 7.62
28 36 6.37
28 37 1.41
28 38 1.98
28 39 6.85
28 40 2.76
28 41 2.57
28 42 6.84
28 43 8.38
28 44 3.93
28 45 1.11
28 46 3.59
28 47 0.48
28 48 5.88
28 49 8.63
28 50 3.44
28 51 8.50
28 52 9.13
28 53 7.52
28 54 3.11
28 55 6.34
28 56 4.76
28 57 4.22
28 58 1.02
28 59 0.46
28 60 8.98
28 61 4.83
28 62 4.36
28 63 0.92
28 64 4.54
28 65 9.93
28 66 8.04
28 67 4.89
28 68 5.45
28 69 8.45
28 70 1.72
28 71 3.70
28 72 2.58
28 73 8.82
28 74 2.35
28 75 7.27
28 76 7.41
28 77 1.90
28 78 5.86
28 79 5.10
28 80 7.55
28 81 0.49
28 82 6.30
28 83 3.52
28 84 7.73
28 85 1.43
28 86 1.70
28 87 5.99
28 88 7.98
28 89 8.02
28 90 9.60
28 91 4.30
28 92 7.32
28 93 8.21
28 94 3.71
28 95 8.97
28 96 4.86
28 97 9.06
28 98 7.35
28 99 3.99
29 30 0.81
29 31 1.90
29 32 7.43
29 33 9.53
29 34 8.17
29 35 4.74
29 36 5.20
29 37 8.82
29 38 7.45
29 39 0.62
29 40 6.00
29 41 1.53
29 42 0.80
29 43 6.39
29 44 7.57
29 45 8.55
29 46 9.32
29 47 7.52
29 48 9.83
29 49 8.48
29 50 0.30
29 51 6.54
29 52 8.04
29 53 8.10
29 54 5.40
29 55 6.02
29 56 2.82
29 57 7.40
29 58 2.42
29 59 3.34
29 60 0.26
29 61 0.46
29 62 5.19
29 63 3.99
29 64 7.04
29 65 4.23
29 66 0.91
29 67 0.83
29 68 1.92
29 69 7.81
29 70 7.97
29 71 2.21
29 72 2.63
29 73 4.76
29 74 8.17
29 75 7.97
29 76 2.98
29 77 2.21
29 78 6.68
29 79 6.96
29 80 3.95
29 81 7.71
29 82 7.84
29 83 5.97
29 84 3.22
29 85 0.29
29 86 9.61
29 87 9.78
29 88 1.59
29 89 3.39
29 90 3.55
29 91 0.34
29 92 4.64
29 93 8.59
29 94 0.46
29 95 6.79
29 96 5.58
29 97 3.06
29 98 2.98
29 99 3.23
30 31 1.50
30 32 5.02
30 33 8.64
30 34 0.79
30 35 2.92
30 36 0.21
30 37 7.87
30 38 2.29
30 39 1.65
30 40 0.76
30 41 7.89
30 42 7.60
30 43 9.80
30 44 0.42
30 45 9.46
30 46 4.27
30 47 4.78
30 48 4.17
30 49 1.18
30 50 9.88
30 51 1.39
30 52 8.92
30 53 2.58
30 54 6.96
30 55 7.06
30 56 7.84
30 57 8.49
30 58 8.23
30 59 6.38
30 60 7.62
30 61 0.65
30 62 2.79
30 63 4.83
30 64 3.85
30 65 0.22
30 66 4.91
30 67 1.26
30 68 1.39
30 69 7.27
30 70 9.31
30 71 4.20
30 72 4.03
30 73 1.62
30 74 3.77
30 75 1.14
30 76 7.93
30 77 3.51
30 78 3.25
30 79 7.62
30 80 7.01
30 81 1.76
30 82 8.82
30 83 7.35
30 84 9.18
30 85 7.16
30 86 8.16
30 87 5.17
30 88 6.91
30 89 9.05
30 90 9.44
30 91 5.44
30 92 4.59
30 93 7.54
30 94 6.14
30 95 4.45
30 96 3.69
30 97 2.22
30 98 6.07
30 99 7.01
31 32 2.85
31 33 4.66
31 34 7.78
31 35 2.80
31 36 8.60
31 37 9.08
31 38 2.25
31 39 2.94
31 40 5.32
31 41 3.30
31 42 7.44
31 43 4.49
31 44 7.14
31 45 9.23
31 46 1.73
31 47 8.32
31 48 6.84
31 49 9.47
31 50 4.76
31 51 9.07
31 52 5.68
31 53 5.38
31 54 1.61
31 55 0.74
31 56 1.53
31 57 7.54
31 58 1.96
31 59 8.00
31 60 4.48
31 61 6.52
31 62 7.55
31 63 5.62
31 64 5.62
31 65 8.77
31 66 1.37
31 67 2.71
31 68 0.33
31 69 4.91
31 70 1.29
31 71 8.46
31 72 0.36
31 73 4.30
31 74 9.44
31 75 1.72
31 76 3.13
31 77 3.44
31 78 4.50
31 79 4.09
31 80 5.86
31 81 7.06
31 82 4.93
31 83 0.85
31 84 3.41
31 85 5.42
31 86 4.60
31 87 7.60
31 88 8.54
31 89 5.35
31 90 9.44
31 91 1.83
31 92 5.02
31 93 6.79
31 94 3.07
31 95 6.59
31 96 5.83
31 97 7.21
31 98 7.55
31 99 0.32
32 33 3.05
32 34 6.95
32 35 0.45
32 36 5.09
32 37 8.17
32 38 8.63
32 39 8.10
32 40 6.00
32 41 1.67
32 42 4.32
32 43 7.15
32 44 1.75
32 45 9.95
32 46 4.75
32 47 8.28
32 48 1.79
32 49 3.24
32 50 0.49
32 51 0.99
32 52 6.59
32 53 8.68
32 54 1.32
32 55 4.49
32 56 4.78
32 57 2.20
32 58 7.62
32 59 9.50
32 60 2.28
32 61 9.23
32 62 5.68
32 63 7.10
32 64 4.48
32 65 4.35
32 66 5.04
32 67 3.13
32 68 9.80
32 69 4.33
32 70 5.76
32 71 9.23
32 72 2.87
32 73 4.82
32 74 0.04
32 75 2.96
32 76 1.13
32 77 6.78
32 78 6.92
32 79 9.30
32 80 1.67
32 81 2.06
32 82 6.51
32 83 3.81
32 84 3.98
32 85 6.12
32 86 3.01
32 87 4.23
32 88 4.59
32 89 6.11
32 90 8.83
32 91 8.09
32 92 0.98
32 93 4.43
32 94 0.45
32 95 3.98
32 96 5.99
32 97 1.43
32 98 4.37
32 99 3.16
33 34 7.50
33 35 9.40
33 36 5.38
33 37 0.00
33 38 6.45
33 39 0.40
33 40 6.23
33 41 9.57
33 42 1.18
33 43 1.16
33 44 7.05
33 45 5.10
33 46 4.42
33 47 0.01
33 48 4.51
33 49 1.19
33 50 4.37
33 51 4.99
33 52 8.37
33 53 2.06
33 54 8.83
33 55 8.73
33 56 3.28
33 57 6.94
33 58 0.57
33 59 3.59
33 60 7.35
33 61 1.25
33 62 8.86
33 63 3.24
33 64 9.70
33 65 5.46
33 66 7.65
33 67 2.81
33 68 5.70
33 69 3.05
33 70 1.60
33 71 3.01
33 72 0.04
33 73 5.88
33 74 4.86
33 75 3.91
33 76 3.19
33 77 3.59
33 78 1.58
33 79 1.28
33 80 6.77
33 81 9.17
33 82 4.12
33 83 3.14
33 84 1.57
33 85 3.86
33 86 2.26
33 87 6.40
33 88 2.29
33 89 6.78
33 90 1.61
33 91 3.69
33 92 1.17
33 93 0.90
33 94 5.95
33 95 8.53
33 96 0.06
33 97 9.95
33 98 9.76
33 99 8.34
34 35 8.16
34 36 2.54
34 37 8.88
34 38 1.05
34 39 0.46
34 40 9.22
34 41 4.13
34 42 3.06
34 43 2.03
34 44 7.02
34 45 7.30
34 46 2.17
34 47 4.59
34 48 4.61
34 49 4.94
34 50 8.28
34 51 0.25
34 52 9.91
34 53 6.49
34 54 6.56
34 55 7.89
34 56 7.90
34 57 4.85
34 58 5.98
34 59 3.62
34 60 7.72
34 61 2.92
34 62 5.94
34 63 7.33
34 64 6.29
34 65 0.44
34 66 1.84
34 67 5.84
34 68 2.88
34 69 0.73
34 70 0.20
34 71 0.19
34 72 9.59
34 73 6.59
34 74 2.26
34 75 0.58
34 76 5.07
34 77 9.75
34 78 9.88
34 79 6.87
34 80 6.72
34 81 8.03
34 82 9.64
34 83 9.12
34 84 5.53
34 85 2.05
34 86 2.45
34 87 5.22
34 88 3.17
34 89 7.37
34 90 9.51
34 91 7.21
34 92 1.49
34 93 6.69
34 94 5.29
34 95 1.53
34 96 7.16
34 97 3.59
34 98 6.75
34 99 5.27
35 36 3.99
35 37 2.57
35 38 4.82
35 39 9.95
35 40 0.69
35 41 1.67
35 42 8.42
35 43 2.37
35 44 7.13
35 45 7.23
35 46 3.20
35 47 4.58
35 48 2.76
35 49 3.09
35 50 4.20
35 51 5.42
35 52 8.24
35 53 9.04
35 54 2.21
35 55 3.85
35 56 2.28
35 57 2.21
35 58 9.10
35 59 0.34
35 60 7.99
35 61 6.03
35 62 5.12
35 63 1.54
35 64 3.43
35 65 7.53
35 66 9.20
35 67 3.42
35 68 8.05
35 69 8.06
35 70 1.85
35 71 7.51
35 72 3.40
35 73 5.87
35 74 3.68
35 75 6.18
35 76 0.08
35 77 7.42
35 78 6.71
35 79 8.69
35 80 2.44
35 81 1.87
35 82 7.96
35 83 2.01
35 84 2.48
35 85 7.83
35 86 8.51
35 87 4.54
35 88 9.07
35 89 1.00
35 90 1.37
35 91 7.23
35 92 0.84
35 93 3.13
35 94 0.94
35 95 6.96
35 96 2.86
35 97 1.98
35 98 0.73
35 99 1.07
36 37 1.94
36 38 2.16
36 39 0.83
36 40 7.45
36 41 9.91
36 42 2.08
36 43 7.96
36 44 3.08
36 45 4.09
36 46 2.72
36 47 7.66
36 48 5.43
36 49 4.21
36 50 2.20
36 51 4.86
36 52 1.70
36 53 2.75
36 54 9.42
36 55 0.51
36 56 7.72
36 57 0.77
36 58 9.78
36 59 5.17
36 60 5.76
36 61 9.12
36 62 8.40
36 63 7.65
36 64 5.03
36 65 9.87
36 66 2.16
36 67 9.38
36 68 0.05
36 69 1.69
36 70 7.56
36 71 4.43
36 72 9.19
36 73 3.58
36 74 0.84
36 75 4.78
36 76 5.78
36 77 9.42
36 78 6.00
36 79 9.77
36 80 7.20
36 81 2.26
36 82 6.22
36 83 1.13
36 84 9.29
36 85 1.80
36 86 4.15
36 87 7.37
36 88 5.11
36 89 4.49
36 90 0.86
36 91 9.97
36 92 6.93
36 93 5.30
36 94 2.01
36 95 1.70
36 96 8.56
36 97 9.95
36 98 7.60
36 99 2.08
37 38 2.48
37 39 0.46
37 40 3.19
37 41 3.72
37 42 4.66
37 43 8.30
37 44 7.39
37 45 9.42
37 46 9.40
37 47 5.23
37 48 7.58
37 49 4.22
37 50 9.71
37 51 7.03
37 52 2.98
37 53 6.81
37 54 1.00
37 55 4.31
37 56 1.48
37 57 7.78
37 58 0.50
37 59 1.42
37 60 4.00
37 61 1.25
37 62 9.49
37 63 8.78
37 64 9.18
37 65 8.25
37 66 4.22
37 67 5.62
37 68 9.30
37 69 1.48
37 70 4.99
37 71 4.62
37 72 0.66
37 73 0.90
37 74 8.28
37 75 0.24
37 76 6.36
37 77 2.17
37 78 9.43
37 79 5.25
37 80 9.51
37 81 6.37
37 82 3.87
37 83 7.22
37 84 7.70
37 85 8.81
37 86 2.00
37 87 7.55
37 88 4.20
37 89 5.86
37 90 7.50
37 91 3.00
37 92 4.45
37 93 2.87
37 94 8.01
37 95 1.01
37 96 8.68
37 97 2.18
37 98 1.11
37 99 2.12
38 39 4.53
38 40 4.39
38 41 9.96
38 42 7.03
38 43 7.56
38 44 1.82
38 45 1.20
38 46 0.25
38 47 4.12
38 48 0.61
38 49 2.13
38 50 9.87
38 51 4.97
38 52 9.22
38 53 1.60
38 54 5.80
38 55 5.11
38 56 9.77
38 57 1.01
38 58 8.85
38 59 4.00
38 60 7.66
38 61 5.75
38 62 4.41
38 63 0.26
38 64 0.31
38 65 2.74
38 66 9.23
38 67 2.80
38 68 1.93
38 69 7.67
38 70 8.76
38 71 2.37
38 72 3.03
38 73 7.39
38 74 1.67
38 75 9.15
38 76 9.12
38 77 8.41
38 78 6.86
38 79 5.11
38 80 4.00
38 81 3.63
38 82 5.45
38 83 8.26
38 84 5.82
38 85 1.28
38 86 4.00
38 87 2.33
38 88 4.10
38 89 7.52
38 90 4.40
38 91 9.29
38 92 6.72
38 93 9.60
38 94 9.80
38 95 3.71
38 96 7.43
38 97 4.45
38 98 6.52
38 99 5.62
39 40 0.33
39 41 3.95
39 42 5.23
39 43 1.51
39 44 3.08
39 45 6.62
39 46 3.11
39 47 0.02
39 48 6.86
39 49 4.41
39 50 1.92
39 51 2.44
39 52 6.44
39 53 4.13
39 54 1.93
39 55 8.19
39 56 3.35
39 57 0.59
39 58 1.66
39 59 1.26
39 60 8.11
39 61 6.35
39 62 5.51
39 63 1.93
39 64 9.97
39 65 8.20
39 66 8.71
39 67 3.22
39 68 4.71
39 69 9.73
39 70 1.99
39 71 9.77
39 72 9.07
39 73 1.36
39 74 1.12
39 75 5.40
39 76 1.49
39 77 9.15
39 78 6.47
39 79 5.66
39 80 5.23
39 81 2.31
39 82 2.77
39 83 2.49
39 84 7.26
39 85 7.53
39 86 4.41
39 87 5.84
39 88 4.28
39 89 5.64
39 90 1.60
39 91 8.65
39 92 2.32
39 93 8.97
39 94 0.46
39 95 8.19
39 96 6.07
39 97 5.22
39 98 8.48
39 99 2.10
40 41 2.65
40 42 8.20
40 43 6.19
40 44 6.41
40 45 3.73
40 46 0.53
40 47 1.68
40 48 1.28
40 49 7.23
40 50 1.41
40 51 0.37
40 52 3.91
40 53 2.74
40 54 6.03
40 55 4.61
40 56 7.42
40 57 6.30
40 58 5.22
40 59 0.00
40 60 4.17
40 61 4.12
40 62 9.52
40 63 5.79
40 64 1.55
40 65 8.02
40 66 8.62
40 67 4.24
40 68 3.96
40 69 8.73
40 70 5.30
40 71 8.09
40 72 6.22
40 73 5.69
40 74 2.99
40 75 5.46
40 76 3.94
40 77 7.39
40 78 9.98
40 79 3.73
40 80 9.46
40 81 5.08
40 82 6.36
40 83 7.54
40 84 4.69
40 85 1.89
40 86 9.65
40 87 1.32
40 88 5.12
40 89 2.12
40 90 3.55
40 91 7.27
40 92 9.05
40 93 1.36
40 94 0.13
40 95 8.23
40 96 9.42
40 97 7.66
40 98 6.59
40 99 3.99
41 42 1.09
41 43 1.31
41 44 3.06
41 45 7.07
41 46 6.43
41 47 9.62
41 48 7.79
41 49 0.98
41 50 6.41
41 51 3.54
41 52 0.35
41 53 6.06
41 54 3.74
41 55 9.74
41 56 0.31
41 57 5.65
41 58 3.17
41 59 8.58
41 60 9.13
41 61 3.79
41 62 3.57
41 63 8.50
41 64 7.26
41 65 6.08
41 66 5.85
41 67 1.82
41 68 3.67
41 69 1.05
41 70 0.19
41 71 7.80
41 72 8.66
41 73 1.98
41 74 4.01
41 75 0.40
41 76 7.05
41 77 0.38
41 78 8.64
41 79 0.56
41 80 3.60
41 81 3.25
41 82 6.31
41 83 5.83
41 84 7.71
41 85 2.26
41 86 3.37
41 87 4.68
41 88 5.99
41 89 9.38
41 90 0.92
41 91 4.60
41 92 0.09
41 93 9.33
41 94 5.03
41 95 5.01
41 96 2.38
41 97 6.17
41 98 1.22
41 99 5.85
42 43 8.37
42 44 2.87
42 45 1.90
42 46 1.09
42 47 5.99
42 48 4.99
42 49 7.19
42 50 9.84
42 51 9.66
42 52 9.38
42 53 7.86
42 54 2.68
42 55 9.64
42 56 4.37
42 57 9.36
42 58 9.08
42 59 1.59
42 60 1.36
42 61 1.87
42 62 3.29
42 63 5.06
42 64 0.47
42 65 0.38
42 66 9.45
42 67 7.47
42 68 9.46
42 69 7.84
42 70 7.31
42 71 4.27
42 72 4.87
42 73 8.41
42 74 9.81
42 75 9.64
42 76 1.59
42 77 5.68
42 78 1.37
42 79 2.22
42 80 6.68
42 81 9.53
42 82 5.33
42 83 4.94
42 84 4.41
42 85 2.35
42 86 4.70
42 87 6.20
42 88 6.47
42 89 7.84
42 90 4.80
42 91 9.32
42 92 1.29
42 93 5.71
42 94 3.83
42 95 7.55
42 96 7.28
42 97 1.51
42 98 2.68
42 99 0.71
43 44 0.65
43 45 6.92
43 46 9.96
43 47 5.57
43 48 1.70
43 49 2.89
43 50 1.78
43 51 7.27
43 52 1.59
43 53 6.26
43 54 8.49
43 55 7.61
43 56 8.14
43 57 8.68
43 58 8.63
43 59 7.75
43 60 8.44
43 61 8.39
43 62 1.30
43 63 8.50
43 64 4.08
43 65 4.34
43 66 8.96
43 67 8.63
43 68 1.82
43 69 0.64
43 70 3.04
43 71 5.54
43 72 6.60
43 73 3.79
43 74 6.42
43 75 2.59
43 76 6.87
43 77 3.94
43 78 4.25
43 79 8.98
43 80 9.70
43 81 9.20
43 82 5.14
43 83 6.76
43 84 5.44
43 85 3.04
43 86 6.70
43 87 0.00
43 88 6.72
43 89 0.05
43 90 0.24
43 91 7.84
43 92 4.86
43 93 7.26
43 94 3.15
43 95 4.17
43 96 4.02
43 97 3.47
43 98 1.40
43 99 3.67
44 45 9.24
44 46 4.53
44 47 8.93
44 48 8.30
44 49 7.89
44 50 8.71
44 51 6.58
44 52 2.95
44 53 7.03
44 54 5.16
44 55 5.58
44 56 9.04
44 57 8.72
44 58 7.11
44 59 3.97
44 60 2.92
44 61 8.16
44 62 1.13
44 63 4.04
44 64 8.63
44 65 8.62
44 66 9.25
44 67 8.73
44 68 6.13
44 69 4.77
44 70 8.09
44 71 8.35
44 72 1.03
44 73 6.41
44 74 9.94
44 75 6.35
44 76 4.53
44 77 5.87
44 78 9.18
44 79 0.14
44 80 8.17
44 81 3.98
44 82 6.36
44 83 5.44
44 84 8.88
44 85 4.20
44 86 9.71
44 87 6.98
44 88 8.25
44 89 3.07
44 90 4.20
44 91 8.35
44 92 1.78
44 93 9.81
44 94 6.36
44 95 7.50
44 96 0.49
44 97 7.43
44 98 2.70
44 99 7.59
45 46 9.13
45 47 5.70
45 48 1.60
45 49 1.59
45 50 8.43
45 51 2.25
45 52 7.94
45 53 4.27
45 54 7.59
45 55 5.13
45 56 2.62
45 57 6.68
45 58 2.57
45 59 9.81
45 60 7.44
45 61 9.55
45 62 2.65
45 63 4.19
45 64 9.61
45 65 7.08
45 66 9.51
45 67 5.01
45 68 3.59
45 69 9.19
45 70 0.72
45 71 6.87
45 72 1.21
45 73 8.31
45 74 7.72
45 75 0.78
45 76 0.07
45 77 3.34
45 78 8.64
45 79 7.26
45 80 4.01
45 81 9.07
45 82 9.86
45 83 6.25
45 84 0.15
45 85 1.72
45 86 2.54
45 87 9.14
45 88 7.36
45 89 5.17
45 90 2.68
45 91 0.92
45 92 3.23
45 93 0.76
45 94 8.80
45 95 0.28
45 96 1.32
45 97 0.36
45 98 8.13
45 99 3.63
46 47 2.44
46 48 5.14
46 49 7.48
46 50 9.87
46 51 5.31
46 52 4.27
46 53 6.59
46 54 2.85
46 55 2.76
46 56 1.80
46 57 5.85
46 58 7.41
46 59 3.58
46 60 1.16
46 61 8.33
46 62 7.81
46 63 6.30
46 64 5.00
46 65 8.23
46 66 8.62
46 67 3.25
46 68 9.36
46 69 4.01
46 70 8.93
46 71 4.60
46 72 4.79
46 73 1.93
46 74 3.93
46 75 4.31
46 76 0.18
46 77 0.34
46 78 7.56
46 79 6.22
46 80 0.66
46 81 3.98
46 82 4.42
46 83 8.39
46 84 7.43
46 85 1.70
46 86 6.86
46 87 0.27
46 88 7.70
46 89 0.43
46 90 9.23
46 91 9.31
46 92 2.65
46 93 9.03
46 94 3.70
46 95 1.55
46 96 4.73
46 97 4.74
46 98 2.19
46 99 8.01
47 48 3.36
47 49 5.46
47 50 6.30
47 51 5.46
47 52 9.94
47 53 7.76
47 54 7.43
47 55 9.04
47 56 9.51
47 57 8.68
47 58 6.05
47 59 5.87
47 60 8.36
47 61 3.64
47 62 5.51
47 63 3.30
47 64 1.05
47 65 1.28
47 66 1.30
47 67 7.34
47 68 7.93
47 69 3.73
47 70 9.52
47 71 3.94
47 72 1.90
47 73 6.77
47 74 9.77
47 75 0.57
47 76 6.34
47 77 9.55
47 78 9.11
47 79 4.66
47 80 1.64
47 81 8.25
47 82 4.33
47 83 9.71
47 84 3.36
47 85 3.40
47 86 1.12
47 87 5.30
47 88 7.87
47 89 3.39
47 90 5.68
47 91 2.01
47 92 5.42
47 93 6.35
47 94 3.11
47 95 6.79
47 96 0.25
47 97 6.14
47 98 3.14
47 99 9.13
48 49 3.05
48 50 3.16
48 51 4.95
48 52 0.46
48 53 1.26
48 54 0.91
48 55 6.34
48 56 6.68
48 57 2.98
48 58 0.25
48 59 0.89
48 60 4.12
48 61 3.02
48 62 5.83
48 63 9.43
48 64 4.84
48 65 8.74
48 66 1.28
48 67 3.26
48 68 0.96
48 69 0.13
48 70 6.93
48 71 7.71
48 72 5.09
48 73 2.70
48 74 7.77
48 75 0.14
48 76 6.34
48 77 0.31
48 78 9.09
48 79 1.57
48 80 9.56
48 81 6.60
48 82 4.17
48 83 8.16
48 84 1.38
48 85 1.47
48 86 3.40
48 87 9.49
48 88 0.42
48 89 1.92
48 90 4.42
48 91 4.17
48 92 3.95
48 93 0.91
48 94 9.61
48 95 1.15
48 96 1.06
48 97 4.28
48 98 6.75
48 99 2.12
49 50 7.71
49 51 2.00
49 52 6.42
49 53 4.40
49 54 8.13
49 55 4.23
49 56 3.89
49 57 4.77
49 58 2.75
49 59 1.74
49 60 1.61
49 61 1.62
49 62 7.70
49 63 3.13
49 64 4.88
49 65 0.06
49 66 9.71
49 67 3.21
49 68 4.68
49 69 8.55
49 70 4.75
49 71 8.77
49 72 1.75
49 73 2.15
49 74 8.43
49 75 5.93
49 76 8.63
49 77 6.21
49 78 5.89
49 79 7.11
49 80 2.68
49 81 6.79
49 82 1.49
49 83 5.88
49 84 1.05
49 85 7.03
49 86 9.18
49 87 1.81
49 88 3.09
49 89 8.41
49 90 8.05
49 91 5.19
49 92 1.61
49 93 2.57
49 94 2.66
49 95 7.58
49 96 1.71
49 97 5.42
49 98 7.08
49 99 7.86
50 51 2.77
50 52 8.95
50 53 9.47
50 54 0.42
50 55 7.25
50 56 4.49
50 57 8.10
50 58 8.68
50 59 0.24
50 60 4.30
50 61 0.05
50 62 0.65
50 63 8.07
50 64 3.55
50 65 9.91
50 66 0.48
50 67 9.00
50 68 4.46
50 69 9.85
50 70 1.39
50 71 7.11
50 72 1.36
50 73 7.15
50 74 2.95
50 75 2.83
50 76 3.09
50 77 0.72
50 78 6.20
50 79 4.79
50 80 6.43
50 81 7.77
50 82 6.71
50 83 8.46
50 84 3.75
50 85 8.90
50 86 4.07
50 87 1.87
50 88 9.18
50 89 1.07
50 90 9.16
50 91 1.28
50 92 7.35
50 93 5.00
50 94 1.02
50 95 5.67
50 96 10.00
50 97 6.68
50 98 8.01
50 99 2.94
51 52 9.07
51 53 1.58
51 54 7.78
51 55 7.32
51 56 2.50
51 57 8.87
51 58 2.14
51 59 1.49
51 60 8.76
51 61 8.63
51 62 7.87
51 63 6.25
51 64 2.45
51 65 7.68
51 66 7.69
51 67 6.93
51 68 8.05
51 69 0.75
51 70 3.84
51 71 3.30
51 72 1.68
51 73 8.17
51 74 9.47
51 75 4.15
51 76 1.67
51 77 9.17
51 78 4.91
51 79 6.20
51 80 0.77
51 81 8.28
51 82 3.69
51 83 7.72
51 84 1.04
51 85 6.48
51 86 6.32
51 87 2.97
51 88 7.13
51 89 0.85
51 90 5.25
51 91 4.29
51 92 0.51
51 93 9.61
51 94 5.64
51 95 7.12
51 96 4.30
51 97 5.41
51 98 1.97
51 99 3.36
52 53 6.33
52 54 2.26
52 55 8.90
52 56 1.04
52 57 2.96
52 58 7.67
52 59 4.62
52 60 7.37
52 61 1.20
52 62 7.83
52 63 7.36
52 64 2.32
52 65 8.36
52 66 5.14
52 67 6.87
52 68 8.07
52 69 2.29
52 70 1.97
52 71 4.80
52 72 3.63
52 73 3.83
52 74 9.62
52 75 0.07
52 76 1.91
52 77 6.39
52 78 2.35
52 79 6.59
52 80 9.04
52 81 3.47
52 82 4.26
52 83 4.99
52 84 5.63
52 85 8.72
52 86 2.62
52 87 4.01
52 88 2.71
52 89 8.58
52 90 8.71
52 91 8.07
52 92 6.04
52 93 4.71
52 94 6.57
52 95 7.11
52 96 8.33
52 97 9.85
52 98 3.34
52 99 0.25
53 54 8.35
53 55 9.15
53 56 0.80
53 57 1.09
53 58 1.51
53 59 9.30
53 60 0.98
53 61 1.55
53 62 4.71
53 63 2.76
53 64 1.20
53 65 6.08
53 66 2.06
53 67 5.09
53 68 1.71
53 69 1.61
53 70 6.64
53 71 5.87
53 72 7.32
53 73 9.04
53 74 7.87
53 75 6.11
53 76 10.00
53 77 1.02
53 78 0.11
53 79 3.49
53 80 2.74
53 81 3.62
53 82 9.28
53 83 7.62
53 84 4.13
53 85 9.86
53 86 8.99
53 87 2.41
53 88 9.02
53 89 3.27
53 90 0.43
53 91 6.22
53 92 0.33
53 93 4.70
53 94 6.40
53 95 4.87
53 96 5.93
53 97 7.97
53 98 4.95
53 99 2.80
54 55 8.88
54 56 7.88
54 57 3.51
54 58 4.90
54 59 2.52
54 60 9.48
54 61 7.18
54 62 2.55
54 63 1.80
54 64 5.78
54 65 5.03
54 66 8.87
54 67 4.68
54 68 0.46
54 69 3.35
54 70 1.89
54 71 6.92
54 72 7.39
54 73 5.88
54 74 5.93
54 75 9.32
54 76 7.40
54 77 6.54
54 78 0.51
54 79 6.88
54 80 2.98
54 81 2.24
54 82 1.37
54 83 9.07
54 84 1.76
54 85 3.97
54 86 9.89
54 87 3.07
54 88 3.55
54 89 2.90
54 90 6.54
54 91 4.18
54 92 8.08
54 93 9.39
54 94 3.26
54 95 9.27
54 96 4.73
54 97 6.94
54 98 9.22
54 99 1.48
55 56 0.20
55 57 9.42
55 58 9.64
55 59 1.11
55 60 2.39
55 61 2.69
55 62 5.12
55 63 7.31
55 64 9.70
55 65 8.20
55 66 1.42
55 67 2.87
55 68 0.49
55 69 7.17
55 70 8.93
55 71 5.63
55 72 8.01
55 73 7.10
55 74 0.47
55 75 3.43
55 76 9.77
55 77 5.11
55 78 9.06
55 79 3.40
55 80 2.99
55 81 8.60
55 82 6.21
55 83 5.59
55 84 6.24
55 85 2.18
55 86 7.21
55 87 5.01
55 88 9.26
55 89 5.09
55 90 2.03
55 91 8.08
55 92 0.77
55 93 5.22
55 94 5.98
55 95 9.48
55 96 8.87
55 97 0.88
55 98 5.11
55 99 2.29
56 57 9.97
56 58 9.40
56 59 3.10
56 60 6.77
56 61 3.06
56 62 8.63
56 63 7.92
56 64 0.30
56 65 8.10
56 66 9.77
56 67 0.26
56 68 5.98
56 69 4.09
56 70 3.28
56 71 3.47
56 72 6.90
56 73 4.75
56 74 9.27
56 75 3.53
56 76 0.29
56 77 5.28
56 78 6.70
56 79 4.28
56 80 3.97
56 81 3.94
56 82 3.86
56 83 6.82
56 84 5.36
56 85 7.78
56 86 3.99
56 87 4.79
56 88 4.22
56 89 6.00
56 90 6.71
56 91 7.22
56 92 8.38
56 93 9.68
56 94 0.91
56 95 5.87
56 96 6.43
56 97 2.14
56 98 5.18
56 99 1.02
57 58 5.94
57 59 8.71
57 60 8.23
57 61 1.88
57 62 4.92
57 63 9.82
57 64 4.76
57 65 5.66
57 66 4.42
57 67 0.50
57 68 2.11
57 69 6.56
57 70 5.53
57 71 1.88
57 72 5.67
57 73 5.20
57 74 8.45
57 75 4.65
57 76 4.01
57 77 8.65
57 78 0.60
57 79 0.77
57 80 9.45
57 81 0.54
57 82 8.19
57 83 1.13
57 84 8.06
57 85 6.42
57 86 6.42
57 87 3.67
57 88 3.21
57 89 4.82
57 90 8.75
57 91 1.38
57 92 1.99
57 93 5.07
57 94 2.15
57 95 7.60
57 96 6.73
57 97 4.63
57 98 3.19
57 99 8.01
58 59 7.29
58 60 3.88
58 61 9.22
58 62 7.39
58 63 0.54
58 64 9.51
58 65 5.35
58 66 4.64
58 67 8.73
58 68 4.80
58 69 7.71
58 70 9.36
58 71 6.99
58 72 0.56
58 73 7.76
58 74 1.50
58 75 9.34
58 76 3.57
58 77 6.50
58 78 0.64
58 79 4.42
58 80 1.13
58 81 3.82
58 82 4.98
58 83 6.11
58 84 8.52
58 85 5.92
58 86 0.97
58 87 3.11
58 88 2.08
58 89 5.89
58 90 5.22
58 91 4.93
58 92 7.24
58 93 0.88
58 94 0.71
58 95 9.33
58 96 2.30
58 97 9.26
58 98 6.32
58 99 0.32
59 60 7.86
59 61 9.36
59 62 7.19
59 63 2.83
59 64 0.91
59 65 6.22
59 66 4.15
59 67 6.26
59 68 9.14
59 69 4.50
59 70 5.56
59 71 7.74
59 72 1.32
59 73 8.70
59 74 3.91
59 75 1.86
59 76 8.22
59 77 0.89
59 78 7.04
59 79 7.79
59 80 5.68
59 81 9.50
59 82 0.89
59 83 1.08
59 84 2.84
59 85 4.30
59 86 1.71
59 87 7.39
59 88 1.85
59 89 3.94
59 90 0.57
59 91 0.97
59 92 9.83
59 93 6.19
59 94 4.16
59 95 6.65
59 96 6.87
59 97 9.02
59 98 9.60
59 99 4.71
60 61 1.52
60 62 6.50
60 63 3.00
60 64 9.13
60 65 7.61
60 66 3.67
60 67 1.92
60 68 8.14
60 69 3.74
60 70 9.14
60 71 4.22
60 72 2.67
60 73 0.66
60 74 9.59
60 75 5.27
60 76 9.77
60 77 3.29
60 78 5.63
60 79 3.80
60 80 1.00
60 81 0.52
60 82 7.11
60 83 4.98
60 84 4.91
60 85 9.22
60 86 0.48
60 87 6.96
60 88 1.65
60 89 6.74
60 90 7.73
60 91 1.07
60 92 6.93
60 93 4.79
60 94 0.12
60 95 0.93
60 96 4.99
60 97 6.86
60 98 5.15
60 99 1.31
61 62 4.43
61 63 2.89
61 64 4.62
61 65 0.97
61 66 3.36
61 67 7.19
61 68 0.75
61 69 1.42
61 70 0.16
61 71 2.28
61 72 5.48
61 73 6.55
61 74 7.20
61 75 3.30
61 76 3.81
61 77 3.08
61 78 8.03
61 79 8.86
61 80 1.10
61 81 7.91
61 82 2.23
61 83 6.21
61 84 7.11
61 85 0.10
61 86 6.98
61 87 9.24
61 88 7.45
61 89 4.39
61 90 3.97
61 91 3.05
61 92 9.84
61 93 7.08
61 94 0.49
61 95 6.63
61 96 1.44
61 97 6.34
61 98 4.80
61 99 6.42
62 63 3.12
62 64 2.05
62 65 2.87
62 66 8.25
62 67 7.45
62 68 7.12
62 69 3.77
62 70 5.24
62 71 6.14
62 72 7.50
62 73 3.29
62 74 9.93
62 75 3.18
62 76 6.32
62 77 9.54
62 78 3.98
62 79 2.92
62 80 0.16
62 81 5.35
62 82 5.15
62 83 7.18
62 84 0.99
62 85 7.54
62 86 0.10
62 87 5.55
62 88 5.36
62 89 6.87
62 90 0.03
62 91 9.31
62 92 2.79
62 93 7.20
62 94 2.34
62 95 0.58
62 96 0.90
62 97 3.16
62 98 6.30
62 99 2.70
63 64 0.43
63 65 4.33
63 66 6.93
63 67 3.42
63 68 6.42
63 69 9.06
63 70 0.77
63 71 8.83
63 72 0.85
63 73 0.66
63 74 2.59
63 75 1.82
63 76 4.40
63 77 3.95
63 78 1.39
63 79 2.85
63 80 5.47
63 81 3.20
63 82 0.36
63 83 8.85
63 84 1.93
63 85 5.01
63 86 1.88
63 87 7.65
63 88 8.81
63 89 3.26
63 90 7.28
63 91 4.53
63 92 9.89
63 93 2.77
63 94 0.68
63 95 2.07
63 96 6.51
63 97 4.63
63 98 1.97
63 99 1.40
64 65 8.12
64 66 6.03
64 67 4.51
64 68 9.11
64 69 8.57
64 70 7.49
64 71 5.33
64 72 7.67
64 73 6.86
64 74 6.97
64 75 5.35
64 76 7.49
64 77 6.06
64 78 5.47
64 79 0.81
64 80 5.79
64 81 8.89
64 82 8.14
64 83 6.91
64 84 4.75
64 85 9.95
64 86 5.21
64 87 1.69
64 88 6.85
64 89 7.03
64 90 9.52
64 91 5.48
64 92 6.09
64 93 4.96
64 94 0.76
64 95 4.30
64 96 0.81
64 97 2.99
64 98 6.49
64 99 9.63
65 66 3.69
65 67 4.32
65 68 1.76
65 69 3.00
65 70 3.58
65 71 8.08
65 72 7.10
65 73 2.98
65 74 1.28
65 75 9.09
65 76 2.97
65 77 1.04
65 78 4.80
65 79 2.81
65 80 3.65
65 81 5.87
65 82 8.97
65 83 1.54
65 84 9.32
65 85 5.10
65 86 9.13
65 87 5.84
65 88 3.45
65 89 9.65
65 90 9.10
65 91 4.65
65 92 9.19
65 93 1.17
65 94 6.47
65 95 0.80
65 96 3.44
65 97 2.76
65 98 3.82
65 99 2.56
66 67 7.79
66 68 1.30
66 69 9.16
66 70 6.72
66 71 2.73
66 72 5.53
66 73 4.90
66 74 5.76
66 75 8.34
66 76 4.94
66 77 0.48
66 78 7.42
66 79 1.16
66 80 2.27
66 81 0.67
66 82 5.18
66 83 5.71
66 84 6.40
66 85 6.07
66 86 8.43
66 87 3.06
66 88 7.92
66 89 7.12
66 90 5.12
66 91 9.31
66 92 2.41
66 93 5.42
66 94 8.80
66 95 7.57
66 96 2.71
66 97 1.31
66 98 7.78
66 99 7.57
67 68 9.01
67 69 6.24
67 70 6.02
67 71 0.09
67 72 9.94
67 73 9.94
67 74 5.15
67 75 1.36
67 76 5.76
67 77 1.66
67 78 6.74
67 79 9.80
67 80 6.27
67 81 8.86
67 82 1.90
67 83 3.72
67 84 3.67
67 85 0.69
67 86 5.59
67 87 8.91
67 88 4.91
67 89 4.35
67 90 4.12
67 91 1.79
67 92 0.81
67 93 6.26
67 94 9.10
67 95 2.50
67 96 7.04
67 97 0.30
67 98 7.26
67 99 6.24
68 69 4.99
68 70 5.01
68 71 5.62
68 72 2.43
68 73 9.89
68 74 2.86
68 75 1.88
68 76 2.50
68 77 4.65
68 78 8.16
68 79 8.12
68 80 6.75
68 81 1.67
68 82 4.52
68 83 8.81
68 84 4.40
68 85 9.13
68 86 6.87
68 87 7.56
68 88 8.40
68 89 9.36
68 90 8.94
68 91 3.79
68 92 0.29
68 93 7.53
68 94 1.60
68 95 0.41
68 96 0.66
68 97 5.34
68 98 8.67
68 99 0.74
69 70 0.17
69 71 7.21
69 72 9.61
69 73 0.39
69 74 2.21
69 75 7.09
69 76 0.81
69 77 6.97
69 78 2.97
69 79 7.28
69 80 2.35
69 81 0.92
69 82 8.01
69 83 9.25
69 84 2.96
69 85 1.86
69 86 8.41
69 87 8.31
69 88 8.99
69 89 2.00
69 90 4.14
69 91 3.52
69 92 7.62
69 93 2.03
69 94 0.63
69 95 3.82
69 96 2.47
69 97 9.32
69 98 0.66
69 99 1.13
70 71 4.14
70 72 4.41
70 73 6.85
70 74 2.23
70 75 4.50
70 76 1.67
70 77 3.75
70 78 9.48
70 79 8.94
70 80 6.73
70 81 8.41
70 82 9.04
70 83 0.61
70 84 1.93
70 85 6.59
70 86 9.24
70 87 6.83
70 88 1.05
70 89 4.88
70 90 8.06
70 91 2.44
70 92 9.35
70 93 1.42
70 94 3.78
70 95 4.20
70 96 5.31
70 97 3.50
70 98 2.30
70 99 0.91
71 72 2.11
71 73 1.75
71 74 9.07
71 75 3.18
71 76 0.60
71 77 1.22
71 78 3.80
71 79 7.14
71 80 3.12
71 81 9.87
71 82 5.18
71 83 0.45
71 84 3.18
71 85 3.20
71 86 1.09
71 87 4.49
71 88 0.58
71 89 7.05
71 90 1.17
71 91 3.83
71 92 6.98
71 93 3.17
71 94 9.95
71 95 6.47
71 96 4.48
71 97 6.06
71 98 4.52
71 99 6.87
72 73 7.85
72 74 1.97
72 75 2.75
72 76 0.49
72 77 4.46
72 78 9.37
72 79 2.74
72 80 3.91
72 81 8.82
72 82 8.48
72 83 2.71
72 84 9.21
72 85 4.73
72 86 3.01
72 87 3.24
72 88 1.57
72 89 8.71
72 90 0.15
72 91 2.96
72 92 8.24
72 93 6.84
72 94 0.96
72 95 6.20
72 96 3.80
72 97 3.11
72 98 1.20
72 99 2.00
73 74 3.35
73 75 9.91
73 76 4.52
73 77 2.44
73 78 9.18
73 79 2.02
73 80 7.13
73 81 6.18
73 82 7.92
73 83 6.80
73 84 5.76
73 85 7.77
73 86 7.09
73 87 7.91
73 88 5.58
73 89 3.59
73 90 7.62
73 91 8.90
73 92 5.71
73 93 5.53
73 94 3.76
73 95 4.07
73 96 9.94
73 97 0.38
73 98 5.15
73 99 7.75
74 75 3.45
74 76 6.26
74 77 6.42
74 78 3.60
74 79 2.41
74 80 7.63
74 81 1.85
74 82 1.53
74 83 5.52
74 84 1.57
74 85 3.76
74 86 9.11
74 87 0.83
74 88 0.22
74 89 8.50
74 90 2.81
74 91 9.85
74 92 7.46
74 93 5.70
74 94 3.21
74 95 3.93
74 96 3.27
74 97 3.71
74 98 5.05
74 99 7.15
75 76 1.37
75 77 1.59
75 78 5.09
75 79 6.67
75 80 9.89
75 81 8.63
75 82 0.91
75 83 5.60
75 84 3.05
75 85 0.95
75 86 8.87
75 87 0.52
75 88 7.86
75 89 1.62
75 90 9.78
75 91 6.65
75 92 8.00
75 93 4.98
75 94 1.52
75 95 3.27
75 96 1.77
75 97 2.77
75 98 8.13
75 99 3.76
76 77 9.13
76 78 5.48
76 79 3.75
76 80 0.31
76 81 9.12
76 82 5.71
76 83 2.93
76 84 5.19
76 85 6.85
76 86 1.00
76 87 7.63
76 88 6.57
76 89 2.80
76 90 2.68
76 91 7.27
76 92 0.59
76 93 5.42
76 94 5.54
76 95 2.89
76 96 3.58
76 97 1.93
76 98 5.91
76 99 5.10
77 78 1.77
77 79 8.52
77 80 5.71
77 81 2.09
77 82 3.69
77 83 4.03
77 84 4.14
77 85 3.60
77 86 9.80
77 87 7.68
77 88 5.59
77 89 0.62
77 90 2.49
77 91 3.73
77 92 7.47
77 93 7.07
77 94 3.41
77 95 0.30
77 96 9.36
77 97 3.40
77 98 5.33
77 99 5.15
78 79 5.46
78 80 8.65
78 81 1.89
78 82 2.12
78 83 2.59
78 84 7.91
78 85 2.28
78 86 3.23
78 87 2.36
78 88 7.37
78 89 8.28
78 90 9.52
78 91 1.53
78 92 4.66
78 93 3.10
78 94 8.30
78 95 2.49
78 96 0.04
78 97 2.32
78 98 6.36
78 99 6.61
79 80 3.27
79 81 7.65
79 82 7.19
79 83 6.69
79 84 8.75
79 85 2.85
79 86 6.47
79 87 8.52
79 88 5.13
79 89 1.58
79 90 1.52
79 91 1.14
79 92 9.12
79 93 1.09
79 94 7.61
79 95 7.48
79 96 8.58
79 97 1.25
79 98 1.30
79 99 0.27
80 81 1.96
80 82 1.09
80 83 8.64
80 84 1.96
80 85 4.77
80 86 9.16
80 87 9.31
80 88 0.92
80 89 1.99
80 90 3.81
80 91 0.57
80 92 9.29
80 93 3.33
80 94 3.89
80 95 9.47
80 96 5.77
80 97 1.34
80 98 2.18
80 99 1.04
81 82 4.39
81 83 5.35
81 84 1.05
81 85 3.12
81 86 9.85
81 87 8.25
81 88 3.15
81 89 4.40
81 90 7.86
81 91 0.96
81 92 7.83
81 93 1.55
81 94 8.70
81 95 8.06
81 96 8.20
81 97 5.52
81 98 8.11
81 99 9.86
82 83 5.89
82 84 4.24
82 85 5.08
82 86 1.26
82 87 0.80
82 88 5.71
82 89 9.35
82 90 3.10
82 91 4.16
82 92 2.67
82 93 9.53
82 94 4.68
82 95 8.34
82 96 2.01
82 97 8.35
82 98 3.49
82 99 2.35
83 84 9.95
83 85 9.88
83 86 3.37
83 87 6.97
83 88 5.45
83 89 3.74
83 90 2.00
83 91 9.84
83 92 9.05
83 93 7.44
83 94 7.38
83 95 7.83
83 96 9.04
83 97 3.79
83 98 7.81
83 99 4.44
84 85 6.66
84 86 1.43
84 87 4.26
84 88 3.25
84 89 2.69
84 90 2.76
84 91 9.40
84 92 3.67
84 93 1.72
84 94 1.66
84 95 4.46
84 96 0.04
84 97 9.87
84 98 8.30
84 99 9.12
85 86 0.74
85 87 3.65
85 88 9.45
85 89 9.82
85 90 2.63
85 91 7.87
85 92 7.21
85 93 8.65
85 94 9.25
85 95 3.42
85 96 9.44
85 97 9.90
85 98 6.09
85 99 2.28
86 87 7.87
86 88 8.00
86 89 7.75
86 90 3.09
86 91 0.71
86 92 7.48
86 93 2.82
86 94 5.90
86 95 0.96
86 96 9.89
86 97 7.25
86 98 4.53
86 99 7.72
87 88 1.27
87 89 2.57
87 90 0.32
87 91 5.55
87 92 6.51
87 93 5.68
87 94 9.28
87 95 5.44
87 96 5.61
87 97 7.57
87 98 9.80
87 99 6.40
88 89 0.61
88 90 2.49
88 91 1.78
88 92 7.93
88 93 2.41
88 94 6.01
88 95 7.52
88 96 0.21
88 97 3.32
88 98 3.50
88 99 7.82
89 90 8.75
89 91 1.25
89 92 4.91
89 93 8.16
89 94 8.88
89 95 8.98
89 96 0.35
89 97 7.79
89 98 0.86
89 99 6.27
90 91 3.85
90 92 6.79
90 93 9.05
90 94 8.47
90 95 0.66
90 96 5.76
90 97 4.75
90 98 5.92
90 99 0.42
91 92 7.07
91 93 2.74
91 94 2.93
91 95 7.68
91 96 6.74
91 97 1.16
91 98 6.02
91 99 1.47
92 93 7.15
92 94 3.63
92 95 6.14
92 96 3.14
92 97 1.28
92 98 3.04
92 99 0.26
93 94 6.16
93 95 1.94
93 96 1.82
93 97 2.95
93 98 9.25
93 99 9.23
94 95 3.37
94 96 2.67
94 97 7.92
94 98 4.21
94 99 0.02
95 96 0.79
95 97 6.93
95 98 7.76
95 99 7.55
96 97 5.69
96 98 4.13
96 99 8.18
97 98 1.57
97 99 9.33
98 99 3.62
