100 10
0 1 0.73
0 2 3.98
0 3 8.92
0 4 0.12
0 5 2.75
0 6 0.00
0 7 2.03
0 8 8.57
0 9 1.31
0 10 8.36
0 11 1.23
0 12 2.27
0 13 5.97
0 14 5.61
0 15 2.25
0 16 9.28
0 17 3.69
0 18 2.21
0 19 4.31
0 20 2.94
0 21 8.31
0 22 8.03
0 23 7.71
0 24 3.69
0 25 7.17
0 26 8.30
0 27 7.03
0 28 5.53
0 29 1.90
0 30 0.21
0 31 1.99
0 32 4.79
0 33 8.65
0 34 1.00
0 35 6.62
0 36 5.83
0 37 9.71
0 38 8.82
0 39 7.31
0 40 3.02
0 41 7.29
0 42 0.54
0 43 6.92
0 44 0.39
0 45 4.98
0 46 4.58
0 47 9.58
0 48 5.75
0 49 5.05
0 50 4.02
0 51 3.74
0 52 7.19
0 53 6.80
0 54 7.28
0 55 6.70
0 56 7.05
0 57 0.55
0 58 4.19
0 59 2.24
0 60 5.04
0 61 9.60
0 62 0.86
0 63 5.17
0 64 4.76
0 65 0.81
0 66 0.43
0 67 8.13
0 68 9.25
0 69 0.11
0 70 3.95
0 71 9.07
0 72 5.30
0 73 9.70
0 74 3.75
0 75 1.95
0 76 7.50
0 77 9.82
0 78 1.10
0 79 9.81
0 80 0.44
0 81 8.86
0 82 0.39
0 83 8.76
0 84 5.94
0 85 3.88
0 86 1.97
0 87 6.59
0 88 2.32
0 89 7.45
0 90 5.61
0 91 0.68
0 92 5.72
0 93 6.98
0 94 2.90
0 95 1.62
0 96 5.36
0 97 4.75
0 98 2.31
0 99 2.38
1 2 5.96
1 3 4.57
1 4 0.77
1 5 2.48
1 6 5.09
1 7 0.11
1 8 0.94
1 9 2.19
1 10 3.52
1 11 7.18
1 12 4.28
1 13 9.05
1 14 0.65
1 15 6.22
1 16 9.13
1 17 3.11
1 18 7.08
1 19 1.75
1 20 1.93
1 21 6.07
1 22 4.94
1 23 3.49
1 24 7.10
1 25 8.18
1 26 9.96
1 27 4.76
1 28 2.68
1 29 6.96
1 30 0.88
1 31 2.46
1 32 1.94
1 33 3.82
1 34 8.52
1 35 0.69
1 36 5.38
1 37 3.75
1 38 2.75
1 39 0.82
1 40 4.57
1 41 9.35
1 42 7.78
1 43 4.49
1 44 5.64
1 45 1.32
1 46 5.68
1 47 2.56
1 48 4.21
1 49 2.23
1 50 5.89
1 51 5.19
1 52 2.53
1 53 4.46
1 54 4.77
1 55 6.05
1 56 6.62
1 57 9.25
1 58 6.67
1 59 6.76
1 60 5.98
1 61 8.55
1 62 9.86
1 63 6.22
1 64 3.13
1 65 8.53
1 66 3.49
1 67 8.47
1 68 8.37
1 69 5.61
1 70 8.88
1 71 0.23
1 72 6.40
1 73 2.51
1 74 3.86
1 75 9.27
1 76 6.81
1 77 5.22
1 78 1.01
1 79 1.05
1 80 5.37
1 81 1.96
1 82 8.17
1 83 4.94
1 84 4.31
1 85 4.87
1 86 7.64
1 87 3.38
1 88 0.99
1 89 3.49
1 90 9.47
1 91 1.38
1 92 4.58
1 93 3.30
1 94 9.82
1 95 9.96
1 96 0.56
1 97 4.87
1 98 2.35
1 99 9.96
2 3 3.82
2 4 4.20
2 5 6.29
2 6 1.17
2 7 3.42
2 8 2.09
2 9 2.36
2 10 1.04
2 11 4.35
2 12 7.46
2 13 2.67
2 14 2.71
2 15 2.72
2 16 6.40
2 17 2.72
2 18 8.09
2 19 6.13
2 20 9.63
2 21 0.51
2 22 8.57
2 23 4.13
2 24 0.96
2 25 2.44
2 26 2.93
2 27 1.70
2 28 6.07
2 29 8.52
2 30 2.87
2 31 9.55
2 32 0.05
2 33 9.99
2 34 2.49
2 35 6.63
2 36 9.00
2 37 6.22
2 38 3.57
2 39 3.77
2 40 1.34
2 41 0.27
2 42 9.67
2 43 8.73
2 44 0.34
2 45 3.09
2 46 6.44
2 47 3.50
2 48 6.09
2 49 0.34
2 50 2.36
2 51 5.26
2 52 6.77
2 53 2.81
2 54 9.86
2 55 10.00
2 56 6.51
2 57 9.28
2 58 1.34
2 59 2.21
2 60 0.66
2 61 5.21
2 62 7.32
2 63 8.37
2 64 0.74
2 65 0.68
2 66 1.97
2 67 6.05
2 68 4.48
2 69 7.11
2 70 6.13
2 71 4.41
2 72 2.69
2 73 6.41
2 74 1.19
2 75 1.55
2 76 3.99
2 77 5.32
2 78 0.24
2 79 7.13
2 80 5.32
2 81 3.29
2 82 0.78
2 83 0.47
2 84 5.55
2 85 4.01
2 86 8.97
2 87 2.14
2 88 3.27
2 89 6.36
2 90 7.92
2 91 3.95
2 92 7.22
2 93 9.79
2 94 6.57
2 95 6.92
2 96 6.30
2 97 1.41
2 98 0.22
2 99 7.92
3 4 0.13
3 5 3.55
3 6 5.86
3 7 0.41
3 8 2.54
3 9 3.52
3 10 2.12
3 11 7.94
3 12 3.39
3 13 9.46
3 14 9.62
3 15 3.66
3 16 6.17
3 17 4.99
3 18 9.38
3 19 4.58
3 20 9.51
3 21 5.34
3 22 2.23
3 23 9.17
3 24 6.58
3 25 0.35
3 26 5.56
3 27 9.28
3 28 9.75
3 29 1.60
3 30 8.68
3 31 6.93
3 32 0.35
3 33 3.08
3 34 3.93
3 35 2.03
3 36 1.74
3 37 8.14
3 38 8.45
3 39 8.25
3 40 6.39
3 41 7.27
3 42 4.76
3 43 7.80
3 44 5.53
3 45 6.29
3 46 2.94
3 47 3.88
3 48 0.62
3 49 7.49
3 50 7.76
3 51 3.07
3 52 3.34
3 53 4.32
3 54 3.08
3 55 0.79
3 56 2.86
3 57 3.16
3 58 7.86
3 59 5.68
3 60 9.75
3 61 8.30
3 62 5.83
3 63 7.72
3 64 5.61
3 65 7.91
3 66 9.79
3 67 5.17
3 68 5.10
3 69 3.92
3 70 9.35
3 71 0.91
3 72 2.93
3 73 2.57
3 74 2.15
3 75 9.12
3 76 0.94
3 77 4.45
3 78 8.02
3 79 1.38
3 80 2.10
3 81 4.35
3 82 6.64
3 83 8.32
3 84 7.74
3 85 3.02
3 86 2.75
3 87 1.62
3 88 3.79
3 89 5.74
3 90 8.13
3 91 1.59
3 92 5.44
3 93 7.35
3 94 7.38
3 95 5.35
3 96 6.35
3 97 7.06
3 98 1.28
3 99 8.71
4 5 8.13
4 6 6.45
4 7 3.05
4 8 3.51
4 9 5.61
4 10 3.34
4 11 5.65
4 12 9.74
4 13 3.04
4 14 8.65
4 15 4.65
4 16 3.05
4 17 9.82
4 18 5.06
4 19 4.79
4 20 9.79
4 21 6.05
4 22 1.67
4 23 5.82
4 24 0.67
4 25 0.72
4 26 2.07
4 27 7.32
4 28 1.29
4 29 2.85
4 30 5.89
4 31 6.91
4 32 5.59
4 33 8.11
4 34 0.20
4 35 5.25
4 36 0.24
4 37 5.57
4 38 4.80
4 39 7.44
4 40 3.66
4 41 9.19
4 42 8.71
4 43 5.70
4 44 4.57
4 45 2.14
4 46 2.77
4 47 3.75
4 48 7.15
4 49 8.28
4 50 2.00
4 51 1.23
4 52 2.97
4 53 2.84
4 54 0.21
4 55 0.75
4 56 8.59
4 57 5.52
4 58 9.48
4 59 8.68
4 60 6.67
4 61 0.72
4 62 7.79
4 63 3.32
4 64 1.65
4 65 2.47
4 66 1.01
4 67 7.03
4 68 0.68
4 69 3.11
4 70 7.50
4 71 1.73
4 72 3.62
4 73 0.17
4 74 2.18
4 75 4.45
4 76 3.45
4 77 8.60
4 78 4.09
4 79 5.61
4 80 9.03
4 81 9.23
4 82 3.61
4 83 5.74
4 84 3.17
4 85 8.82
4 86 7.06
4 87 9.99
4 88 0.64
4 89 4.51
4 90 8.84
4 91 4.54
4 92 3.68
4 93 1.55
4 94 9.96
4 95 7.73
4 96 1.49
4 97 5.30
4 98 1.87
4 99 9.26
5 6 5.44
5 7 3.50
5 8 1.38
5 9 5.02
5 10 9.90
5 11 1.63
5 12 1.03
5 13 7.33
5 14 5.57
5 15 0.72
5 16 0.90
5 17 3.48
5 18 6.07
5 19 7.91
5 20 1.89
5 21 7.92
5 22 3.52
5 23 8.20
5 24 2.67
5 25 0.02
5 26 2.92
5 27 4.61
5 28 3.18
5 29 3.13
5 30 8.65
5 31 7.09
5 32 8.56
5 33 1.86
5 34 0.09
5 35 2.94
5 36 9.89
5 37 2.15
5 38 8.22
5 39 6.82
5 40 9.27
5 41 7.97
5 42 5.46
5 43 2.26
5 44 9.93
5 45 4.09
5 46 2.96
5 47 8.54
5 48 0.82
5 49 1.59
5 50 0.26
5 51 5.78
5 52 8.66
5 53 8.52
5 54 4.01
5 55 6.01
5 56 7.46
5 57 7.93
5 58 5.28
5 59 6.77
5 60 3.19
5 61 5.19
5 62 4.32
5 63 8.29
5 64 3.53
5 65 4.10
5 66 1.59
5 67 8.11
5 68 3.13
5 69 7.70
5 70 6.35
5 71 9.46
5 72 5.48
5 73 3.72
5 74 6.23
5 75 5.54
5 76 1.62
5 77 2.86
5 78 0.67
5 79 6.79
5 80 4.89
5 81 5.32
5 82 0.78
5 83 6.19
5 84 4.72
5 85 7.51
5 86 0.81
5 87 9.87
5 88 7.69
5 89 9.49
5 90 6.06
5 91 9.92
5 92 9.73
5 93 7.86
5 94 8.72
5 95 7.84
5 96 6.91
5 97 0.29
5 98 0.40
5 99 1.78
6 7 6.29
6 8 4.80
6 9 4.26
6 10 0.78
6 11 5.50
6 12 8.17
6 13 4.60
6 14 8.35
6 15 5.95
6 16 7.43
6 17 7.55
6 18 5.23
6 19 1.96
6 20 3.46
6 21 2.79
6 22 8.37
6 23 8.42
6 24 4.88
6 25 3.74
6 26 5.84
6 27 9.09
6 28 8.43
6 29 0.24
6 30 0.37
6 31 9.89
6 32 4.79
6 33 6.22
6 34 6.82
6 35 2.29
6 36 3.00
6 37 7.26
6 38 8.79
6 39 8.08
6 40 0.36
6 41 3.78
6 42 2.11
6 43 1.62
6 44 7.66
6 45 5.73
6 46 2.72
6 47 9.01
6 48 6.81
6 49 3.63
6 50 2.40
6 51 8.73
6 52 2.19
6 53 8.33
6 54 1.25
6 55 3.42
6 56 4.24
6 57 9.90
6 58 5.17
6 59 5.31
6 60 3.69
6 61 5.24
6 62 9.48
6 63 2.34
6 64 5.12
6 65 0.65
6 66 3.26
6 67 6.28
6 68 5.08
6 69 7.46
6 70 0.48
6 71 8.55
6 72 4.64
6 73 9.32
6 74 3.28
6 75 0.12
6 76 3.24
6 77 5.25
6 78 0.95
6 79 5.57
6 80 7.93
6 81 0.37
6 82 7.11
6 83 2.85
6 84 3.25
6 85 2.45
6 86 1.15
6 87 9.53
6 88 8.02
6 89 1.72
6 90 3.25
6 91 1.26
6 92 8.11
6 93 2.65
6 94 5.19
6 95 4.29
6 96 5.83
6 97 3.26
6 98 4.13
6 99 6.37
7 8 8.02
7 9 0.87
7 10 3.78
7 11 1.85
7 12 3.93
7 13 7.08
7 14 6.74
7 15 7.62
7 16 6.32
7 17 3.84
7 18 2.48
7 19 10.00
7 20 3.43
7 21 2.76
7 22 9.16
7 23 1.08
7 24 1.64
7 25 6.36
7 26 2.47
7 27 8.59
7 28 4.54
7 29 9.38
7 30 1.21
7 31 1.58
7 32 9.54
7 33 1.28
7 34 5.01
7 35 9.21
7 36 2.73
7 37 8.98
7 38 7.48
7 39 2.54
7 40 6.62
7 41 4.01
7 42 0.24
7 43 6.94
7 44 6.28
7 45 2.30
7 46 1.39
7 47 7.53
7 48 2.87
7 49 2.67
7 50 3.67
7 51 3.15
7 52 0.96
7 53 3.67
7 54 6.24
7 55 6.39
7 56 4.73
7 57 0.65
7 58 5.71
7 59 7.73
7 60 9.24
7 61 0.35
7 62 3.27
7 63 3.26
7 64 7.31
7 65 6.26
7 66 0.19
7 67 1.73
7 68 8.30
7 69 6.44
7 70 6.39
7 71 4.20
7 72 9.41
7 73 5.65
7 74 6.73
7 75 6.95
7 76 4.86
7 77 0.55
7 78 8.91
7 79 0.76
7 80 2.80
7 81 9.10
7 82 2.74
7 83 4.70
7 84 5.09
7 85 4.58
7 86 7.09
7 87 8.82
7 88 1.01
7 89 5.81
7 90 7.66
7 91 8.71
7 92 6.16
7 93 7.79
7 94 7.32
7 95 4.42
7 96 5.63
7 97 5.47
7 98 7.69
7 99 7.40
8 9 1.54
8 10 1.52
8 11 7.73
8 12 0.59
8 13 8.01
8 14 6.63
8 15 2.49
8 16 7.71
8 17 2.93
8 18 7.76
8 19 9.90
8 20 3.01
8 21 1.24
8 22 5.13
8 23 1.51
8 24 6.09
8 25 3.47
8 26 5.54
8 27 4.04
8 28 8.49
8 29 3.22
8 30 6.56
8 31 7.01
8 32 5.93
8 33 3.31
8 34 3.11
8 35 6.56
8 36 4.73
8 37 5.39
8 38 5.24
8 39 4.31
8 40 3.10
8 41 3.79
8 42 2.95
8 43 7.60
8 44 9.31
8 45 1.73
8 46 0.68
8 47 8.96
8 48 1.11
8 49 7.71
8 50 7.86
8 51 2.21
8 52 4.04
8 53 3.99
8 54 4.23
8 55 9.77
8 56 1.31
8 57 1.83
8 58 3.50
8 59 8.55
8 60 0.05
8 61 5.66
8 62 1.41
8 63 5.56
8 64 6.88
8 65 9.70
8 66 7.40
8 67 9.47
8 68 2.88
8 69 4.82
8 70 6.64
8 71 9.42
8 72 9.22
8 73 2.90
8 74 5.19
8 75 0.96
8 76 0.32
8 77 2.78
8 78 2.98
8 79 2.12
8 80 9.57
8 81 8.37
8 82 4.30
8 83 9.80
8 84 1.28
8 85 0.79
8 86 1.90
8 87 8.64
8 88 4.24
8 89 0.89
8 90 4.89
8 91 2.91
8 92 8.01
8 93 5.55
8 94 1.25
8 95 7.12
8 96 8.57
8 97 3.77
8 98 0.03
8 99 6.04
9 10 8.63
9 11 4.48
9 12 1.00
9 13 3.56
9 14 8.50
9 15 4.31
9 16 6.31
9 17 5.02
9 18 2.72
9 19 4.70
9 20 9.41
9 21 4.76
9 22 1.81
9 23 0.73
9 24 3.52
9 25 2.77
9 26 5.37
9 27 2.76
9 28 5.82
9 29 9.26
9 30 5.30
9 31 6.42
9 32 0.78
9 33 7.01
9 34 2.39
9 35 9.36
9 36 2.33
9 37 1.57
9 38 8.87
9 39 0.07
9 40 6.09
9 41 3.76
9 42 6.43
9 43 7.13
9 44 8.65
9 45 1.20
9 46 1.98
9 47 6.20
9 48 1.60
9 49 7.67
9 50 3.86
9 51 3.34
9 52 9.20
9 53 1.82
9 54 5.31
9 55 3.48
9 56 2.56
9 57 9.54
9 58 3.82
9 59 8.03
9 60 8.10
9 61 2.23
9 62 8.39
9 63 4.87
9 64 0.15
9 65 0.29
9 66 6.66
9 67 4.65
9 68 9.05
9 69 4.06
9 70 9.21
9 71 2.80
9 72 6.42
9 73 3.55
9 74 4.01
9 75 6.91
9 76 3.75
9 77 0.34
9 78 0.33
9 79 1.94
9 80 0.33
9 81 9.40
9 82 9.31
9 83 8.41
9 84 3.10
9 85 8.25
9 86 9.29
9 87 7.01
9 88 2.69
9 89 0.81
9 90 5.40
9 91 8.70
9 92 5.32
9 93 1.59
9 94 9.88
9 95 4.77
9 96 0.12
9 97 9.19
9 98 9.32
9 99 4.48
10 11 2.06
10 12 4.66
10 13 1.33
10 14 7.03
10 15 3.47
10 16 5.74
10 17 0.44
10 18 2.78
10 19 5.92
10 20 8.92
10 21 1.97
10 22 0.08
10 23 2.02
10 24 6.13
10 25 5.84
10 26 1.40
10 27 9.45
10 28 9.82
10 29 5.42
10 30 4.36
10 31 0.98
10 32 8.09
10 33 2.56
10 34 5.81
10 35 9.03
10 36 4.89
10 37 4.58
10 38 4.29
10 39 1.97
10 40 6.17
10 41 2.73
10 42 8.58
10 43 0.66
10 44 7.80
10 45 9.59
10 46 0.16
10 47 1.54
10 48 3.93
10 49 5.74
10 50 5.19
10 51 3.71
10 52 9.99
10 53 0.44
10 54 4.77
10 55 6.24
10 56 4.10
10 57 1.20
10 58 6.74
10 59 6.59
10 60 9.88
10 61 2.66
10 62 3.48
10 63 6.16
10 64 3.16
10 65 1.42
10 66 9.85
10 67 3.57
10 68 7.64
10 69 8.40
10 70 2.38
10 71 9.20
10 72 8.86
10 73 4.07
10 74 9.54
10 75 0.45
10 76 8.19
10 77 9.04
10 78 4.42
10 79 9.27
10 80 3.30
10 81 6.03
10 82 0.40
10 83 7.12
10 84 9.99
10 85 3.24
10 86 1.07
10 87 8.91
10 88 6.67
10 89 2.12
10 90 7.72
10 91 8.62
10 92 8.60
10 93 1.61
10 94 0.10
10 95 5.02
10 96 7.92
10 97 9.58
10 98 8.25
10 99 4.82
11 12 4.24
11 13 9.64
11 14 6.35
11 15 1.28
11 16 4.28
11 17 2.50
11 18 5.80
11 19 7.47
11 20 4.24
11 21 8.83
11 22 1.99
11 23 4.19
11 24 0.47
11 25 3.16
11 26 3.37
11 27 0.13
11 28 8.83
11 29 5.19
11 30 8.65
11 31 5.50
11 32 3.02
11 33 0.06
11 34 3.17
11 35 5.19
11 36 1.29
11 37 4.75
11 38 8.37
11 39 5.57
11 40 3.36
11 41 8.87
11 42 8.92
11 43 4.10
11 44 4.28
11 45 5.48
11 46 7.92
11 47 1.77
11 48 7.81
11 49 0.54
11 50 2.96
11 51 0.07
11 52 7.13
11 53 1.00
11 54 6.50
11 55 9.63
11 56 3.60
11 57 0.09
11 58 4.50
11 59 7.51
11 60 2.90
11 61 6.64
11 62 0.82
11 63 6.04
11 64 1.13
11 65 7.83
11 66 2.11
11 67 5.94
11 68 7.61
11 69 6.46
11 70 5.26
11 71 1.23
11 72 0.31
11 73 0.32
11 74 7.14
11 75 6.49
11 76 5.57
11 77 9.43
11 78 5.40
11 79 0.01
11 80 4.17
11 81 4.12
11 82 2.53
11 83 5.22
11 84 2.28
11 85 1.46
11 86 8.21
11 87 0.39
11 88 8.00
11 89 1.79
11 90 5.11
11 91 9.33
11 92 0.27
11 93 0.27
11 94 5.18
11 95 7.03
11 96 7.02
11 97 2.03
11 98 9.78
11 99 6.33
12 13 2.04
12 14 9.69
12 15 8.98
12 16 9.68
12 17 0.26
12 18 1.06
12 19 2.76
12 20 1.43
12 21 7.67
12 22 8.74
12 23 2.54
12 24 4.45
12 25 1.58
12 26 0.96
12 27 8.93
12 28 1.49
12 29 1.21
12 30 1.36
12 31 7.07
12 32 7.97
12 33 5.13
12 34 8.39
12 35 9.46
12 36 0.43
12 37 0.19
12 38 1.45
12 39 4.69
12 40 0.32
12 41 3.02
12 42 8.75
12 43 9.70
12 44 2.68
12 45 1.45
12 46 6.28
12 47 4.85
12 48 6.05
12 49 4.72
12 50 3.42
12 51 8.18
12 52 7.58
12 53 8.22
12 54 8.80
12 55 6.33
12 56 7.61
12 57 3.15
12 58 1.78
12 59 9.75
12 60 6.51
12 61 5.81
12 62 1.73
12 63 2.03
12 64 0.26
12 65 6.12
12 66 4.56
12 67 9.03
12 68 8.98
12 69 8.82
12 70 4.74
12 71 5.94
12 72 3.14
12 73 9.41
12 74 7.07
12 75 6.28
12 76 4.21
12 77 1.00
12 78 2.61
12 79 9.31
12 80 2.65
12 81 3.22
12 82 0.04
12 83 4.73
12 84 8.54
12 85 0.97
12 86 5.20
12 87 2.70
12 88 9.76
12 89 7.13
12 90 5.79
12 91 5.96
12 92 6.76
12 93 9.60
12 94 3.61
12 95 5.19
12 96 7.00
12 97 3.22
12 98 5.76
12 99 1.96
13 14 4.12
13 15 9.47
13 16 5.04
13 17 1.71
13 18 7.83
13 19 9.76
13 20 6.34
13 21 7.86
13 22 1.24
13 23 0.97
13 24 3.91
13 25 6.85
13 26 3.34
13 27 6.90
13 28 1.06
13 29 1.36
13 30 7.07
13 31 5.45
13 32 0.42
13 33 8.84
13 34 7.58
13 35 3.40
13 36 1.67
13 37 2.44
13 38 5.72
13 39 9.70
13 40 3.80
13 41 2.08
13 42 0.56
13 43 1.81
13 44 0.65
13 45 3.44
13 46 0.96
13 47 1.24
13 48 1.05
13 49 4.50
13 50 6.14
13 51 5.12
13 52 6.95
13 53 4.27
13 54 0.70
13 55 3.38
13 56 3.24
13 57 1.35
13 58 8.45
13 59 4.62
13 60 4.36
13 61 1.47
13 62 2.57
13 63 5.62
13 64 7.90
13 65 2.71
13 66 7.26
13 67 9.74
13 68 4.32
13 69 8.59
13 70 4.56
13 71 4.94
13 72 4.59
13 73 5.82
13 74 9.24
13 75 2.78
13 76 6.06
13 77 9.28
13 78 5.11
13 79 4.27
13 80 4.86
13 81 4.52
13 82 4.84
13 83 9.04
13 84 8.20
13 85 4.15
13 86 1.54
13 87 3.43
13 88 4.15
13 89 2.62
13 90 3.25
13 91 4.85
13 92 9.25
13 93 8.35
13 94 8.89
13 95 4.88
13 96 1.39
13 97 9.04
13 98 6.38
13 99 7.17
14 15 10.00
14 16 5.43
14 17 7.48
14 18 2.17
14 19 8.42
14 20 6.76
14 21 5.31
14 22 8.07
14 23 7.09
14 24 3.28
14 25 2.27
14 26 2.35
14 27 2.94
14 28 4.20
14 29 5.21
14 30 1.11
14 31 0.36
14 32 4.74
14 33 8.97
14 34 9.14
14 35 2.49
14 36 9.87
14 37 3.85
14 38 9.56
14 39 2.99
14 40 6.10
14 41 9.43
14 42 0.53
14 43 5.60
14 44 7.24
14 45 2.94
14 46 8.63
14 47 9.24
14 48 3.79
14 49 6.92
14 50 5.31
14 51 7.62
14 52 8.31
14 53 0.05
14 54 3.84
14 55 0.82
14 56 7.82
14 57 3.90
14 58 6.04
14 59 8.19
14 60 1.72
14 61 2.55
14 62 1.61
14 63 1.68
14 64 3.77
14 65 7.85
14 66 1.67
14 67 3.43
14 68 8.60
14 69 8.95
14 70 6.47
14 71 3.90
14 72 5.75
14 73 7.81
14 74 6.32
14 75 5.40
14 76 0.15
14 77 1.08
14 78 0.18
14 79 8.41
14 80 4.32
14 81 1.24
14 82 2.71
14 83 6.39
14 84 3.12
14 85 5.63
14 86 5.51
14 87 1.20
14 88 5.14
14 89 7.24
14 90 8.93
14 91 0.35
14 92 5.49
14 93 8.79
14 94 4.73
14 95 6.67
14 96 6.33
14 97 9.23
14 98 9.66
14 99 5.34
15 16 5.96
15 17 3.03
15 18 1.16
15 19 8.14
15 20 3.80
15 21 8.15
15 22 2.73
15 23 4.38
15 24 4.10
15 25 7.90
15 26 7.58
15 27 3.54
15 28 7.61
15 29 0.40
15 30 9.69
15 31 3.83
15 32 8.45
15 33 4.97
15 34 7.32
15 35 7.10
15 36 6.35
15 37 6.20
15 38 4.07
15 39 9.56
15 40 7.72
15 41 2.13
15 42 4.43
15 43 6.08
15 44 2.27
15 45 7.13
15 46 1.27
15 47 6.71
15 48 6.63
15 49 7.71
15 50 7.83
15 51 4.18
15 52 0.69
15 53 3.25
15 54 6.69
15 55 1.86
15 56 4.25
15 57 5.80
15 58 9.75
15 59 2.88
15 60 4.33
15 61 9.57
15 62 4.44
15 63 7.20
15 64 9.41
15 65 1.43
15 66 0.05
15 67 1.93
15 68 6.82
15 69 0.20
15 70 5.82
15 71 9.81
15 72 2.39
15 73 3.61
15 74 4.45
15 75 3.54
15 76 8.20
15 77 3.10
15 78 8.48
15 79 2.06
15 80 3.01
15 81 2.12
15 82 3.30
15 83 9.33
15 84 5.32
15 85 5.71
15 86 2.21
15 87 0.07
15 88 1.75
15 89 5.64
15 90 9.88
15 91 5.94
15 92 3.34
15 93 9.07
15 94 3.74
15 95 8.47
15 96 2.18
15 97 8.51
15 98 7.07
15 99 7.29
16 17 7.31
16 18 5.57
16 19 9.12
16 20 9.51
16 21 1.88
16 22 1.92
16 23 4.44
16 24 6.92
16 25 0.78
16 26 4.11
16 27 4.69
16 28 7.51
16 29 8.82
16 30 2.07
16 31 8.08
16 32 6.70
16 33 9.57
16 34 7.60
16 35 1.60
16 36 4.45
16 37 4.45
16 38 1.54
16 39 2.04
16 40 0.96
16 41 2.58
16 42 8.59
16 43 2.23
16 44 6.64
16 45 8.37
16 46 3.35
16 47 9.96
16 48 1.99
16 49 3.52
16 50 1.93
16 51 9.12
16 52 1.98
16 53 5.79
16 54 6.72
16 55 6.24
16 56 0.88
16 57 1.08
16 58 2.95
16 59 9.49
16 60 0.51
16 61 4.72
16 62 5.54
16 63 7.46
16 64 1.32
16 65 0.21
16 66 3.17
16 67 2.84
16 68 4.05
16 69 6.18
16 70 1.18
16 71 0.30
16 72 1.48
16 73 5.52
16 74 1.06
16 75 7.06
16 76 4.67
16 77 2.46
16 78 4.06
16 79 2.37
16 80 0.27
16 81 6.56
16 82 6.52
16 83 0.42
16 84 4.27
16 85 2.31
16 86 3.83
16 87 8.26
16 88 8.42
16 89 8.73
16 90 3.79
16 91 4.76
16 92 1.40
16 93 1.41
16 94 3.00
16 95 1.16
16 96 4.25
16 97 2.99
16 98 1.16
16 99 3.40
17 18 4.14
17 19 8.34
17 20 4.65
17 21 9.53
17 22 9.06
17 23 0.15
17 24 1.13
17 25 6.60
17 26 8.31
17 27 9.82
17 28 5.82
17 29 3.04
17 30 2.61
17 31 9.11
17 32 0.76
17 33 7.99
17 34 9.38
17 35 0.47
17 36 8.55
17 37 2.63
17 38 0.34
17 39 7.74
17 40 4.15
17 41 4.32
17 42 4.83
17 43 8.26
17 44 4.32
17 45 5.82
17 46 8.99
17 47 4.82
17 48 8.49
17 49 0.08
17 50 1.38
17 51 0.45
17 52 6.30
17 53 3.68
17 54 1.64
17 55 6.04
17 56 1.37
17 57 4.52
17 58 0.29
17 59 5.19
17 60 5.95
17 61 7.39
17 62 0.13
17 63 10.00
17 64 9.46
17 65 3.33
17 66 2.13
17 67 0.35
17 68 3.03
17 69 6.74
17 70 6.48
17 71 4.54
17 72 7.60
17 73 2.70
17 74 3.89
17 75 7.48
17 76 4.99
17 77 3.97
17 78 8.13
17 79 7.09
17 80 9.68
17 81 3.69
17 82 9.41
17 83 5.09
17 84 8.91
17 85 1.27
17 86 4.49
17 87 9.27
17 88 5.27
17 89 6.92
17 90 3.86
17 91 9.43
17 92 1.64
17 93 5.94
17 94 8.82
17 95 6.62
17 96 7.34
17 97 6.92
17 98 6.17
17 99 8.94
18 19 2.90
18 20 8.78
18 21 9.84
18 22 8.83
18 23 4.12
18 24 6.96
18 25 6.54
18 26 3.12
18 27 6.12
18 28 4.79
18 29 0.06
18 30 7.14
18 31 9.77
18 32 7.60
18 33 3.86
18 34 2.51
18 35 1.50
18 36 2.77
18 37 7.95
18 38 7.78
18 39 6.26
18 40 1.72
18 41 4.86
18 42 8.11
18 43 4.07
18 44 6.63
18 45 9.03
18 46 2.25
18 47 8.12
18 48 2.83
18 49 8.11
18 50 7.21
18 51 1.70
18 52 8.52
18 53 2.77
18 54 8.91
18 55 0.61
18 56 8.73
18 57 3.16
18 58 6.84
18 59 3.30
18 60 1.94
18 61 4.00
18 62 5.33
18 63 7.65
18 64 7.44
18 65 8.56
18 66 1.69
18 67 7.64
18 68 6.18
18 69 6.98
18 70 2.10
18 71 0.70
18 72 2.19
18 73 6.03
18 74 4.72
18 75 0.58
18 76 0.42
18 77 8.36
18 78 2.29
18 79 3.34
18 80 7.52
18 81 1.83
18 82 8.52
18 83 4.13
18 84 2.95
18 85 1.99
18 86 7.77
18 87 0.11
18 88 8.71
18 89 1.03
18 90 4.12
18 91 9.78
18 92 6.67
18 93 4.55
18 94 7.60
18 95 0.29
18 96 6.43
18 97 9.64
18 98 7.48
18 99 3.72
19 20 7.41
19 21 3.20
19 22 2.23
19 23 5.88
19 24 6.76
19 25 2.93
19 26 2.51
19 27 0.38
19 28 4.95
19 29 3.15
19 30 5.43
19 31 9.25
19 32 6.74
19 33 9.20
19 34 2.55
19 35 7.60
19 36 4.76
19 37 6.82
19 38 0.35
19 39 1.17
19 40 7.80
19 41 2.10
19 42 2.09
19 43 3.06
19 44 2.32
19 45 9.81
19 46 3.84
19 47 4.53
19 48 7.57
19 49 6.87
19 50 5.68
19 51 0.07
19 52 1.42
19 53 2.66
19 54 2.50
19 55 7.92
19 56 7.12
19 57 1.08
19 58 1.89
19 59 9.37
19 60 3.14
19 61 0.27
19 62 6.89
19 63 0.86
19 64 6.09
19 65 0.60
19 66 3.44
19 67 2.00
19 68 6.71
19 69 4.50
19 70 7.22
19 71 2.95
19 72 1.51
19 73 7.83
19 74 9.22
19 75 1.67
19 76 6.99
19 77 4.86
19 78 1.20
19 79 2.26
19 80 9.52
19 81 6.90
19 82 3.35
19 83 2.79
19 84 7.81
19 85 2.43
19 86 5.36
19 87 0.42
19 88 1.45
19 89 6.44
19 90 9.59
19 91 0.64
19 92 5.64
19 93 3.37
19 94 9.03
19 95 0.06
19 96 0.64
19 97 2.91
19 98 8.08
19 99 6.35
20 21 9.53
20 22 5.27
20 23 6.44
20 24 5.57
20 25 6.77
20 26 3.29
20 27 7.35
20 28 6.68
20 29 0.30
20 30 6.96
20 31 9.62
20 32 7.28
20 33 8.69
20 34 9.32
20 35 6.11
20 36 7.87
20 37 3.44
20 38 4.84
20 39 9.72
20 40 2.34
20 41 3.66
20 42 4.43
20 43 4.27
20 44 9.42
20 45 1.07
20 46 5.00
20 47 8.16
20 48 9.87
20 49 3.30
20 50 3.78
20 51 2.41
20 52 2.78
20 53 8.99
20 54 9.73
20 55 0.72
20 56 6.69
20 57 7.70
20 58 9.17
20 59 9.88
20 60 1.26
20 61 7.40
20 62 3.75
20 63 5.89
20 64 2.03
20 65 0.44
20 66 5.21
20 67 8.24
20 68 6.15
20 69 3.85
20 70 4.55
20 71 1.99
20 72 0.17
20 73 3.17
20 74 7.47
20 75 1.25
20 76 1.52
20 77 9.37
20 78 0.43
20 79 5.79
20 80 0.07
20 81 6.41
20 82 1.12
20 83 9.62
20 84 5.48
20 85 1.48
20 86 9.36
20 87 1.91
20 88 2.85
20 89 5.88
20 90 8.00
20 91 1.41
20 92 7.79
20 93 9.88
20 94 2.91
20 95 4.60
20 96 7.29
20 97 5.86
20 98 6.45
20 99 5.34
21 22 1.70
21 23 1.67
21 24 0.35
21 25 6.79
21 26 9.78
21 27 6.94
21 28 1.42
21 29 0.31
21 30 2.53
21 31 6.86
21 32 2.27
21 33 0.46
21 34 9.36
21 35 7.95
21 36 9.57
21 37 5.40
21 38 5.75
21 39 1.26
21 40 9.83
21 41 8.45
21 42 5.98
21 43 3.16
21 44 5.43
21 45 7.96
21 46 5.01
21 47 8.19
21 48 8.24
21 49 2.71
21 50 3.93
21 51 1.10
21 52 4.98
21 53 6.67
21 54 2.40
21 55 5.93
21 56 9.85
21 57 2.45
21 58 5.34
21 59 2.17
21 60 1.38
21 61 5.93
21 62 8.01
21 63 3.10
21 64 9.43
21 65 2.47
21 66 1.03
21 67 1.46
21 68 2.35
21 69 0.40
21 70 6.98
21 71 5.91
21 72 2.64
21 73 8.85
21 74 5.46
21 75 2.15
21 76 8.32
21 77 5.37
21 78 9.61
21 79 1.11
21 80 9.67
21 81 0.41
21 82 4.53
21 83 1.13
21 84 0.89
21 85 1.68
21 86 9.86
21 87 0.70
21 88 0.86
21 89 8.92
21 90 7.29
21 91 8.77
21 92 5.58
21 93 8.49
21 94 7.72
21 95 4.05
21 96 0.43
21 97 1.85
21 98 5.92
21 99 6.36
22 23 5.00
22 24 7.33
22 25 7.91
22 26 8.49
22 27 7.88
22 28 6.95
22 29 0.61
22 30 1.94
22 31 4.04
22 32 1.52
22 33 4.27
22 34 7.13
22 35 7.77
22 36 5.73
22 37 0.31
22 38 2.70
22 39 8.67
22 40 7.47
22 41 5.27
22 42 6.67
22 43 8.66
22 44 3.14
22 45 7.57
22 46 6.01
22 47 9.79
22 48 4.89
22 49 5.65
22 50 1.39
22 51 9.68
22 52 2.88
22 53 9.65
22 54 2.16
22 55 5.76
22 56 3.93
22 57 2.80
22 58 0.27
22 59 6.72
22 60 5.92
22 61 3.19
22 62 9.60
22 63 6.60
22 64 4.35
22 65 0.00
22 66 0.01
22 67 2.43
22 68 4.58
22 69 8.64
22 70 3.50
22 71 4.79
22 72 2.13
22 73 1.36
22 74 7.42
22 75 3.50
22 76 2.20
22 77 2.78
22 78 1.67
22 79 8.53
22 80 0.76
22 81 2.07
22 82 6.67
22 83 8.24
22 84 0.34
22 85 2.24
22 86 2.84
22 87 4.92
22 88 6.85
22 89 4.94
22 90 0.13
22 91 1.55
22 92 6.92
22 93 1.22
22 94 7.41
22 95 7.05
22 96 7.95
22 97 5.98
22 98 9.34
22 99 5.46
23 24 0.85
23 25 8.38
23 26 4.50
23 27 6.66
23 28 5.41
23 29 4.76
23 30 5.37
23 31 8.28
23 32 9.97
23 33 6.78
23 34 3.16
23 35 6.89
23 36 5.82
23 37 2.73
23 38 4.98
23 39 5.03
23 40 2.49
23 41 9.19
23 42 5.85
23 43 4.88
23 44 4.58
23 45 6.13
23 46 5.18
23 47 3.61
23 48 4.45
23 49 5.85
23 50 8.13
23 51 2.46
23 52 3.97
23 53 6.31
23 54 0.36
23 55 2.05
23 56 4.64
23 57 1.46
23 58 7.68
23 59 7.78
23 60 3.78
23 61 3.65
23 62 3.00
23 63 8.65
23 64 8.37
23 65 6.42
23 66 5.42
23 67 3.01
23 68 4.45
23 69 4.51
23 70 4.57
23 71 2.37
23 72 0.82
23 73 9.23
23 74 9.31
23 75 5.57
23 76 2.07
23 77 6.97
23 78 3.37
23 79 0.51
23 80 7.83
23 81 0.63
23 82 5.09
23 83 6.29
23 84 3.91
23 85 3.06
23 86 6.43
23 87 9.99
23 88 4.79
23 89 8.23
23 90 3.69
23 91 0.04
23 92 7.39
23 93 8.06
23 94 5.04
23 95 8.11
23 96 7.79
23 97 5.82
23 98 6.10
23 99 0.35
24 25 5.89
24 26 1.84
24 27 8.11
24 28 5.62
24 29 4.25
24 30 4.59
24 31 8.63
24 32 9.54
24 33 7.57
24 34 3.92
24 35 5.11
24 36 2.93
24 37 8.52
24 38 5.38
24 39 0.14
24 40 0.18
24 41 1.01
24 42 2.19
24 43 2.50
24 44 9.14
24 45 8.74
24 46 3.01
24 47 9.46
24 48 3.24
24 49 7.55
24 50 2.34
24 51 2.74
24 52 3.04
24 53 0.68
24 54 5.69
24 55 2.60
24 56 8.81
24 57 6.38
24 58 2.54
24 59 3.89
24 60 7.88
24 61 4.97
24 62 9.59
24 63 5.97
24 64 6.67
24 65 7.78
24 66 5.98
24 67 8.63
24 68 0.01
24 69 7.96
24 70 5.26
24 71 8.13
24 72 4.56
24 73 0.04
24 74 8.10
24 75 0.43
24 76 10.00
24 77 2.66
24 78 5.33
24 79 4.28
24 80 2.96
24 81 0.09
24 82 3.25
24 83 1.07
24 84 2.39
24 85 6.62
24 86 6.95
24 87 5.99
24 88 5.76
24 89 8.49
24 90 3.93
24 91 2.62
24 92 8.76
24 93 1.86
24 94 5.12
24 95 0.74
24 96 0.02
24 97 8.28
24 98 8.37
24 99 0.04
25 26 0.41
25 27 8.18
25 28 6.07
25 29 7.81
25 30 4.01
25 31 7.94
25 32 9.46
25 33 9.90
25 34 1.45
25 35 3.01
25 36 7.13
25 37 8.16
25 38 5.13
25 39 8.41
25 40 6.16
25 41 1.98
25 42 0.35
25 43 0.11
25 44 2.71
25 45 5.44
25 46 9.26
25 47 5.69
25 48 1.11
25 49 0.40
25 50 6.55
25 51 7.86
25 52 8.37
25 53 4.95
25 54 9.04
25 55 7.38
25 56 1.64
25 57 8.19
25 58 7.25
25 59 0.66
25 60 1.86
25 61 2.57
25 62 2.60
25 63 4.93
25 64 0.83
25 65 3.75
25 66 6.64
25 67 0.99
25 68 8.42
25 69 0.58
25 70 7.64
25 71 9.27
25 72 9.53
25 73 6.14
25 74 5.09
25 75 1.09
25 76 4.53
25 77 8.61
25 78 7.96
25 79 3.44
25 80 2.03
25 81 0.96
25 82 7.95
25 83 3.31
25 84 9.20
25 85 1.75
25 86 1.26
25 87 7.34
25 88 9.36
25 89 7.63
25 90 2.71
25 91 4.39
25 92 8.94
25 93 2.53
25 94 6.31
25 95 4.30
25 96 5.77
25 97 2.89
25 98 3.05
25 99 8.81
26 27 1.66
26 28 9.60
26 29 5.87
26 30 5.14
26 31 8.48
26 32 9.76
26 33 1.94
26 34 5.21
26 35 1.48
26 36 6.59
26 37 3.74
26 38 6.05
26 39 4.90
26 40 4.39
26 41 4.90
26 42 5.96
26 43 5.69
26 44 2.23
26 45 2.92
26 46 7.80
26 47 0.07
26 48 6.76
26 49 3.97
26 50 6.51
26 51 6.75
26 52 2.30
26 53 1.38
26 54 7.91
26 55 0.87
26 56 6.12
26 57 5.72
26 58 4.32
26 59 5.11
26 60 6.15
26 61 1.09
26 62 4.96
26 63 2.18
26 64 3.01
26 65 9.55
26 66 4.47
26 67 1.69
26 68 5.33
26 69 5.54
26 70 3.46
26 71 7.43
26 72 1.42
26 73 3.58
26 74 3.32
26 75 3.54
26 76 7.85
26 77 9.89
26 78 6.68
26 79 1.31
26 80 6.09
26 81 8.42
26 82 5.08
26 83 3.43
26 84 7.15
26 85 8.33
26 86 5.33
26 87 2.92
26 88 4.88
26 89 6.87
26 90 7.45
26 91 0.90
26 92 4.39
26 93 6.44
26 94 7.78
26 95 1.89
26 96 8.07
26 97 4.78
26 98 6.11
26 99 0.91
27 28 0.23
27 29 6.54
27 30 1.39
27 31 2.66
27 32 3.89
27 33 9.27
27 34 1.28
27 35 2.73
27 36 8.06
27 37 2.41
27 38 9.76
27 39 1.74
27 40 9.80
27 41 6.84
27 42 3.61
27 43 0.73
27 44 3.00
27 45 6.69
27 46 8.66
27 47 0.37
27 48 3.68
27 49 9.60
27 50 1.79
27 51 8.72
27 52 3.30
27 53 8.95
27 54 4.94
27 55 2.07
27 56 4.84
27 57 8.80
27 58 2.90
27 59 3.35
27 60 7.43
27 61 2.51
27 62 0.72
27 63 1.22
27 64 7.81
27 65 5.01
27 66 0.30
27 67 3.33
27 68 5.00
27 69 2.16
27 70 6.99
27 71 7.05
27 72 4.75
27 73 9.44
27 74 2.58
27 75 0.51
27 76 3.09
27 77 5.21
27 78 4.42
27 79 7.69
27 80 1.18
27 81 4.27
27 82 5.31
27 83 0.87
27 84 3.10
27 85 4.82
27 86 5.76
27 87 6.01
27 88 4.60
27 89 4.92
27 90 5.03
27 91 8.45
27 92 1.90
27 93 1.46
27 94 4.06
27 95 9.48
27 96 2.47
27 97 5.97
27 98 2.10
27 99 1.43
28 29 4.90
28 30 9.04
28 31 0.69
28 32 2.01
28 33 6.42
28 34 7.20
28 35 1.41
28 36 3.77
28 37 1.46
28 38 0.32
28 39 7.72
28 40 7.03
28 41 9.00
28 42 8.40
28 43 0.06
28 44 4.62
28 45 4.25
28 46 9.52
28 47 3.34
28 48 8.70
28 49 4.34
28 50 4.83
28 51 7.19
28 52 2.80
28 53 4.62
28 54 4.28
28 55 4.72
28 56 6.92
28 57 8.23
28 58 3.03
28 59 7.35
28 60 9.19
28 61 1.74
28 62 9.31
28 63 3.98
28 64 5.41
28 65 8.98
28 66 2.90
28 67 7.98
28 68 6.24
28 69 8.14
28 70 7.32
28 71 0.46
28 72 6.70
28 73 1.94
28 74 7.01
28 75 1.40
28 76 8.77
28 77 8.07
28 78 3.75
28 79 7.85
28 80 8.74
28 81 6.10
28 82 1.46
28 83 6.75
28 84 0.27
28 85 7.87
28 86 7.25
28 87 0.60
28 88 1.25
28 89 2.09
28 90 1.23
28 91 5.60
28 92 0.69
28 93 7.56
28 94 2.60
28 95 9.83
28 96 7.85
28 97 7.14
28 98 9.12
28 99 7.53
29 30 8.09
29 31 6.26
29 32 8.84
29 33 7.97
29 34 0.28
29 35 3.80
29 36 9.53
29 37 2.32
29 38 6.07
29 39 0.10
29 40 0.09
29 41 0.69
29 42 8.92
29 43 1.52
29 44 3.80
29 45 2.70
29 46 5.86
29 47 4.50
29 48 1.66
29 49 8.94
29 50 8.60
29 51 5.79
29 52 5.21
29 53 3.14
29 54 9.01
29 55 4.87
29 56 6.49
29 57 1.10
29 58 1.74
29 59 9.04
29 60 3.92
29 61 2.56
29 62 2.10
29 63 7.33
29 64 7.16
29 65 0.85
29 66 3.33
29 67 0.26
29 68 6.93
29 69 1.76
29 70 8.84
29 71 0.72
29 72 7.43
29 73 9.73
29 74 0.19
29 75 6.51
29 76 8.65
29 77 8.92
29 78 8.04
29 79 1.51
29 80 1.67
29 81 9.60
29 82 7.76
29 83 8.43
29 84 1.29
29 85 3.87
29 86 3.69
29 87 3.84
29 88 3.53
29 89 3.28
29 90 1.97
29 91 4.69
29 92 9.23
29 93 7.64
29 94 3.41
29 95 5.20
29 96 0.65
29 97 9.65
29 98 9.85
29 99 9.16
30 31 9.37
30 32 6.33
30 33 3.50
30 34 1.63
30 35 9.19
30 36 7.05
30 37 6.31
30 38 1.77
30 39 9.46
30 40 5.66
30 41 7.33
30 42 3.57
30 43 3.37
30 44 6.17
30 45 7.91
30 46 8.54
30 47 1.40
30 48 0.33
30 49 7.23
30 50 2.45
30 51 4.00
30 52 0.01
30 53 5.82
30 54 0.11
30 55 0.76
30 56 0.87
30 57 7.90
30 58 7.49
30 59 8.33
30 60 6.99
30 61 8.35
30 62 7.33
30 63 1.04
30 64 8.97
30 65 4.67
30 66 1.64
30 67 8.52
30 68 3.23
30 69 4.00
30 70 1.60
30 71 5.72
30 72 0.72
30 73 0.40
30 74 2.53
30 75 0.91
30 76 5.62
30 77 8.11
30 78 4.11
30 79 2.93
30 80 8.11
30 81 1.64
30 82 5.97
30 83 4.07
30 84 8.80
30 85 9.95
30 86 3.90
30 87 3.75
30 88 6.44
30 89 7.70
30 90 2.19
30 91 1.05
30 92 7.78
30 93 1.54
30 94 6.73
30 95 1.52
30 96 3.78
30 97 0.22
30 98 2.37
30 99 1.80
31 32 3.44
31 33 3.48
31 34 9.42
31 35 1.17
31 36 3.12
31 37 8.08
31 38 5.41
31 39 0.24
31 40 5.44
31 41 3.12
31 42 1.85
31 43 5.32
31 44 4.07
31 45 3.31
31 46 0.91
31 47 1.84
31 48 7.70
31 49 2.80
31 50 9.90
31 51 3.61
31 52 9.90
31 53 5.25
31 54 2.53
31 55 9.59
31 56 3.29
31 57 3.35
31 58 0.03
31 59 6.97
31 60 4.23
31 61 3.06
31 62 5.04
31 63 4.52
31 64 4.67
31 65 2.70
31 66 9.92
31 67 3.46
31 68 4.92
31 69 3.03
31 70 0.24
31 71 5.69
31 72 2.99
31 73 6.63
31 74 3.44
31 75 9.83
31 76 2.80
31 77 8.49
31 78 1.73
31 79 5.58
31 80 4.26
31 81 6.30
31 82 0.20
31 83 2.74
31 84 6.85
31 85 5.99
31 86 3.71
31 87 1.15
31 88 9.62
31 89 7.42
31 90 8.74
31 91 8.79
31 92 3.87
31 93 6.21
31 94 7.06
31 95 0.88
31 96 5.40
31 97 0.64
31 98 4.88
31 99 3.54
32 33 6.18
32 34 2.76
32 35 7.10
32 36 3.38
32 37 2.22
32 38 1.49
32 39 8.08
32 40 7.56
32 41 6.54
32 42 4.82
32 43 9.25
32 44 5.63
32 45 1.35
32 46 1.55
32 47 5.02
32 48 7.08
32 49 5.29
32 50 2.94
32 51 7.55
32 52 4.35
32 53 7.53
32 54 5.20
32 55 1.82
32 56 2.71
32 57 9.87
32 58 2.30
32 59 1.40
32 60 1.64
32 61 7.45
32 62 7.18
32 63 7.17
32 64 8.40
32 65 3.20
32 66 7.92
32 67 2.28
32 68 2.85
32 69 5.99
32 70 0.61
32 71 2.83
32 72 1.67
32 73 1.21
32 74 4.12
32 75 0.23
32 76 5.69
32 77 9.22
32 78 1.63
32 79 3.25
32 80 3.75
32 81 2.11
32 82 7.77
32 83 8.81
32 84 4.96
32 85 0.91
32 86 4.24
32 87 3.10
32 88 3.59
32 89 7.75
32 90 4.69
32 91 1.72
32 92 3.98
32 93 1.66
32 94 3.31
32 95 7.59
32 96 6.70
32 97 8.76
32 98 5.63
32 99 2.33
33 34 9.40
33 35 8.27
33 36 9.48
33 37 5.98
33 38 9.93
33 39 7.89
33 40 8.50
33 41 1.26
33 42 4.88
33 43 6.27
33 44 6.07
33 45 9.18
33 46 7.79
33 47 7.64
33 48 0.60
33 49 5.48
33 50 7.03
33 51 6.05
33 52 5.94
33 53 8.88
33 54 1.29
33 55 2.19
33 56 4.98
33 57 3.13
33 58 5.75
33 59 6.94
33 60 5.14
33 61 1.11
33 62 9.12
33 63 7.19
33 64 8.12
33 65 8.78
33 66 7.37
33 67 4.20
33 68 2.18
33 69 9.95
33 70 0.20
33 71 1.75
33 72 2.04
33 73 5.51
33 74 9.21
33 75 7.56
33 76 0.27
33 77 5.40
33 78 4.69
33 79 3.18
33 80 8.01
33 81 8.59
33 82 2.34
33 83 2.90
33 84 6.05
33 85 7.03
33 86 0.84
33 87 8.94
33 88 1.56
33 89 8.35
33 90 0.65
33 91 9.87
33 92 9.88
33 93 8.93
33 94 5.68
33 95 1.02
33 96 1.38
33 97 3.87
33 98 4.31
33 99 2.35
34 35 0.67
34 36 7.28
34 37 0.49
34 38 5.41
34 39 7.85
34 40 3.13
34 41 9.39
34 42 5.34
34 43 1.51
34 44 9.31
34 45 3.80
34 46 3.16
34 47 6.08
34 48 3.64
34 49 9.03
34 50 8.72
34 51 8.39
34 52 9.06
34 53 1.34
34 54 4.94
34 55 2.38
34 56 9.87
34 57 2.54
34 58 5.08
34 59 5.97
34 60 2.63
34 61 4.40
34 62 6.62
34 63 0.71
34 64 0.94
34 65 9.10
34 66 1.43
34 67 3.60
34 68 6.32
34 69 7.02
34 70 5.22
34 71 6.40
34 72 1.79
34 73 8.73
34 74 1.68
34 75 3.77
34 76 6.37
34 77 8.09
34 78 5.12
34 79 0.21
34 80 1.68
34 81 1.57
34 82 3.01
34 83 6.98
34 84 8.73
34 85 2.26
34 86 2.48
34 87 0.44
34 88 2.58
34 89 0.41
34 90 9.48
34 91 1.70
34 92 2.88
34 93 7.74
34 94 2.48
34 95 5.75
34 96 6.12
34 97 2.03
34 98 4.12
34 99 4.92
35 36 1.43
35 37 5.14
35 38 4.69
35 39 0.70
35 40 5.44
35 41 6.37
35 42 3.14
35 43 5.42
35 44 6.81
35 45 5.33
35 46 9.55
35 47 5.50
35 48 5.77
35 49 9.12
35 50 2.33
35 51 2.81
35 52 5.85
35 53 8.01
35 54 1.57
35 55 3.56
35 56 1.19
35 57 3.40
35 58 6.26
35 59 2.88
35 60 6.06
35 61 4.80
35 62 6.39
35 63 7.94
35 64 4.81
35 65 3.86
35 66 7.65
35 67 3.82
35 68 6.22
35 69 5.55
35 70 1.11
35 71 8.53
35 72 8.02
35 73 4.20
35 74 6.33
35 75 1.59
35 76 9.93
35 77 3.24
35 78 6.91
35 79 2.80
35 80 2.52
35 81 4.48
35 82 7.31
35 83 3.42
35 84 3.15
35 85 0.61
35 86 9.85
35 87 0.87
35 88 3.52
35 89 8.77
35 90 1.86
35 91 5.23
35 92 7.02
35 93 1.59
35 94 1.35
35 95 1.24
35 96 1.11
35 97 9.18
35 98 1.89
35 99 1.19
36 37 4.12
36 38 8.06
36 39 5.34
36 40 2.21
36 41 5.33
36 42 6.64
36 43 6.34
36 44 7.75
36 45 0.40
36 46 4.73
36 47 0.67
36 48 5.92
36 49 3.40
36 50 3.43
36 51 3.45
36 52 3.43
36 53 9.03
36 54 1.99
36 55 6.83
36 56 1.08
36 57 9.07
36 58 7.42
36 59 6.86
36 60 4.16
36 61 3.27
36 62 5.89
36 63 1.47
36 64 5.25
36 65 3.34
36 66 3.17
36 67 8.00
36 68 1.84
36 69 3.31
36 70 1.96
36 71 1.62
36 72 5.96
36 73 8.59
36 74 9.54
36 75 8.96
36 76 4.17
36 77 8.81
36 78 8.00
36 79 1.46
36 80 6.42
36 81 8.34
36 82 7.25
36 83 5.18
36 84 4.32
36 85 8.56
36 86 1.03
36 87 6.59
36 88 8.47
36 89 2.26
36 90 7.98
36 91 3.59
36 92 6.70
36 93 7.05
36 94 3.63
36 95 7.07
36 96 6.91
36 97 9.02
36 98 6.64
36 99 0.54
37 38 7.02
37 39 3.85
37 40 2.92
37 41 7.92
37 42 4.89
37 43 3.98
37 44 4.54
37 45 1.44
37 46 0.17
37 47 7.34
37 48 6.59
37 49 0.03
37 50 9.97
37 51 0.94
37 52 3.47
37 53 5.96
37 54 6.47
37 55 6.70
37 56 5.17
37 57 8.36
37 58 5.54
37 59 2.91
37 60 2.97
37 61 8.56
37 62 2.53
37 63 1.76
37 64 1.32
37 65 1.66
37 66 8.69
37 67 6.99
37 68 6.95
37 69 4.98
37 70 6.05
37 71 4.10
37 72 6.09
37 73 1.20
37 74 0.11
37 75 3.29
37 76 0.13
37 77 4.35
37 78 9.88
37 79 2.62
37 80 0.34
37 81 2.01
37 82 2.87
37 83 6.19
37 84 0.82
37 85 0.83
37 86 9.54
37 87 8.92
37 88 0.37
37 89 6.46
37 90 5.46
37 91 2.56
37 92 5.34
37 93 0.19
37 94 8.17
37 95 6.61
37 96 6.00
37 97 6.04
37 98 1.50
37 99 9.03
38 39 9.55
38 40 2.14
38 41 2.60
38 42 8.59
38 43 1.53
38 44 0.70
38 45 6.95
38 46 6.51
38 47 5.62
38 48 5.76
38 49 1.45
38 50 7.30
38 51 5.97
38 52 5.74
38 53 0.07
38 54 9.46
38 55 3.88
38 56 6.99
38 57 5.09
38 58 0.82
38 59 5.44
38 60 3.54
38 61 6.99
38 62 6.22
38 63 1.90
38 64 9.71
38 65 7.87
38 66 7.17
38 67 8.46
38 68 6.81
38 69 3.78
38 70 2.36
38 71 0.10
38 72 2.62
38 73 2.32
38 74 2.33
38 75 0.78
38 76 8.55
38 77 8.50
38 78 6.76
38 79 0.50
38 80 8.92
38 81 0.61
38 82 5.30
38 83 0.14
38 84 4.74
38 85 7.11
38 86 3.71
38 87 8.99
38 88 0.95
38 89 8.13
38 90 6.64
38 91 8.02
38 92 2.93
38 93 5.95
38 94 4.03
38 95 0.94
38 96 5.67
38 97 3.40
38 98 3.64
38 99 1.14
39 40 4.66
39 41 7.09
39 42 0.21
39 43 8.53
39 44 6.62
39 45 3.33
39 46 8.61
39 47 0.21
39 48 0.13
39 49 9.06
39 50 3.27
39 51 4.36
39 52 9.20
39 53 7.97
39 54 5.48
39 55 8.20
39 56 7.31
39 57 8.88
39 58 0.34
39 59 5.53
39 60 4.17
39 61 9.26
39 62 2.30
39 63 5.47
39 64 6.12
39 65 6.50
39 66 5.84
39 67 4.53
39 68 5.11
39 69 3.60
39 70 8.39
39 71 3.86
39 72 3.08
39 73 6.28
39 74 8.61
39 75 2.31
39 76 5.86
39 77 0.78
39 78 8.60
39 79 1.94
39 80 7.78
39 81 7.05
39 82 2.99
39 83 9.00
39 84 3.64
39 85 7.81
39 86 7.43
39 87 6.55
39 88 4.37
39 89 1.22
39 90 1.50
39 91 9.15
39 92 0.04
39 93 5.97
39 94 7.95
39 95 9.12
39 96 0.31
39 97 2.17
39 98 10.00
39 99 3.36
40 41 6.72
40 42 6.91
40 43 0.00
40 44 5.76
40 45 8.57
40 46 5.46
40 47 6.59
40 48 1.75
40 49 3.99
40 50 5.39
40 51 8.21
40 52 0.03
40 53 4.59
40 54 9.10
40 55 7.42
40 56 8.87
40 57 5.24
40 58 6.21
40 59 0.09
40 60 0.27
40 61 8.28
40 62 7.54
40 63 0.00
40 64 6.70
40 65 4.32
40 66 1.46
40 67 1.27
40 68 1.60
40 69 6.26
40 70 6.04
40 71 3.56
40 72 6.26
40 73 2.52
40 74 7.72
40 75 7.71
40 76 8.67
40 77 9.34
40 78 9.63
40 79 7.60
40 80 6.00
40 81 9.27
40 82 4.78
40 83 9.02
40 84 3.57
40 85 5.09
40 86 7.86
40 87 6.85
40 88 5.14
40 89 1.68
40 90 6.63
40 91 2.28
40 92 9.08
40 93 8.16
40 94 4.64
40 95 5.88
40 96 9.94
40 97 8.83
40 98 8.18
40 99 5.07
41 42 7.14
41 43 8.61
41 44 7.78
41 45 2.62
41 46 6.44
41 47 9.85
41 48 4.22
41 49 2.31
41 50 3.83
41 51 0.43
41 52 2.97
41 53 9.80
41 54 0.72
41 55 4.57
41 56 5.32
41 57 4.53
41 58 2.30
41 59 1.71
41 60 0.35
41 61 4.44
41 62 1.55
41 63 1.21
41 64 7.93
41 65 1.25
41 66 5.45
41 67 4.75
41 68 0.57
41 69 2.80
41 70 2.26
41 71 1.71
41 72 3.62
41 73 6.35
41 74 3.84
41 75 8.25
41 76 7.68
41 77 7.60
41 78 7.10
41 79 3.99
41 80 7.40
41 81 3.71
41 82 4.99
41 83 0.72
41 84 5.48
41 85 0.90
41 86 8.68
41 87 2.22
41 88 2.14
41 89 3.56
41 90 3.67
41 91 8.91
41 92 6.58
41 93 1.20
41 94 7.64
41 95 8.83
41 96 3.12
41 97 7.36
41 98 9.54
41 99 3.45
42 43 6.95
42 44 5.47
42 45 7.02
42 46 5.46
42 47 9.67
42 48 0.24
42 49 2.11
42 50 1.70
42 51 8.35
42 52 3.57
42 53 7.24
42 54 9.08
42 55 6.78
42 56 3.32
42 57 3.70
42 58 2.87
42 59 3.71
42 60 0.97
42 61 9.23
42 62 7.72
42 63 8.92
42 64 2.72
42 65 8.41
42 66 8.46
42 67 5.74
42 68 3.34
42 69 0.57
42 70 6.56
42 71 1.19
42 72 0.95
42 73 5.48
42 74 5.68
42 75 2.82
42 76 4.35
42 77 1.84
42 78 1.56
42 79 8.03
42 80 7.50
42 81 6.84
42 82 8.40
42 83 5.99
42 84 3.14
42 85 9.57
42 86 5.02
42 87 2.62
42 88 4.63
42 89 0.48
42 90 1.94
42 91 6.00
42 92 1.19
42 93 6.30
42 94 4.13
42 95 5.20
42 96 9.21
42 97 7.16
42 98 2.81
42 99 9.79
43 44 2.49
43 45 9.61
43 46 9.42
43 47 5.14
43 48 6.34
43 49 8.08
43 50 7.42
43 51 4.90
43 52 6.83
43 53 5.06
43 54 3.14
43 55 1.48
43 56 4.96
43 57 6.65
43 58 4.74
43 59 0.27
43 60 0.10
43 61 3.78
43 62 2.47
43 63 7.63
43 64 5.73
43 65 9.16
43 66 7.46
43 67 6.13
43 68 9.14
43 69 4.20
43 70 6.24
43 71 6.97
43 72 4.97
43 73 3.38
43 74 4.29
43 75 5.82
43 76 0.19
43 77 1.20
43 78 0.90
43 79 7.55
43 80 5.75
43 81 2.07
43 82 8.29
43 83 7.16
43 84 4.44
43 85 8.89
43 86 9.66
43 87 6.51
43 88 5.33
43 89 6.51
43 90 3.72
43 91 5.61
43 92 9.20
43 93 8.86
43 94 7.90
43 95 5.05
43 96 6.55
43 97 5.77
43 98 5.63
43 99 5.82
44 45 5.05
44 46 3.85
44 47 4.27
44 48 2.77
44 49 0.77
44 50 8.37
44 51 3.59
44 52 1.64
44 53 5.47
44 54 9.39
44 55 7.05
44 56 5.20
44 57 6.40
44 58 4.19
44 59 5.49
44 60 3.32
44 61 8.71
44 62 8.50
44 63 4.24
44 64 5.78
44 65 2.21
44 66 7.91
44 67 8.48
44 68 1.18
44 69 2.93
44 70 8.40
44 71 5.84
44 72 1.49
44 73 0.62
44 74 5.86
44 75 5.23
44 76 5.10
44 77 6.94
44 78 8.58
44 79 6.46
44 80 8.11
44 81 8.93
44 82 5.38
44 83 7.03
44 84 5.46
44 85 2.61
44 86 3.70
44 87 4.28
44 88 2.54
44 89 6.33
44 90 2.23
44 91 8.01
44 92 6.84
44 93 4.29
44 94 9.26
44 95 2.09
44 96 9.33
44 97 2.11
44 98 5.48
44 99 8.81
45 46 4.82
45 47 1.69
45 48 1.30
45 49 9.62
45 50 1.76
45 51 2.56
45 52 4.28
45 53 5.63
45 54 0.81
45 55 0.78
45 56 2.58
45 57 3.00
45 58 3.55
45 59 0.35
45 60 3.19
45 61 4.86
45 62 8.74
45 63 7.79
45 64 4.65
45 65 3.04
45 66 4.08
45 67 7.67
45 68 7.70
45 69 3.65
45 70 9.72
45 71 6.99
45 72 6.50
45 73 2.84
45 74 7.24
45 75 0.36
45 76 6.17
45 77 9.45
45 78 8.22
45 79 4.36
45 80 1.77
45 81 5.34
45 82 6.80
45 83 1.51
45 84 2.47
45 85 6.99
45 86 4.97
45 87 8.32
45 88 3.26
45 89 1.74
45 90 9.01
45 91 1.12
45 92 0.58
45 93 7.25
45 94 7.27
45 95 3.02
45 96 3.70
45 97 2.50
45 98 7.86
45 99 0.67
46 47 5.88
46 48 6.92
46 49 1.32
46 50 9.68
46 51 1.89
46 52 4.55
46 53 2.29
46 54 3.66
46 55 8.04
46 56 5.27
46 57 6.60
46 58 7.44
46 59 8.55
46 60 1.39
46 61 6.93
46 62 5.43
46 63 3.68
46 64 2.28
46 65 8.78
46 66 7.86
46 67 4.58
46 68 3.60
46 69 1.90
46 70 0.14
46 71 2.17
46 72 2.70
46 73 2.66
46 74 1.66
46 75 9.39
46 76 9.31
46 77 1.04
46 78 8.15
46 79 8.60
46 80 9.26
46 81 2.64
46 82 8.05
46 83 8.12
46 84 5.29
46 85 4.20
46 86 3.46
46 87 9.97
46 88 7.39
46 89 3.49
46 90 1.02
46 91 3.76
46 92 6.92
46 93 3.17
46 94 9.09
46 95 1.76
46 96 8.38
46 97 0.65
46 98 4.54
46 99 4.58
47 48 0.56
47 49 7.88
47 50 5.56
47 51 0.99
47 52 0.64
47 53 9.57
47 54 0.35
47 55 7.55
47 56 4.80
47 57 4.52
47 58 2.51
47 59 1.80
47 60 8.32
47 61 5.17
47 62 5.80
47 63 3.91
47 64 0.02
47 65 2.69
47 66 9.53
47 67 5.55
47 68 7.75
47 69 7.00
47 70 3.06
47 71 8.73
47 72 6.66
47 73 4.19
47 74 9.31
47 75 3.76
47 76 10.00
47 77 7.74
47 78 3.00
47 79 5.10
47 80 7.14
47 81 4.80
47 82 2.78
47 83 3.57
47 84 3.84
47 85 1.42
47 86 8.40
47 87 7.88
47 88 3.41
47 89 2.15
47 90 8.17
47 91 4.30
47 92 1.89
47 93 4.61
47 94 6.84
47 95 2.49
47 96 7.75
47 97 0.95
47 98 5.74
47 99 7.49
48 49 8.19
48 50 4.05
48 51 2.91
48 52 2.32
48 53 9.29
48 54 1.78
48 55 9.39
48 56 0.87
48 57 3.64
48 58 1.31
48 59 3.51
48 60 9.24
48 61 1.42
48 62 2.54
48 63 1.38
48 64 8.29
48 65 5.88
48 66 5.75
48 67 2.70
48 68 7.77
48 69 9.99
48 70 5.00
48 71 6.64
48 72 6.37
48 73 1.28
48 74 6.59
48 75 1.73
48 76 2.84
48 77 3.87
48 78 4.10
48 79 7.86
48 80 6.78
48 81 2.91
48 82 9.96
48 83 5.75
48 84 2.32
48 85 7.16
48 86 4.01
48 87 6.02
48 88 7.82
48 89 3.17
48 90 3.22
48 91 3.85
48 92 1.75
48 93 7.01
48 94 6.60
48 95 1.52
48 96 6.05
48 97 8.39
48 98 1.42
48 99 5.80
49 50 2.87
49 51 9.54
49 52 6.71
49 53 3.77
49 54 2.45
49 55 1.25
49 56 8.59
49 57 5.80
49 58 5.39
49 59 7.68
49 60 4.45
49 61 9.60
49 62 3.27
49 63 4.37
49 64 6.74
49 65 7.83
49 66 6.90
49 67 5.47
49 68 3.88
49 69 8.76
49 70 0.71
49 71 3.77
49 72 5.37
49 73 5.80
49 74 7.00
49 75 9.85
49 76 2.39
49 77 7.23
49 78 10.00
49 79 7.81
49 80 3.29
49 81 0.21
49 82 4.18
49 83 8.16
49 84 2.30
49 85 9.51
49 86 9.52
49 87 4.59
49 88 4.57
49 89 7.97
49 90 4.93
49 91 2.57
49 92 1.11
49 93 6.32
49 94 8.58
49 95 0.86
49 96 4.74
49 97 7.83
49 98 8.92
49 99 1.86
50 51 9.00
50 52 0.57
50 53 3.34
50 54 4.36
50 55 5.24
50 56 3.93
50 57 5.00
50 58 6.96
50 59 9.73
50 60 6.90
50 61 6.93
50 62 5.32
50 63 7.29
50 64 9.76
50 65 5.39
50 66 1.10
50 67 4.17
50 68 4.75
50 69 1.13
50 70 6.53
50 71 3.07
50 72 8.45
50 73 6.66
50 74 7.17
50 75 2.09
50 76 7.51
50 77 0.97
50 78 5.02
50 79 0.25
50 80 3.59
50 81 7.10
50 82 9.77
50 83 1.98
50 84 9.20
50 85 1.81
50 86 1.13
50 87 1.69
50 88 7.69
50 89 9.13
50 90 7.03
50 91 8.05
50 92 6.46
50 93 5.09
50 94 0.60
50 95 1.07
50 96 0.43
50 97 9.66
50 98 6.82
50 99 1.40
51 52 9.53
51 53 2.85
51 54 1.19
51 55 2.31
51 56 3.14
51 57 0.06
51 58 7.49
51 59 1.41
51 60 8.84
51 61 5.98
51 62 6.46
51 63 6.97
51 64 0.51
51 65 8.05
51 66 0.57
51 67 4.53
51 68 6.87
51 69 9.63
51 70 7.28
51 71 3.21
51 72 3.27
51 73 9.92
51 74 9.66
51 75 9.48
51 76 9.78
51 77 4.72
51 78 4.38
51 79 5.12
51 80 6.05
51 81 3.77
51 82 5.75
51 83 6.36
51 84 6.73
51 85 2.20
51 86 9.27
51 87 9.68
51 88 9.70
51 89 3.97
51 90 9.46
51 91 2.96
51 92 2.18
51 93 8.70
51 94 1.29
51 95 2.36
51 96 6.58
51 97 4.25
51 98 0.65
51 99 4.13
52 53 4.17
52 54 8.05
52 55 7.00
52 56 5.21
52 57 8.11
52 58 7.68
52 59 5.82
52 60 3.07
52 61 5.30
52 62 9.14
52 63 3.69
52 64 5.53
52 65 0.40
52 66 5.92
52 67 9.17
52 68 4.32
52 69 6.14
52 70 3.00
52 71 0.92
52 72 6.38
52 73 6.49
52 74 9.90
52 75 8.13
52 76 8.64
52 77 4.31
52 78 4.09
52 79 0.87
52 80 8.07
52 81 9.88
52 82 9.15
52 83 2.36
52 84 2.54
52 85 4.35
52 86 5.21
52 87 6.52
52 88 4.99
52 89 8.31
52 90 8.94
52 91 0.60
52 92 3.14
52 93 8.13
52 94 7.74
52 95 4.92
52 96 9.66
52 97 4.61
52 98 7.17
52 99 3.27
53 54 6.34
53 55 6.57
53 56 5.57
53 57 1.25
53 58 7.29
53 59 4.84
53 60 7.42
53 61 0.90
53 62 2.95
53 63 1.06
53 64 3.33
53 65 5.98
53 66 2.80
53 67 7.51
53 68 3.71
53 69 1.46
53 70 4.46
53 71 3.50
53 72 7.24
53 73 9.34
53 74 3.57
53 75 1.28
53 76 8.59
53 77 9.21
53 78 5.95
53 79 7.69
53 80 2.62
53 81 8.59
53 82 5.66
53 83 9.56
53 84 9.84
53 85 2.33
53 86 9.38
53 87 5.89
53 88 1.98
53 89 1.38
53 90 3.36
53 91 4.73
53 92 9.24
53 93 0.99
53 94 6.95
53 95 8.52
53 96 5.42
53 97 6.45
53 98 4.92
53 99 9.33
54 55 2.00
54 56 3.45
54 57 7.74
54 58 1.45
54 59 8.42
54 60 3.72
54 61 8.37
54 62 1.53
54 63 4.20
54 64 6.45
54 65 9.22
54 66 6.79
54 67 1.07
54 68 7.66
54 69 2.86
54 70 1.66
54 71 3.62
54 72 3.42
54 73 3.26
54 74 0.37
54 75 7.37
54 76 7.73
54 77 2.20
54 78 9.29
54 79 1.90
54 80 6.35
54 81 0.91
54 82 9.94
54 83 2.75
54 84 3.25
54 85 6.32
54 86 1.70
54 87 8.12
54 88 4.28
54 89 8.61
54 90 5.83
54 91 0.79
54 92 3.60
54 93 9.30
54 94 7.93
54 95 8.63
54 96 1.74
54 97 7.89
54 98 8.55
54 99 9.29
55 56 6.26
55 57 3.69
55 58 3.94
55 59 6.34
55 60 0.33
55 61 5.93
55 62 0.40
55 63 1.55
55 64 7.19
55 65 4.09
55 66 4.33
55 67 4.92
55 68 4.17
55 69 7.88
55 70 9.77
55 71 3.24
55 72 0.97
55 73 4.25
55 74 9.18
55 75 2.17
55 76 0.78
55 77 2.70
55 78 2.93
55 79 8.57
55 80 6.74
55 81 3.80
55 82 0.15
55 83 5.42
55 84 6.03
55 85 8.38
55 86 4.88
55 87 4.18
55 88 2.11
55 89 0.34
55 90 1.30
55 91 6.40
55 92 8.38
55 93 0.58
55 94 5.47
55 95 4.41
55 96 3.79
55 97 9.68
55 98 2.68
55 99 0.97
56 57 1.19
56 58 0.05
56 59 9.05
56 60 3.43
56 61 7.47
56 62 4.23
56 63 3.30
56 64 1.52
56 65 5.34
56 66 5.34
56 67 8.94
56 68 2.54
56 69 5.40
56 70 1.82
56 71 4.38
56 72 2.87
56 73 2.57
56 74 7.92
56 75 7.86
56 76 9.04
56 77 3.28
56 78 8.61
56 79 3.79
56 80 4.82
56 81 8.13
56 82 9.50
56 83 8.02
56 84 3.27
56 85 9.83
56 86 7.84
56 87 2.55
56 88 1.64
56 89 5.85
56 90 3.23
56 91 0.32
56 92 3.69
56 93 0.78
56 94 3.45
56 95 7.96
56 96 6.37
56 97 5.32
56 98 2.14
56 99 4.51
57 58 3.75
57 59 6.66
57 60 4.43
57 61 4.94
57 62 9.87
57 63 7.81
57 64 5.00
57 65 4.17
57 66 3.76
57 67 5.39
57 68 3.78
57 69 4.78
57 70 4.08
57 71 1.36
57 72 0.43
57 73 1.83
57 74 3.48
57 75 0.02
57 76 2.87
57 77 4.88
57 78 2.10
57 79 6.69
57 80 3.37
57 81 5.53
57 82 2.86
57 83 9.52
57 84 7.35
57 85 6.49
57 86 0.06
57 87 2.56
57 88 1.50
57 89 9.60
57 90 0.91
57 91 7.78
57 92 7.69
57 93 0.73
57 94 0.02
57 95 2.33
57 96 9.91
57 97 1.46
57 98 3.25
57 99 5.86
58 59 8.83
58 60 4.94
58 61 9.07
58 62 5.51
58 63 7.88
58 64 7.89
58 65 6.20
58 66 5.73
58 67 0.46
58 68 7.63
58 69 6.65
58 70 7.37
58 71 3.88
58 72 8.21
58 73 4.20
58 74 2.26
58 75 3.00
58 76 8.90
58 77 2.69
58 78 3.58
58 79 9.82
58 80 9.39
58 81 4.80
58 82 0.63
58 83 8.39
58 84 6.20
58 85 4.39
58 86 2.23
58 87 0.64
58 88 2.84
58 89 9.28
58 90 1.74
58 91 7.07
58 92 6.45
58 93 4.51
58 94 7.36
58 95 5.76
58 96 0.19
58 97 4.66
58 98 8.92
58 99 1.87
59 60 8.35
59 61 3.96
59 62 4.67
59 63 7.70
59 64 9.61
59 65 9.62
59 66 7.22
59 67 4.96
59 68 8.52
59 69 8.63
59 70 8.81
59 71 7.60
59 72 5.04
59 73 0.79
59 74 6.08
59 75 1.49
59 76 4.62
59 77 9.84
59 78 8.90
59 79 0.64
59 80 7.75
59 81 6.00
59 82 9.09
59 83 3.86
59 84 6.46
59 85 4.88
59 86 2.40
59 87 0.17
59 88 2.35
59 89 5.79
59 90 1.52
59 91 6.31
59 92 4.32
59 93 5.05
59 94 5.28
59 95 3.63
59 96 0.96
59 97 7.02
59 98 0.34
59 99 4.99
60 61 5.68
60 62 8.72
60 63 6.22
60 64 9.30
60 65 9.69
60 66 6.76
60 67 3.40
60 68 8.65
60 69 7.31
60 70 6.91
60 71 0.88
60 72 8.66
60 73 3.63
60 74 8.98
60 75 7.29
60 76 1.40
60 77 0.53
60 78 4.35
60 79 0.99
60 80 6.51
60 81 9.54
60 82 3.29
60 83 3.74
60 84 0.67
60 85 3.88
60 86 2.31
60 87 9.58
60 88 6.94
60 89 6.49
60 90 7.53
60 91 7.45
60 92 5.82
60 93 6.58
60 94 4.21
60 95 8.11
60 96 6.75
60 97 8.33
60 98 2.69
60 99 6.90
61 62 2.78
61 63 2.95
61 64 2.09
61 65 9.35
61 66 0.92
61 67 1.14
61 68 9.26
61 69 0.18
61 70 0.16
61 71 8.22
61 72 1.21
61 73 8.35
61 74 4.91
61 75 2.55
61 76 8.70
61 77 9.28
61 78 1.06
61 79 0.98
61 80 6.75
61 81 5.59
61 82 3.76
61 83 8.08
61 84 7.99
61 85 0.24
61 86 5.42
61 87 7.17
61 88 7.09
61 89 6.68
61 90 8.15
61 91 8.31
61 92 0.99
61 93 0.25
61 94 8.31
61 95 3.67
61 96 6.47
61 97 6.18
61 98 8.28
61 99 5.78
62 63 2.46
62 64 7.45
62 65 3.43
62 66 3.10
62 67 4.41
62 68 0.65
62 69 2.98
62 70 3.93
62 71 3.32
62 72 4.01
62 73 0.24
62 74 3.07
62 75 7.03
62 76 6.63
62 77 3.51
62 78 8.39
62 79 2.26
62 80 1.35
62 81 2.13
62 82 6.16
62 83 5.75
62 84 5.85
62 85 4.52
62 86 1.28
62 87 2.31
62 88 9.68
62 89 0.64
62 90 8.65
62 91 0.53
62 92 3.93
62 93 0.08
62 94 9.96
62 95 1.46
62 96 8.30
62 97 2.11
62 98 1.20
62 99 6.53
63 64 5.82
63 65 4.36
63 66 1.70
63 67 5.04
63 68 8.33
63 69 7.60
63 70 9.06
63 71 1.60
63 72 1.47
63 73 8.52
63 74 7.91
63 75 8.43
63 76 4.88
63 77 0.96
63 78 9.06
63 79 7.11
63 80 0.73
63 81 0.98
63 82 6.35
63 83 4.82
63 84 0.05
63 85 0.73
63 86 5.29
63 87 7.26
63 88 7.61
63 89 0.19
63 90 9.83
63 91 8.20
63 92 4.16
63 93 3.56
63 94 9.60
63 95 0.97
63 96 6.12
63 97 4.29
63 98 4.86
63 99 8.82
64 65 5.06
64 66 7.78
64 67 6.80
64 68 8.62
64 69 8.26
64 70 7.37
64 71 0.02
64 72 2.03
64 73 2.72
64 74 6.05
64 75 5.59
64 76 1.59
64 77 8.23
64 78 9.32
64 79 0.31
64 80 5.57
64 81 4.54
64 82 9.72
64 83 2.44
64 84 6.80
64 85 8.14
64 86 5.71
64 87 4.63
64 88 8.56
64 89 0.13
64 90 0.76
64 91 0.45
64 92 1.72
64 93 1.36
64 94 6.20
64 95 1.03
64 96 1.31
64 97 7.57
64 98 8.77
64 99 3.65
65 66 2.34
65 67 8.51
65 68 5.93
65 69 7.42
65 70 8.95
65 71 0.22
65 72 1.13
65 73 7.02
65 74 2.65
65 75 8.44
65 76 8.21
65 77 1.37
65 78 0.50
65 79 2.01
65 80 2.12
65 81 7.32
65 82 0.99
65 83 3.95
65 84 7.28
65 85 6.64
65 86 4.39
65 87 1.01
65 88 6.80
65 89 4.06
65 90 6.26
65 91 0.76
65 92 1.72
65 93 7.47
65 94 8.61
65 95 4.60
65 96 3.04
65 97 2.05
65 98 0.06
65 99 7.65
66 67 2.90
66 68 8.62
66 69 7.21
66 70 2.68
66 71 9.85
66 72 1.78
66 73 3.66
66 74 7.26
66 75 3.31
66 76 7.80
66 77 6.62
66 78 3.11
66 79 8.34
66 80 2.66
66 81 1.45
66 82 7.81
66 83 4.43
66 84 2.94
66 85 0.07
66 86 3.79
66 87 1.92
66 88 5.72
66 89 3.71
66 90 4.83
66 91 2.96
66 92 7.61
66 93 7.11
66 94 6.28
66 95 8.68
66 96 1.44
66 97 9.82
66 98 6.78
66 99 6.14
67 68 0.06
67 69 1.22
67 70 0.55
67 71 6.22
67 72 3.99
67 73 4.50
67 74 9.89
67 75 3.90
67 76 5.09
67 77 2.45
67 78 8.06
67 79 0.40
67 80 9.59
67 81 1.41
67 82 2.68
67 83 0.27
67 84 0.76
67 85 7.46
67 86 9.62
67 87 2.38
67 88 3.98
67 89 6.34
67 90 0.04
67 91 6.18
67 92 6.38
67 93 8.31
67 94 9.57
67 95 1.51
67 96 6.81
67 97 6.18
67 98 8.06
67 99 8.06
68 69 8.26
68 70 1.49
68 71 1.35
68 72 0.92
68 73 7.22
68 74 7.93
68 75 2.31
68 76 4.58
68 77 1.17
68 78 2.89
68 79 1.06
68 80 0.19
68 81 5.00
68 82 8.69
68 83 8.16
68 84 2.81
68 85 6.34
68 86 9.42
68 87 9.57
68 88 8.54
68 89 0.52
68 90 8.68
68 91 3.02
68 92 0.99
68 93 8.02
68 94 5.01
68 95 9.10
68 96 6.36
68 97 5.39
68 98 8.13
68 99 4.88
69 70 0.95
69 71 9.88
69 72 9.51
69 73 5.75
69 74 9.25
69 75 1.40
69 76 4.26
69 77 8.95
69 78 3.92
69 79 3.27
69 80 9.25
69 81 1.88
69 82 7.81
69 83 7.36
69 84 3.97
69 85 0.78
69 86 9.48
69 87 8.42
69 88 6.86
69 89 6.23
69 90 8.56
69 91 6.39
69 92 3.97
69 93 0.99
69 94 1.12
69 95 5.63
69 96 0.40
69 97 2.27
69 98 2.95
69 99 8.31
70 71 9.24
70 72 3.94
70 73 8.29
70 74 3.95
70 75 7.33
70 76 1.45
70 77 9.07
70 78 5.24
70 79 2.60
70 80 7.31
70 81 4.80
70 82 1.46
70 83 8.93
70 84 4.05
70 85 5.48
70 86 4.43
70 87 9.77
70 88 4.09
70 89 1.47
70 90 4.49
70 91 3.17
70 92 5.49
70 93 8.32
70 94 5.72
70 95 7.55
70 96 3.74
70 97 4.55
70 98 1.62
70 99 9.19
71 72 5.26
71 73 9.06
71 74 3.82
71 75 5.41
71 76 3.60
71 77 5.92
71 78 8.67
71 79 3.95
71 80 2.90
71 81 7.04
71 82 6.42
71 83 3.88
71 84 3.61
71 85 0.90
71 86 2.61
71 87 4.70
71 88 2.07
71 89 4.34
71 90 8.59
71 91 5.13
71 92 2.20
71 93 0.59
71 94 1.97
71 95 7.26
71 96 2.40
71 97 8.26
71 98 7.17
71 99 5.43
72 73 4.26
72 74 9.96
72 75 7.74
72 76 3.86
72 77 6.61
72 78 8.21
72 79 6.48
72 80 3.92
72 81 1.60
72 82 6.02
72 83 3.36
72 84 2.83
72 85 6.54
72 86 9.93
72 87 4.83
72 88 4.38
72 89 7.25
72 90 6.47
72 91 8.35
72 92 6.00
72 93 5.88
72 94 6.66
72 95 0.87
72 96 4.92
72 97 2.88
72 98 7.59
72 99 8.83
73 74 6.13
73 75 8.54
73 76 8.87
73 77 1.42
73 78 1.99
73 79 4.55
73 80 5.95
73 81 7.68
73 82 3.91
73 83 9.69
73 84 7.34
73 85 8.11
73 86 1.29
73 87 7.73
73 88 6.87
73 89 4.62
73 90 5.35
73 91 3.71
73 92 0.40
73 93 8.01
73 94 6.03
73 95 0.75
73 96 2.22
73 97 9.05
73 98 7.42
73 99 6.30
74 75 9.52
74 76 3.88
74 77 8.43
74 78 0.63
74 79 3.96
74 80 0.17
74 81 2.28
74 82 7.69
74 83 3.01
74 84 6.12
74 85 3.96
74 86 1.41
74 87 6.24
74 88 8.58
74 89 3.04
74 90 7.24
74 91 0.06
74 92 6.38
74 93 6.34
74 94 3.83
74 95 3.86
74 96 1.98
74 97 2.88
74 98 8.58
74 99 5.35
75 76 7.55
75 77 2.15
75 78 6.92
75 79 5.68
75 80 4.98
75 81 0.84
75 82 7.28
75 83 5.04
75 84 7.49
75 85 0.78
75 86 5.01
75 87 5.27
75 88 9.78
75 89 2.97
75 90 4.43
75 91 4.54
75 92 7.92
75 93 4.04
75 94 9.79
75 95 9.14
75 96 1.17
75 97 9.66
75 98 9.31
75 99 4.40
76 77 8.09
76 78 5.14
76 79 0.61
76 80 1.16
76 81 8.38
76 82 9.52
76 83 6.64
76 84 1.64
76 85 8.18
76 86 8.27
76 87 6.08
76 88 8.49
76 89 7.55
76 90 0.45
76 91 2.91
76 92 1.46
76 93 3.03
76 94 8.38
76 95 4.23
76 96 8.37
76 97 4.47
76 98 2.67
76 99 0.36
77 78 6.31
77 79 4.97
77 80 7.18
77 81 0.44
77 82 4.66
77 83 7.64
77 84 6.50
77 85 2.11
77 86 2.80
77 87 1.15
77 88 6.66
77 89 0.18
77 90 8.96
77 91 2.32
77 92 2.71
77 93 6.48
77 94 9.17
77 95 2.82
77 96 8.40
77 97 1.91
77 98 6.88
77 99 7.13
78 79 7.42
78 80 8.19
78 81 6.00
78 82 6.75
78 83 1.62
78 84 7.13
78 85 5.03
78 86 3.90
78 87 4.85
78 88 7.82
78 89 9.36
78 90 2.42
78 91 4.75
78 92 5.28
78 93 1.16
78 94 3.73
78 95 4.27
78 96 0.45
78 97 7.56
78 98 6.83
78 99 8.91
79 80 2.25
79 81 7.88
79 82 1.18
79 83 3.74
79 84 5.88
79 85 7.73
79 86 3.97
79 87 1.00
79 88 0.55
79 89 1.17
79 90 7.45
79 91 7.21
79 92 4.18
79 93 6.08
79 94 5.39
79 95 9.60
79 96 4.11
79 97 0.05
79 98 2.71
79 99 8.28
80 81 2.89
80 82 0.63
80 83 5.37
80 84 8.31
80 85 3.76
80 86 5.08
80 87 7.11
80 88 9.20
80 89 9.76
80 90 8.69
80 91 6.24
80 92 6.76
80 93 8.57
80 94 5.34
80 95 6.70
80 96 4.73
80 97 8.57
80 98 5.25
80 99 4.42
81 82 7.71
81 83 8.69
81 84 5.99
81 85 9.19
81 86 4.26
81 87 8.78
81 88 0.27
81 89 8.54
81 90 4.90
81 91 3.37
81 92 2.34
81 93 9.46
81 94 7.69
81 95 9.31
81 96 0.11
81 97 2.66
81 98 3.14
81 99 1.00
82 83 0.59
82 84 9.77
82 85 4.90
82 86 1.79
82 87 9.33
82 88 6.57
82 89 5.83
82 90 9.82
82 91 5.88
82 92 1.89
82 93 0.99
82 94 5.83
82 95 0.49
82 96 2.93
82 97 0.22
82 98 0.41
82 99 3.33
83 84 0.20
83 85 0.69
83 86 9.11
83 87 7.36
83 88 2.62
83 89 4.07
83 90 4.88
83 91 8.35
83 92 1.07
83 93 9.48
83 94 5.58
83 95 8.09
83 96 2.85
83 97 2.66
83 98 7.87
83 99 5.82
84 85 1.67
84 86 6.58
84 87 2.39
84 88 5.41
84 89 5.06
84 90 2.95
84 91 2.08
84 92 0.42
84 93 5.10
84 94 3.46
84 95 9.64
84 96 7.55
84 97 2.44
84 98 5.60
84 99 1.53
85 86 7.32
85 87 2.99
85 88 7.04
85 89 8.68
85 90 3.73
85 91 4.62
85 92 4.79
85 93 8.88
85 94 2.97
85 95 3.96
85 96 8.89
85 97 8.55
85 98 0.12
85 99 7.50
86 87 6.39
86 88 0.35
86 89 4.25
86 90 4.83
86 91 9.63
86 92 6.31
86 93 2.33
86 94 6.18
86 95 9.75
86 96 8.18
86 97 9.00
86 98 5.85
86 99 4.40
87 88 5.65
87 89 2.42
87 90 3.38
87 91 4.04
87 92 6.41
87 93 3.67
87 94 7.88
87 95 7.19
87 96 4.50
87 97 3.22
87 98 9.94
87 99 2.33
88 89 1.52
88 90 1.44
88 91 4.48
88 92 1.95
88 93 8.99
88 94 7.74
88 95 6.92
88 96 3.86
88 97 0.10
88 98 9.66
88 99 8.74
89 90 8.27
89 91 8.60
89 92 3.01
89 93 1.83
89 94 6.28
89 95 0.98
89 96 2.84
89 97 6.64
89 98 7.84
89 99 0.91
90 91 4.63
90 92 5.43
90 93 4.66
90 94 3.84
90 95 6.86
90 96 3.06
90 97 1.36
90 98 2.15
90 99 6.63
91 92 8.83
91 93 9.74
91 94 1.37
91 95 9.08
91 96 9.80
91 97 8.49
91 98 4.46
91 99 6.49
92 93 8.14
92 94 7.88
92 95 6.09
92 96 9.67
92 97 7.18
92 98 2.92
92 99 3.88
93 94 3.57
93 95 7.24
93 96 8.03
93 97 8.46
93 98 6.12
93 99 5.40
94 95 2.20
94 96 7.35
94 97 5.60
94 98 1.85
94 99 3.40
95 96 9.66
95 97 0.14
95 98 5.97
95 99 6.76
96 97 9.46
96 98 6.87
96 99 9.50
97 98 0.73
97 99 5.35
98 99 2.55
